0 2.03957374618925e-05
1 1.3660780085019202e-06
2 3.084400087256734e-08
3 5.556706789772765e-07
4 3.798888478493193e-08
5 5.472479580343314e-07
6 1.6313812613228075e-06
7 2.2521851407868205e-09
8 8.54948351067282e-18
9 2.6384220623155088e-24
10 7.081882301542024e-05
11 4.473031736893047e-15
12 2.646223237271134e-07
13 2.7230165920108945e-23
14 0.009885777108585698
15 1.6345275660509346e-05
16 1.5456132613069482e-07
17 0.00042913739268813056
18 1.2500238503171536e-08
19 7.661346127662676e-10
20 1.918978579843233e-06
21 5.895276638639967e-07
22 0.005850975231788562
23 2.8224519039186413e-06
24 9.123197724667144e-08
25 2.011509975012855e-07
26 3.1655800248201052e-18
27 3.674819989336131e-23
28 0.0007941781846930105
29 9.849616591481252e-10
30 7.242127738906579e-21
31 3.727677905632729e-06
32 1.339200494055526e-34
33 5.234716849972738e-06
34 5.84814437294208e-10
35 4.517010769368764e-09
36 2.9127337871631427e-05
37 1.1615346888019272e-19
38 1.0905694481379488e-06
39 0.0049468777933723
40 2.07783976019262e-18
41 1.2830371807426014e-22
42 5.816146070393743e-15
43 0.0004930492549546914
44 1.9501573881794312e-06
45 1.530283097137227e-08
46 6.247537007163756e-08
47 0.03756033831249155
48 2.9057766126229792e-06
49 1.3810306980975612e-12
50 6.927726666040976e-12
51 3.348347463027181e-08
52 8.383017331849054e-13
53 1.4689261994471234e-05
54 0.001906631704169276
55 3.2078963939051826e-07
56 0.0016132694726876
57 7.333660525964801e-19
58 5.415565905784781e-07
59 2.1041786619440783e-11
60 5.489648055673498e-07
61 2.421131327978193e-16
62 0.01683677612133463
63 8.317385359438279e-07
64 5.538702262027547e-05
65 1.1597114324757507e-12
66 2.572490225162214e-12
67 1.1444074231329022e-15
68 2.467269128436339e-06
69 4.405947993651733e-10
70 1.4774530535919513e-16
71 5.84697453360998e-06
72 1.4167688045276872e-26
73 6.793876756037656e-33
74 2.849796119024519e-14
75 1.3220499893125391e-17
76 3.530496125331744e-07
77 1.0686678635383136e-05
78 5.141596636792941e-06
79 0.005981919121861
80 8.885181194390614e-13
81 7.559263912463777e-18
82 6.493901444957665e-13
83 2.2566165691726084e-34
84 1.844852026732444e-15
85 7.699882820510114e-09
86 2.839065633888348e-09
87 0.0025264095028525906
88 1.5194146094090538e-06
89 0.0582789993575514
90 8.987132233158269e-14
91 5.994763313708348e-14
92 1.1831313999726391e-08
93 0.0133742855566392
94 1.5154625464781918e-24
95 7.265377798270469e-20
96 1.6807437247956511e-09
97 6.760782681055751e-07
98 0.0013727501708199585
99 0.0162534820048884
100 0.0005605281447477172
101 0.054837994618397286
102 1.6355457068876904e-07
103 0.0023931202104224528
104 8.629559277906554e-17
105 5.4412050467664494e-21
106 1.243829297317835e-10
107 0.026011779588368932
108 7.128989779375213e-20
109 5.074203172259216e-09
110 4.1431802046510133e-07
111 2.7023062995352575e-26
112 0.04603191319414027
113 1.7703081330468e-14
114 0.00019635504717616735
115 0.00011625006159055951
116 1.6226402150482742e-14
117 3.432126497661246e-15
118 3.211226435336295e-15
119 5.139329104467677e-09
120 0.00017875358244055962
121 1.5750189458971672e-16
122 4.344994237559504e-12
123 6.50606571492863e-09
124 1.9630419047923084e-12
125 2.829647673212047e-10
126 0.0010980769766628373
127 3.1493019848508896e-05
128 0.022428553230673647
129 0.0008551029573999968
130 2.1532697707306186e-07
131 2.667189521857038e-34
132 0.001615609198144415
133 8.690037707177084e-06
134 1.0805270608921115e-18
135 5.2042926645577165e-28
136 5.890744610556023e-13
137 2.5558271591678547e-17
138 2.824427429350047e-17
139 0.0055223778414770445
140 0.01224740136677014
141 8.622577683041737e-08
142 9.674557933510645e-05
143 6.144921054430655e-13
144 2.1823239886739105e-06
145 8.162926810769132e-08
146 0.024358729004444083
147 8.321569440708483e-06
148 3.926415394810787e-13
149 1.779113219217192e-07
150 3.7058890663730043e-07
151 3.3019652985551825e-07
152 0.025188515659509643
153 3.0362644079107643e-19
154 2.142522028931008e-06
155 0.012423306013125785
156 1.485170394861431e-05
157 8.316704005819086e-09
158 0.0013523882303663871
159 0.08640415332290849
160 0.039539706557702836
161 5.3560401107686757e-14
162 1.0475641458291e-26
163 0.02617134324033671
164 2.644114283435874e-05
165 0.00019443392498159237
166 3.157383390035689e-09
167 4.407580391632703e-08
168 1.6306995646795982e-15
169 4.781084254614851e-09
170 0.0009880071393118227
171 2.6967081449765837e-18
172 2.1700055481390987e-06
173 0.00037642883431030557
174 0.035503682131736464
175 0.0021835493921599065
176 5.389366643013373e-10
177 0.03746201823581493
178 1.2602812891669175e-16
179 2.1157025029867675e-10
180 0.03985171742274934
181 1.8472844535950144e-23
182 5.543274850881647e-05
183 1.686200311373135e-06
184 7.104127395025574e-08
185 0.007966323798560779
186 3.183259629907573e-09
187 4.1368965086845795e-08
188 0.0010947379640223194
189 0.023800243022976213
190 4.596780584943466e-06
191 0.018390724118311868
192 0.001153355612557727
193 2.120405026747847e-24
194 1.4559308963143497e-17
195 0.0001038219677723888
196 3.935322636240107e-05
197 6.074689616428182e-08
198 2.5652330328850168e-05
199 1.4522481978318125e-15
200 6.399563900976262e-08
201 1.1631599578950859e-07
202 1.8319439773715717e-06
203 5.051904505748799e-14
204 2.0711836248680004e-20
205 8.674863767933757e-06
206 9.973168989172027e-06
207 4.2755214833035645e-07
208 3.747433252697147e-05
209 0.012951269529592422
210 1.3805608792122848e-13
211 0.005576271708657648
212 2.0805396181181744e-08
213 3.17261648704105e-12
214 0.05218221854733205
215 4.72637682283121e-06
216 2.7208817985690235e-19
217 5.515961364367611e-06
218 1.5449860029721864e-08
219 0.02084798744809165
220 1.0039362456393503e-09
221 3.197601937681963e-14
222 0.008262998928525589
223 3.28949010575909e-17
224 9.399426441465764e-19
225 0.01918768906423556
226 0.05608464056051993
227 1.8235826105412613e-22
228 3.4422379892258664e-08
229 7.628239234358407e-15
230 9.658573074993419e-18
231 8.230530384690353e-18
232 0.07043411726421085
233 9.525949843726165e-08
234 2.574196987896791e-14
235 8.95143443465864e-26
236 0.057554521732810636
237 1.800276229721885e-19
238 1.389327662120612e-06
239 2.0191898702653624e-20
240 0.008083821312573257
241 4.0490211015878084e-05
242 3.5137239676927864e-19
243 8.350023537916455e-08
244 4.756370510969878e-06
245 7.894569904564262e-15
246 1.5511564120108744e-21
247 0.008000095328923977
248 9.34257831339287e-34
249 0.19080020119014668
250 1.1152849212667201e-08
251 4.795427356540565e-32
252 0.02266935065363555
253 0.006650096470231212
254 7.983886779582872e-20
255 0.000521052242091169
256 1.764257393989857e-13
257 2.818805393495976e-28
258 1.1067235395016877e-14
259 9.553510498241525e-22
260 3.733001914552074e-07
261 3.799133677494647e-13
262 0.00607566572806153
263 0.03979583562136235
264 0.001635762470593197
265 0.03456778956717773
266 2.0098168786206467e-10
267 0.0017465273811646106
268 0.002754741188977423
269 0.01407745402946136
270 0.0005152902867037699
271 0.03035381358977565
272 0.02974034342579555
273 1.828961684884382e-11
274 0.7713664577873398
275 4.192322746432202e-14
276 0.07586461564120817
277 0.061852510458418615
278 6.159454773340237e-17
279 1.4309733701558113e-20
280 2.276698179743237e-09
281 0.0001141841387300796
282 3.119527428553223e-05
283 1.566631412039238e-27
284 0.001259465659193748
285 0.10125773801485169
286 0.11319573359128568
287 4.043692734834316e-09
288 8.478341005413726e-23
289 0.00013753628120127364
290 0.020579527103478646
291 0.00014068077831663606
292 0.06915446614164837
293 6.864696003377605e-09
294 7.033733871841983e-22
295 2.6133373357675635e-06
296 0.039840742564427815
297 0.00027413526214471637
298 0.00268529110896426
299 0.09577813233883412
300 0.0055621915822654765
301 0.0035775003878478306
302 2.7247879414109966e-05
303 1.1023534695583634e-16
304 1.609867096391563e-08
305 0.024607647185814537
306 1.58826705466689e-07
307 4.2074398589370494e-07
308 0.007306769870968314
309 0.7107279114962788
310 0.5277048139178955
311 0.08327017306472295
312 0.6015301801649903
313 1.1659634491995643e-07
314 5.232183541117177e-07
315 3.342472937453954e-08
316 0.6331513321752875
317 0.003959515522561275
318 0.05455048639859159
319 2.1995010857173935e-17
320 1.9014144043318443e-08
321 0.4737709473878891
322 0.01477162324392398
323 0.32225662941534144
324 6.292198808436487e-05
325 0.42675330951941903
326 0.03372179494127529
327 0.40680919680138755
328 1.4783747029685605e-05
329 0.3724980475656818
330 0.299554296454122
331 6.27488922735726e-05
332 0.0749625249681227
333 0.023190169844221117
334 0.22039599714419333
335 0.05270854686319963
336 0.15525923758739626
337 0.2637591369498534
338 0.2225420847876603
339 0.14988808591817998
340 0.27529759115103325
341 0.02978462751504238
342 2.1536290457486856e-09
343 0.17772121314554287
344 7.770015231786686e-15
345 0.22196555104382026
346 0.23456484947254427
347 0.020925595694841613
348 0.26359468179135204
349 0.2095929938576033
350 0.010636924899791829
351 1.2494151053897219e-14
352 0.00316918587745601
353 0.005311285552033812
354 0.14550977120574227
355 0.1809954560644676
356 0.02925621660744211
357 0.23750155106729826
358 0.013227780020155316
359 6.097774495640033e-25
360 3.418527961950593e-14
361 0.08154803972010947
362 9.74178290566356e-06
363 0.014137012354369928
364 6.725929434307018e-08
365 4.1380707959951723e-07
366 1.800970499554414e-14
367 0.0070336958823216875
368 4.576878171911731e-05
369 0.19588480200588682
370 0.01525054958955368
371 0.0022981613503964458
372 0.014509849230613613
373 4.567527994118854e-07
374 0.005481289147105669
375 0.10917065568330335
376 1.8090666313296223e-05
377 3.836551248533189e-13
378 0.0008716292177054027
379 0.1526480779788936
380 0.10766747974861812
381 0.0030648967730371253
382 9.381826360239309e-08
383 0.00553559602865244
384 0.01566965546919156
385 5.9389243227961134e-15
386 0.059912239951621024
387 1.5146083067712968e-05
388 3.139012359702354e-05
389 8.293049548919196e-07
390 0.021870426945201655
391 0.46054138204051553
392 0.006479435078533642
393 0.3507678338896174
394 0.024621161114799336
395 0.05569024897917918
396 0.03831516655243536
397 1.3936934059271458e-08
398 0.5474226187573854
399 0.00014411269863876035
400 3.094024960349568e-05
401 0.46467729942563984
402 1.0241685696156739e-13
403 0.0004185491329418387
404 0.013823777606763885
405 0.0001013115994453927
406 0.020720357536422866
407 0.6992569958979062
408 0.00013300959677751425
409 0.0065549299623823346
410 4.7314222632375115e-05
411 1.2069476672379914e-13
412 5.025556630671648e-21
413 0.013112314806766799
414 3.822446356611998e-20
415 1.3388792878987644e-21
416 0.017055717763047745
417 0.008942192193491972
418 1.4835500413046925e-05
419 0.014465121787695804
420 0.008005608034520351
421 0.02619574310861672
422 0.0948164023606681
423 4.433676659540522e-14
424 0.004332352199185292
425 1.33812207182956e-23
426 0.009645464689724407
427 0.007485989157860289
428 0.015025871519303126
429 3.3503647270097583e-13
430 0.022950283138873297
431 9.541866394992041e-15
432 0.002193759275680418
433 5.648585963214551e-06
434 1.1889208008495843e-11
435 1.136122862234746e-06
436 0.04036260594686669
437 0.0015688837374643802
438 0.0029156928774430146
439 0.009884574304296378
440 0.02005336315724235
441 2.093073665201808e-05
442 0.008051104261364305
443 1.080801431272835e-08
444 4.284593488632437e-15
445 0.007456798961557537
446 2.342300129935998e-08
447 0.015430624095019774
448 8.751536112485185e-14
449 0.005817100702619546
450 0.000948552591132416
451 8.468051406520806e-15
452 3.0081660180781215e-13
453 1.7457870009002746e-05
454 1.2431193938066889e-27
455 1.4334028137593957e-05
456 0.0009156733928084674
457 8.43718775392542e-10
458 0.022034902874273038
459 5.592288207525116e-07
460 1.4404789763745967e-11
461 0.0005627375591998097
462 2.6725135137959637e-12
463 3.1357489146139026e-08
464 0.011692286873816186
465 0.0010435989726371253
466 0.06379363378294627
467 2.4244282223624e-07
468 0.008232587611125814
469 3.1200360580103664e-20
470 0.010487424910011848
471 0.0008599513414634997
472 0.01800695493084863
473 1.254231494323281e-07
474 4.4162192599204165e-26
475 2.333990143434842e-09
476 0.00019485537883520855
477 0.0001397397929135691
478 1.1964468928247262e-05
479 0.028013807537764907
480 0.1675452023243617
481 0.12351813550392708
482 0.0008332015955126858
483 8.627037060451307e-06
484 0.006506954834183458
485 0.35611783412454806
486 0.04332343263850522
487 0.31374665211940694
488 3.0615104089868325e-11
489 0.00015757252274504777
490 7.97137561500548e-06
491 5.808146354567538e-06
492 0.004460023398280649
493 8.863262202468741e-06
494 0.26568385811806966
495 1.740240861761351e-12
496 0.00030047834949799876
497 3.947207115137327e-05
498 8.927830524013943e-09
499 0.010697072153672747
500 5.043265656279718e-06
501 0.010449876871279884
502 1.1336469846553636e-05
503 0.09958974580008025
504 0.07153548078973611
505 0.048983663601174586
506 0.00799932597087677
507 1.0496801344040971e-09
508 3.0980640497122035e-06
509 2.476856342483471e-07
510 2.709533076518549e-25
511 0.002739060070080889
512 0.00011620988556542404
513 0.005278104872157618
514 1.5498884847921478e-12
515 0.0060126230807705915
516 6.777983152969562e-05
517 1.7027427057128342e-13
518 0.0002935078231881602
519 3.8468398535166086e-06
520 9.65089098794676e-07
521 5.54230514092364e-07
522 2.5864300013693082e-11
523 0.0048274777308745815
524 3.3753223680084245e-06
525 5.124457781927217e-19
526 3.082986642846481e-05
527 8.32503259285535e-05
528 6.975875888981923e-14
529 0.0002804496662821064
530 1.2996130520440975e-06
531 1.1955968327619914e-05
532 1.423258713818645e-07
533 0.013071373677265548
534 4.4303553639419784e-09
535 0.012300095701768706
536 0.00931410251402858
537 5.865273606610211e-10
538 2.1840999879231968e-07
539 3.4687999353498296e-07
540 9.4177760377068e-19
541 1.7676777843764275e-28
542 0.00024247122961610214
543 0.0008490664773227397
544 0.6613633172009389
545 0.0005057416973310581
546 7.138844858699489e-06
547 2.444100747602552e-08
548 0.005250726714155396
549 0.003653949984984201
550 0.20595211036647415
551 1.6814373466084382e-10
552 1.1775743488535082e-20
553 0.0007215138335714092
554 0.026711294288964748
555 7.361819680321201e-07
556 0.19906588373770287
557 0.0024402784752463273
558 0.34075239245704814
559 0.00014604151388548077
560 0.0015991668449234586
561 0.0031238860735815005
562 0.0009182380082939589
563 1.611961276745289e-10
564 6.682522832593047e-10
565 4.1754421667333924e-05
566 4.944628249262612e-10
567 1.259718653210249e-10
568 6.6025762506169885e-21
569 4.8268351200610385e-06
570 0.3493195885708422
571 2.033547115256344e-13
572 0.00019081012500373357
573 2.113835617826577e-06
574 9.142164195754978e-27
575 0.0004858863909095624
576 4.3304031012078295e-12
577 5.2583929556284555e-06
578 1.1080069085199439e-05
579 9.420186552307955e-06
580 4.7302601674062964e-05
581 7.061266714947126e-11
582 1.5015346911269007e-07
583 0.0005406604683403224
584 0.00046948441678010505
585 1.488101297564541e-15
586 0.35902889542081606
587 9.425051482716135e-31
588 8.13094897851241e-06
589 2.6387231603960412e-11
590 0.20418593752939554
591 7.215173503965552e-06
592 2.1743826910411938e-05
593 5.4605332057138255e-09
594 3.0725453995463303e-07
595 3.5148670691691613e-06
596 4.2695353858730595e-32
597 2.276696580424734e-11
598 9.869117902231441e-13
599 3.627330171045063e-28
600 7.98111554996408e-07
601 0.0008254438380388813
602 1.777898860813088e-10
603 4.5750298665035646e-10
604 4.232280950802316e-05
605 0.001333958076867142
606 0.0020654122023559757
607 1.5071850441192505e-07
608 0.0007909192384756308
609 3.648900855811219e-05
610 3.232869566444005e-08
611 0.003336192731568779
612 0.00037518891477340485
613 1.328897239518145e-09
614 6.778171345879542e-15
615 1.1273258170927636e-06
616 4.320255515842437e-06
617 0.0034612677739603312
618 7.718617081344973e-05
619 0.005372700276524046
620 1.29768321451752e-06
621 1.4172570953441204e-18
622 1.9055277985710558e-05
623 0.28521395727102805
624 1.8913796166061654e-15
625 0.3536489303739837
626 0.3539725499514874
627 0.00030067843468717744
628 0.0003983210789928817
629 1.160012481183323e-14
630 0.012359727636633662
631 1.7168199485896066e-15
632 2.0908199168970975e-06
633 0.5214974753464147
634 8.96738159494229e-17
635 2.3469409523035802e-24
636 0.00018566240486258588
637 8.806945782075899e-24
638 1.3602812038587532e-05
639 3.22279112657677e-14
640 0.0017293517840558782
641 0.5598687342025175
642 0.000696770324914708
643 1.1168772158423476e-05
644 3.4182663264082394e-06
645 4.696079541169323e-12
646 0.00016733000549028334
647 0.0001069797776204115
648 0.5717548650510992
649 3.954765265038144e-12
650 2.112693843836029e-09
651 0.5948943474184042
652 0.20781124176498778
653 2.9219339291815996e-13
654 2.5036105477323763e-20
655 8.293938017205158e-28
656 0.0003327998202908175
657 3.501937923091133e-11
658 8.985695341730906e-15
659 1.5959055199523268e-16
660 1.4225544543048934e-09
661 5.035627147309711e-28
662 6.1043146515819124e-09
663 0.7252349581406833
664 3.3618078322092403e-10
665 4.915774910636308e-08
666 0.004926387670445768
667 3.1223216238479446e-07
668 9.814085168031135e-07
669 0.014369411750238502
670 0.021660487411536346
671 0.010272542636275065
672 1.9001381325643253e-11
673 7.843499993559565e-22
674 1.0433905406757624e-05
675 0.000897319170393005
676 0.02275702107442926
677 0.0006813251123432056
678 0.0007209747521886241
679 0.05494024321127569
680 0.000522437995475693
681 0.00017452896783432169
682 2.772129802267942e-22
683 0.018732864773112243
684 3.4619000975703427e-10
685 4.810854485236008e-14
686 3.1982354112646245e-06
687 7.784385751978027e-07
688 1.918353893872741e-15
689 0.09612209000398812
690 7.899354286999123e-06
691 0.0004524885923678771
692 1.2400847310269766e-15
693 1.7151962562010637e-07
694 5.462097144138516e-19
695 6.613738553022836e-07
696 4.886644976914734e-06
697 1.8274533392884168e-16
698 0.5930279579605975
699 0.000658965189439907
700 7.92650560226895e-06
701 0.0002236788890601634
702 3.0692237660680627e-06
703 2.7721535752427547e-06
704 3.94182846058642e-10
705 0.0003277470273407285
706 7.272991063403517e-10
707 0.0004449648348952214
708 2.816253288560647e-18
709 3.098243644020331e-19
710 3.1722215303677e-10
711 5.066116926536721e-05
712 0.11753485593278794
713 0.0008881841697622693
714 6.738990811430052e-13
715 1.3949419539120695e-16
716 0.13167819517554233
717 2.787349501817651e-08
718 2.09461604696437e-11
719 0.001090234637806707
720 1.5010028539158798e-06
721 0.00029938155663525973
722 4.1591828690457106e-07
723 0.33446733112160276
724 2.7750947733480034e-06
725 1.2780557330556458e-17
726 4.0855227172243093e-07
727 2.3614800255153273e-10
728 2.99421860795706e-16
729 0.06488430765523648
730 0.05182254891167491
731 3.889491434297734e-10
732 0.0006239610569093768
733 2.900395333703083e-17
734 1.174506559206422e-25
735 2.0841956632851642e-10
736 0.14003033026392386
737 0.007521822149357769
738 1.9248381351338172e-16
739 6.58466969934489e-17
740 0.0003759719039023257
741 2.1547471239568343e-17
742 1.7457969094460714e-16
743 4.367696237517906e-07
744 0.005804387021108527
745 1.2801142482850674e-18
746 0.14081914758081798
747 4.861650286288265e-10
748 4.055143194580435e-12
749 0.5441462347237473
750 0.05190724343720698
751 1.8122403791434595e-06
752 0.0004831389002548487
753 0.00039167579867797767
754 1.665245918675251e-16
755 0.00027555512904452054
756 8.850845285312285e-05
757 8.144103508728613e-10
758 1.5888873059928495e-16
759 1.1899987072229173e-05
760 0.4568214141612599
761 0.05889910083953316
762 3.515255226587113e-18
763 1.9242337782790592e-05
764 0.03427623159833351
765 9.572036582130293e-09
766 0.0003141808512031865
767 5.466511537597594e-26
768 4.683745904900804e-16
769 0.0005030855448159229
770 6.895981133642251e-10
771 3.796125980534372e-05
772 1.2603148371475348e-08
773 0.003539962739867196
774 1.8961767679810136e-15
775 0.0004907369806644086
776 0.0003669069780836082
777 7.767699073776745e-07
778 0.29365782513497707
779 1.7820143898562163e-05
780 5.376213915864199e-06
781 5.9422728812315305e-09
782 8.377725202561374e-19
783 2.0062531856731246e-09
784 4.130887736288054e-11
785 5.4321276475674586e-05
786 2.9787515952333123e-24
787 1.6652692079115579e-15
788 5.620284897981196e-05
789 0.0377309019573978
790 0.007038018296523914
791 0.004960110562531132
792 7.028487832579347e-13
793 7.212070101812478e-06
794 6.29952603289666e-17
795 3.0231708821592275e-06
796 0.00491812396816058
797 1.0655134216076822e-15
798 4.834713358214619e-14
799 0.11252235832586328
800 1.471451352734635e-06
801 9.901950957083145e-05
802 3.912629238762398e-16
803 0.00028919865654281724
804 1.7320489785386008e-12
805 7.598444289949686e-18
806 2.4082801994674815e-15
807 1.4948340869189414e-15
808 0.0837933077593191
809 0.00014601836961906226
810 1.5192104206748283e-05
811 7.235915816760168e-08
812 6.110477852671411e-14
813 6.05777655240831e-11
814 1.0738558582164477e-10
815 1.0291164618801219e-15
816 0.8127984949862892
817 1.299521698930965e-21
818 3.7948742080610625e-06
819 5.2549062950544744e-08
820 0.02920048739402366
821 1.4323553482289962e-08
822 0.0002055271419907132
823 7.84364464947567e-24
824 0.03552396793015248
825 0.7530294867802474
826 2.000000714376175e-11
827 3.3336412321492325e-18
828 2.6559580776525695e-10
829 6.993831935872751e-11
830 0.005794835590457273
831 0.10648136793885768
832 0.00582610146438229
833 0.7835773884954991
834 0.045364705024965715
835 0.7185406921613147
836 2.105135536194135e-11
837 0.4040066320623405
838 1.8960862529188692e-07
839 0.16109964290604806
840 0.2174714618007549
841 0.0005260090771355638
842 0.0004446465293581845
843 0.07295636589639842
844 0.0008946975023707536
845 0.13817087916327808
846 0.00016881389211753525
847 0.2765576107667952
848 3.419304242077627e-20
849 4.351895721059982e-12
850 0.0039659714386192455
851 0.001791149347823796
852 7.526051605336884e-07
853 0.0563097553348542
854 1.2274467855075906e-15
855 7.752796085404761e-16
856 0.30020711502414793
857 1.9616521194282383e-23
858 9.63163469882919e-27
859 0.08158538576679152
860 2.830404069321508e-09
861 1.2403162781795595e-10
862 2.433385732685779e-08
863 2.647791405824874e-06
864 0.7486222116319701
865 0.9014604536607809
866 1.0568242334771553e-09
867 4.50352839459083e-06
868 0.0033853883050928746
869 2.561927030501436e-08
870 3.021262810913553e-08
871 0.012785662612167242
872 1.7842831841060765e-08
873 2.9831135826944758e-09
874 4.526423265312426e-06
875 8.001393841742837e-12
876 0.11093956425951676
877 1.4086317648935644e-07
878 0.00019328792186368047
879 3.910893030536511e-07
880 0.19697659012241928
881 0.10632622226215638
882 1.9462534322831617e-08
883 1.3085624095371823e-05
884 1.2711888302893742e-09
885 7.722281920320754e-09
886 0.8630321178254327
887 0.00016170746239881138
888 1.2335704230808043e-15
889 1.0934931680957566e-08
890 0.01831928021401987
891 1.2491766993117977e-10
892 0.005932947580441349
893 1.4644444348659124e-06
894 1.6111086728922854e-08
895 2.4586030269877607e-08
896 9.584066716932769e-09
897 0.9387696028203117
898 8.05324335448239e-11
899 0.003360318145266965
900 4.019843735519377e-09
901 2.7319036535330705e-11
902 0.7214987512500296
903 0.0005965130680945104
904 1.9626220829524584e-09
905 0.0002622710381744799
906 4.504634127292721e-05
907 1.162953745179171e-30
908 0.001674178902860641
909 8.825094602900202e-07
910 0.003939392195116886
911 5.032034314912464e-06
912 7.856029944068135e-14
913 1.4457322873411282e-21
914 7.902405693849675e-10
915 0.0031202573958147733
916 1.304740147789133e-10
917 2.4494998877200027e-08
918 2.701848284039112e-08
919 6.143169285167695e-16
920 0.3015642238482389
921 1.8175686135426055e-07
922 2.9562858108934254e-07
923 6.010394575264869e-07
924 2.6091545839263945e-06
925 6.6852280021146935e-19
926 3.9979584740332515e-19
927 3.165109890174519e-08
928 4.8222606570629476e-06
929 1.8502243685690484e-06
930 0.004137325903251223
931 0.0002396280907112154
932 5.886646231599384e-07
933 1.2684184269504472e-07
934 0.14222554868663528
935 3.290569067111194e-07
936 7.579760001744055e-07
937 3.055874293637867e-06
938 3.1822012447259984e-16
939 5.709309014593679e-13
940 0.5734853124559316
941 0.02609821047063591
942 0.0901077197529985
943 1.280068114249435e-06
944 0.0002593425773422708
945 2.203138572766406e-06
946 0.48473190061738375
947 2.0850915679582077e-07
948 8.745406645322502e-07
949 1.4418817025693006e-06
950 2.0242966021356803e-06
951 0.23680036472563903
952 4.507757487990725e-08
953 0.1134890774748738
954 2.9160360039732967e-06
955 0.10121923686283563
956 3.371873741821393e-10
957 0.00038277185161484983
958 0.0015133440458658914
959 0.06304086048483688
960 5.300511975033867e-07
961 2.899849750892023e-05
962 0.3243553757735838
963 0.002120007014699325
964 5.6837399301925505e-25
965 0.022750395242380223
966 0.29691700289970263
967 1.407205488014671e-11
968 5.716955891840083e-18
969 0.0010459226644252639
970 0.00028768234500009917
971 4.374116630492762e-09
972 1.060189742222108e-06
973 0.00010126385426375369
974 0.00018090980690375582
975 0.06374325795235612
976 9.02005143623437e-06
977 2.542938193170308e-05
978 1.789851014933493e-07
979 0.002824900666625451
980 6.144824810729231e-16
981 0.00012730284468765186
982 8.804717322721864e-05
983 1.7870996862284183e-19
984 4.3212519226917815e-07
985 0.07797552963990025
986 0.005151320974706271
987 0.0004142362349661305
988 1.8780580192523024e-17
989 0.007769557924006459
990 3.0733937975428397e-12
991 0.00030080382853924306
992 0.0002665173745784509
993 5.0507382726551975e-06
994 1.0544018039932913e-10
995 0.07453752963004474
996 9.452416973268127e-05
997 1.5764971788962522e-07
998 0.4905506962199718
999 0.1184698449370622
1000 0.14695761618369485
1001 0.00026707823151768796
1002 9.885827030748343e-08
1003 0.0001828752886950177
1004 0.005383100026637547
1005 8.180325255220052e-08
1006 2.3047247335776715e-07
1007 5.121086445674278e-10
1008 1.6009676101142345e-05
1009 0.0026789628860736806
1010 0.00022077592713830356
1011 2.3526332433769923e-14
1012 7.576619876567625e-11
1013 1.2036324211710535e-05
1014 1.6162932298718964e-07
1015 2.7187186152638296e-05
1016 1.6721894643556757e-18
1017 1.0365270420043324e-06
1018 1.3507062611277677e-07
1019 0.0012029697989589313
1020 0.019189370369348573
1021 0.00010507472381827455
1022 5.255620110129945e-05
1023 0.07525187343487647
1024 0.0013055792144046508
1025 1.8033243469334737e-08
1026 0.002117991274343082
1027 0.0033302937403259514
1028 0.07059881440479437
1029 0.003703596091187828
1030 0.00018533328227204939
1031 0.182481052602214
1032 0.018934810869656135
1033 0.002206180755276577
1034 0.00016132886208493545
1035 0.004193333483356307
1036 0.0035802932498696935
1037 0.003041296918368998
1038 9.398475951604867e-05
1039 0.6121057520484287
1040 4.5847468795170906e-06
1041 3.6746599544731464e-05
1042 5.1802695840881914e-09
1043 2.0526974967585164e-05
1044 2.6520289865031214e-18
1045 5.33722731077688e-15
1046 6.099184901042198e-07
1047 0.1292275093169241
1048 0.0014391859685893341
1049 0.0025726432231355807
1050 0.00049551602288934
1051 6.315772938512435e-09
1052 0.0918744379091084
1053 0.03683458554964038
1054 0.06395642317630486
1055 0.000777334124783742
1056 4.3436176013324925e-07
1057 5.2177107121832933e-08
1058 0.043778023873884984
1059 0.4807099002395068
1060 0.011230790714200325
1061 1.3579942116091417e-06
1062 8.529640712127632e-08
1063 2.6878480741434477e-07
1064 6.8315867488865134e-18
1065 0.01885204487223717
1066 2.144186695005117e-18
1067 0.07986405258879894
1068 4.942043099014246e-07
1069 0.0028922916566461432
1070 4.248303685947724e-15
1071 6.90880229779202e-08
1072 7.089460768232547e-06
1073 0.003216510421999848
1074 3.3917516000674925e-06
1075 8.129600911029664e-15
1076 0.0032355382666954444
1077 0.0008908265023057216
1078 3.158223897019566e-16
1079 0.029477972841476716
1080 0.00514714301418638
1081 0.0642672735033559
1082 0.0001667078757840537
1083 0.0023513970803216286
1084 0.04282727440195739
1085 0.13055313775610977
1086 0.09372065941703066
1087 1.7145293882458627e-16
1088 0.006344024998525462
1089 1.1454072640004737e-06
1090 0.0790320908199289
1091 0.12385243988374632
1092 0.17657693791401616
1093 2.690667956351204e-08
1094 0.0006460005893545351
1095 0.00950183433042959
1096 0.025183274735904686
1097 2.7181334077882574e-06
1098 0.016299239609274565
1099 7.193335451259661e-05
1100 8.944716527500751e-11
1101 0.006319826297823209
1102 0.7620407975057786
1103 0.0010024701807343273
1104 0.00031646792302603594
1105 6.945803834062188e-17
1106 1.9819675669203044e-06
1107 0.8251946769007729
1108 0.0006485814928635837
1109 1.8476171823739134e-09
1110 0.3021071687742549
1111 1.4275078835485344e-10
1112 3.9751674933889067e-10
1113 0.10725910001963775
1114 0.10049582880280696
1115 6.524855411673332e-05
1116 0.025162816643318764
1117 1.8623671380483971e-09
1118 2.2428090244851993e-15
1119 0.0038149278515568767
1120 0.000692496771718694
1121 3.3317838232927466e-05
1122 3.428719056420944e-07
1123 0.0032627710647032517
1124 1.3885283552277719e-05
1125 0.7751972635322278
1126 3.8540816171229126e-05
1127 0.12495948690186866
1128 1.638440833311766e-15
1129 4.1518025062190236e-11
1130 0.8346009135003927
1131 2.502484380887223e-15
1132 0.08457588463731003
1133 0.09761793804371831
1134 3.4720792133602827e-15
1135 0.00015276211685779118
1136 0.001194947674987187
1137 1.61139383299174e-09
1138 0.026056417564883888
1139 7.104679343101039e-11
1140 3.158471567849907e-07
1141 1.0964255417375348e-10
1142 9.204975311892945e-13
1143 0.03982203041714337
1144 0.00030515826538485285
1145 2.0874316644101893e-07
1146 0.016124726975547066
1147 0.09324353965215307
1148 1.99385116696126e-07
1149 0.08557275806852432
1150 0.08545164225793198
1151 5.546713576642735e-05
1152 2.3723161197476522e-08
1153 0.0017208708765288326
1154 4.376967272163529e-06
1155 0.05439241810055289
1156 0.0024411108573497518
1157 0.41785518645450315
1158 0.0012814548633698394
1159 9.990254119341296e-07
1160 1.638661239397694e-16
1161 0.038742863891682064
1162 4.620537017537429e-11
1163 0.07490475325167781
1164 0.12504449039984175
1165 0.053696030722881406
1166 0.4744435765456814
1167 0.0019246213124971007
1168 5.66260246650893e-06
1169 4.172348713877154e-07
1170 0.6240107402435019
1171 0.15176449737722805
1172 0.6214798295690296
1173 0.035029123053774175
1174 9.356962881107118e-11
1175 0.10276061467894357
1176 0.16835051755202066
1177 1.7990964697811657e-05
1178 2.9113434313740117e-05
1179 0.0028128471720100935
1180 0.0023868948029129437
1181 0.018120246677766787
1182 0.07072750765582525
1183 0.2896264869379365
1184 8.123901531042972e-07
1185 0.7794310619269078
1186 0.006301631568375555
1187 0.0032452344122565653
1188 0.0010150234567141165
1189 0.093702312397314
1190 0.04060479668555218
1191 0.0030648322270562913
1192 0.18768445301240988
1193 0.855283478617474
1194 4.2204453293590995e-05
1195 5.717686918610075e-14
1196 0.8982897410205187
1197 2.6163893757554247e-15
1198 1.201574932677174e-07
1199 1.6378197826535338e-10
1200 0.00013259693196760694
1201 0.08081465502810338
1202 0.0003077931900466807
1203 7.334877961403898e-16
1204 2.2879566966564067e-10
1205 0.009423355707610482
1206 5.8742272784577845e-05
1207 8.966591400157503e-05
1208 6.377433311819439e-09
1209 5.410862771369116e-11
1210 0.15038250461896488
1211 0.005451619615589073
1212 0.1169791868145953
1213 0.0010888091257784428
1214 5.397292200450798e-19
1215 0.00010517007747534343
1216 3.088535505223262e-06
1217 1.3997511510642496e-11
1218 3.023519118772596e-08
1219 1.0733029582764531e-08
1220 0.181553819032635
1221 0.1711837258799614
1222 0.027317772894244596
1223 0.2489991924235484
1224 1.3063000022954503e-07
1225 0.14473586004547961
1226 0.029111397910404246
1227 0.038772409029728616
1228 0.0015627095183642005
1229 1.227955103843649e-15
1230 0.000579137429181212
1231 0.0016817303867631913
1232 0.07868696521687818
1233 0.07621738528749253
1234 1.2582189834718774e-09
1235 0.46026167101395055
1236 4.049462534463407e-12
1237 0.0016798850975553784
1238 0.013198294230004
1239 0.43723921735076665
1240 4.113942535529241e-18
1241 4.643882832414265e-08
1242 0.00047977083298307935
1243 4.800184886910786e-08
1244 0.00046127718480625283
1245 0.0037639237572028366
1246 0.00023208373752570723
1247 1.9668906149534378e-12
1248 2.0908261305817364e-06
1249 0.060012435079126264
1250 0.9246169077620336
1251 0.08946280133338422
1252 0.5177472092731182
1253 0.05179792092191032
1254 0.8762767041959915
1255 0.00028389086878838213
1256 0.00017863451602982182
1257 4.3254187247117374e-10
1258 1.5920117099385595e-15
1259 0.11608855115106112
1260 5.214256752864671e-09
1261 0.0185797816896987
1262 0.41120342274659666
1263 3.0274240786955675e-09
1264 0.08773127175786329
1265 0.01131702620671973
1266 0.0006808911863277674
1267 0.004954825979275368
1268 0.15161151890686803
1269 0.0002570732514180922
1270 6.120368915319006e-05
1271 1.8165285252366248e-09
1272 0.1539577734647678
1273 2.912989306894317e-14
1274 0.7690645882375035
1275 0.6760408044649109
1276 1.129862336937998e-09
1277 0.000164760592544268
1278 0.6604834018549643
1279 0.10018875182785814
1280 8.710176955326118e-07
1281 3.140969166670918e-05
1282 0.9599621366348434
1283 1.1606349262104637e-05
1284 0.001071981635455513
1285 0.2096249280561156
1286 5.716553884540881e-08
1287 2.583605395328384e-10
1288 0.1942668708861734
1289 3.011079594119322e-07
1290 0.46772965371033287
1291 0.7323263264278486
1292 0.3262630434070313
1293 0.6224738205387257
1294 2.0011915732751174e-09
1295 1.98550824903274e-09
1296 0.8140886257303778
1297 2.155233868496046e-17
1298 0.00016228512135639146
1299 0.09053867547903503
1300 1.3739621232602933e-09
1301 2.3979157834262873e-05
1302 1.3412642885374059e-05
1303 0.2156451714745264
1304 0.1598521614592907
1305 3.985046300364756e-09
1306 7.081204750661333e-10
1307 4.197880074725796e-10
1308 0.01182584817079044
1309 2.5054602265341506e-09
1310 0.09420868718861143
1311 0.008662579058073366
1312 6.8188616222077195e-06
1313 0.23095309660417043
1314 4.197345782784627e-07
1315 0.23050677896841576
1316 0.00027288726520925997
1317 1.992843508716608e-05
1318 0.07474527366212533
1319 0.0013203783648664765
1320 0.2228605355367703
1321 8.933951946429241e-10
1322 0.24463263348546474
1323 0.07555867831208476
1324 0.00039663630701848346
1325 0.044221977988252004
1326 7.554615485378914e-18
1327 0.000179081917076995
1328 0.29270164959284906
1329 2.345377203166821e-06
1330 0.011829986772224448
1331 1.1401084843861216e-14
1332 0.17682246509926103
1333 0.09795171362596372
1334 0.21029359821916668
1335 0.21159766465117028
1336 0.0032908594866716866
1337 0.013812541177467412
1338 3.6553917816632877e-06
1339 0.08323839880468155
1340 8.508694986610432e-05
1341 0.001090770768576249
1342 0.03161120581900908
1343 0.32431605245105827
1344 0.05505951463606666
1345 0.1168878602754965
1346 0.047120339422135615
1347 6.103928939929561e-05
1348 0.0004971936805247346
1349 0.006378641937908935
1350 3.7914932088137735e-05
1351 6.168260210527753e-11
1352 0.0001826419721092847
1353 0.2629861737170606
1354 1.0893732620090796e-13
1355 5.155775982881217e-07
1356 0.00693306430213507
1357 0.00017013186757689562
1358 0.0025575694951780756
1359 0.491636344514477
1360 0.0013101398355668287
1361 0.0003270527493035721
1362 9.24316095072105e-08
1363 6.139389327157109e-13
1364 8.645338383458959e-07
1365 0.000610681492367137
1366 0.08307048500304678
1367 0.885109959977918
1368 3.1102095744456314e-16
1369 0.05114286528392461
1370 0.9208840824901615
1371 0.10851936989830768
1372 0.18381252073089901
1373 0.027264637180857716
1374 0.0008888061065400909
1375 0.14730443989657452
1376 0.014331227630204665
1377 0.000822587174144116
1378 0.9423642456551863
1379 1.358582249870448e-15
1380 0.010977702043939377
1381 0.07279125074128683
1382 0.0396104735959888
1383 0.0440290096028612
1384 1.313778047948554e-07
1385 0.00014240824123745667
1386 0.00011790960852839744
1387 1.0995279428305378e-08
1388 0.4205712197799597
1389 0.6290112097769496
1390 0.00018522217391051015
1391 4.402726861055291e-07
1392 9.128189577370268e-10
1393 4.538586464996089e-07
1394 6.962449133946423e-07
1395 3.2249170156362224e-08
1396 4.109090690108829e-07
1397 0.27970435942218125
1398 0.020156012183538144
1399 0.17110147832691502
1400 0.229598813891748
1401 0.0008369993532952011
1402 0.00011418474894663049
1403 5.351307610461257e-07
1404 1.559127755619288e-10
1405 2.1650244919455995e-09
1406 1.005191489848868e-10
1407 0.02679353557425529
1408 0.016104902611523017
1409 1.3085335187132042e-06
1410 0.13260979318686913
1411 2.2809485391066947e-11
1412 4.394459467010354e-08
1413 0.023854257219071966
1414 0.0037293363376997664
1415 1.7894641475906713e-06
1416 0.12022235378688066
1417 1.9219221092613125e-15
1418 0.0003090818701651758
1419 6.15487940019199e-07
1420 3.366630566757448e-08
1421 0.1289000477609803
1422 2.6083581863806443e-14
1423 0.5561883714357693
1424 1.5116905184868365e-07
1425 1.1085410607531955e-09
1426 1.527047919647069e-13
1427 0.012131431562747102
1428 2.8570347710851718e-05
1429 3.9071776474984115e-06
1430 0.1479169782238319
1431 3.222266374317482e-10
1432 0.00013753455599469297
1433 0.008931114306643782
1434 0.8465397489511314
1435 0.21096203816502918
1436 3.1412844465646944e-10
1437 0.007243769602489138
1438 0.00228654072256833
1439 0.001588634287728269
1440 6.685648484797995e-10
1441 1.0371437438555198e-05
1442 2.473126864255219e-15
1443 8.197010301603264e-11
1444 0.001161867060385637
1445 2.112863208281546e-12
1446 1.2472933252369333e-06
1447 6.066118051519672e-13
1448 5.467435782028519e-16
1449 5.611251690345853e-13
1450 0.12500756031966456
1451 0.9238119940824059
1452 1.4271721069819791e-05
1453 8.744632996302216e-08
1454 0.2975814351513376
1455 1.8365432907154387e-15
1456 0.8732331117066491
1457 1.0236496733156148e-09
1458 0.019995785336145357
1459 0.0169274085540484
1460 4.262308801301309e-09
1461 3.296006819062943e-06
1462 0.02383724433645578
1463 0.33666097298759357
1464 0.006613080401088819
1465 3.0235251632154744e-06
1466 1.3241997997219732e-15
1467 2.2253806650518755e-12
1468 1.6536743847851934e-08
1469 0.1248654844825916
1470 3.781932334602994e-11
1471 1.611568524563569e-10
1472 2.025317580094282e-07
1473 3.6641071026539304e-13
1474 0.0023455993687960613
1475 0.6450675046824026
1476 0.0012703481815941882
1477 6.572682272515265e-05
1478 1.2922763392069078e-14
1479 9.388781502203206e-06
1480 3.666987042562679e-07
1481 3.138726981563296e-05
1482 1.1750288656042941e-07
1483 0.05358582423576143
1484 3.184075358047643e-16
1485 5.179625314418427e-09
1486 4.467036938280583e-06
1487 4.534450468137935e-15
1488 1.1575297040686132e-06
1489 0.011225353271120357
1490 1.8485517975114346e-14
1491 3.50324337302045e-07
1492 0.6819744021882784
1493 2.018422332456517e-06
1494 0.004164682452311403
1495 2.195750157199677e-14
1496 0.748267593233881
1497 8.009629436584942e-11
1498 1.677086980017768e-05
1499 0.0004405039772103607
1500 2.6601171167939344e-15
1501 1.6077697027402169e-06
1502 0.06811089502950078
1503 2.3646549385666542e-11
1504 0.1848396266030847
1505 0.03538648797257218
1506 0.602719978494521
1507 1.5162853805596393e-14
1508 0.09273575445771884
1509 0.22907810157544825
1510 0.4343605412696171
1511 0.5919851150470782
1512 2.877039056685101e-10
1513 0.07318790748749995
1514 0.041433316586474235
1515 0.2952826238792335
1516 2.1270772224326976e-11
1517 5.430362771957397e-09
1518 9.709253888311248e-12
1519 8.52979129411745e-05
1520 0.12728698915890652
1521 0.257915139476479
1522 5.6269241994120725e-05
1523 9.380393675034844e-08
1524 0.16202008102313648
1525 0.26356198809018294
1526 4.443448345008004e-15
1527 0.010157543305987348
1528 1.9643345596288426e-15
1529 2.4238830593383936e-13
1530 2.8102159689132805e-12
1531 0.1779990765338587
1532 9.922293624810112e-15
1533 0.08251928612139145
1534 0.1917297943550978
1535 0.00017187337297338827
1536 6.608149758962231e-15
1537 1.1343909998995475e-13
1538 7.117727979032623e-08
1539 4.205155374780936e-08
1540 0.19143102187884753
1541 4.2583837027474977e-07
1542 2.3048597296740676e-06
1543 0.002567455994220069
1544 2.1647483922694083e-15
1545 0.15692704759810924
1546 0.6658520945169045
1547 9.90488243834727e-16
1548 4.918191388489933e-05
1549 0.013710795345606212
1550 0.20884392645538527
1551 8.586258389303188e-14
1552 0.24447018780187024
1553 2.8446804279351432e-11
1554 6.078859359809642e-06
1555 1.3231320865163611e-15
1556 0.05824603790902901
1557 1.0308948534065199e-11
1558 3.837409456182463e-15
1559 9.007027377183066e-06
1560 0.20133444421262242
1561 9.597274508013773e-10
1562 4.973396969103125e-11
1563 0.0004062969271868825
1564 9.740151237558658e-13
1565 3.7590322990594226e-13
1566 3.680885799352949e-06
1567 8.630929274905817e-12
1568 6.245247603406786e-13
1569 2.881947824167866e-11
1570 1.6773592024677476e-18
1571 3.5511666654366843e-14
1572 0.24560906914827244
1573 1.2764117803993764e-11
1574 2.660776579597114e-10
1575 2.6560772098295167e-05
1576 4.6165840508551364e-07
1577 2.117665166910434e-11
1578 0.0002384472005924547
1579 1.0019834072653077e-11
1580 1.809102762405886e-07
1581 0.00281467010935934
1582 0.0013157067949432606
1583 4.173878926297131e-11
1584 1.5444328535926664e-08
1585 0.0010882910435558745
1586 0.20883739361143694
1587 0.001375991880803689
1588 7.160139143036193e-11
1589 0.0012422409372784603
1590 5.043511354885958e-08
1591 8.737734884616958e-16
1592 7.373080805859524e-11
1593 7.355646111604387e-05
1594 0.16472133954753757
1595 0.00014776014520038265
1596 5.4642752643927386e-09
1597 9.725550007744274e-07
1598 0.007016558940948832
1599 0.0012963956022789538
1600 2.4730631335790348e-06
1601 2.6119890232525724e-15
1602 0.1197248351950781
1603 2.935427288638184e-12
1604 3.972633020494213e-19
1605 1.4675150234132092e-15
1606 1.5445768579686597e-13
1607 6.106364339051898e-10
1608 5.828785508744982e-12
1609 0.002531906761150802
1610 0.3103928971649746
1611 3.259473029893638e-18
1612 4.627530309674269e-05
1613 1.0361482075243849e-15
1614 7.924188797321719e-19
1615 2.2282361259317182e-11
1616 0.00010732011773664924
1617 5.098581817253346e-12
1618 0.0030760850715954853
1619 1.903413601216871e-05
1620 0.005125413780705909
1621 1.5016523829674253e-15
1622 5.616235031169792e-19
1623 1.2995237632174389e-12
1624 7.282205890201893e-08
1625 8.332321307298859e-21
1626 0.5555121295460336
1627 0.0005276752866637841
1628 0.001219639506235577
1629 4.95721913497969e-10
1630 5.80570660981281e-16
1631 1.646981007224592e-09
1632 0.04413693730114256
1633 0.07952339445883458
1634 2.2443020612216967e-11
1635 1.886319731901369e-10
1636 0.04751235640468083
1637 1.2257144499096782e-14
1638 0.02840926522413265
1639 5.365546488902727e-10
1640 3.576599240935591e-18
1641 1.898823679776959e-18
1642 2.1782952507020814e-18
1643 6.303509965026398e-11
1644 1.9127044200322832e-11
1645 9.505439496783615e-05
1646 7.270861840956071e-11
1647 0.00133996832844382
1648 0.004461756926853754
1649 5.351937912553986e-16
1650 0.014704461096260097
1651 0.1453137956170802
1652 3.2710570571417493e-13
1653 3.455662631421567e-06
1654 1.3100462938533642e-10
1655 2.0918658340935324e-08
1656 5.856339173408319e-14
1657 3.4038909188761656e-17
1658 5.731109973483116e-06
1659 0.4323173399458886
1660 1.5053329216055365e-05
1661 0.0007961892039227305
1662 1.229672441096679e-12
1663 2.5587329247342275e-12
1664 0.0005626630553924882
1665 9.369228466621375e-20
1666 1.0783906628405007e-05
1667 1.0118199668588821e-16
1668 1.43249769167948e-16
1669 1.403626443162868e-17
1670 1.814642109977682e-13
1671 1.8784281002947513e-19
1672 4.2244253725129546e-10
1673 7.757229887583534e-13
1674 1.9616334848543808e-17
1675 0.16951118494012107
1676 0.02094580462178774
1677 5.762958794063457e-13
1678 6.008774521935343e-17
1679 1.24353772622041e-17
1680 7.890918224920737e-18
1681 0.0036002910912855467
1682 1.962427435480328e-20
1683 8.295907926315352e-15
1684 6.863727580701907e-18
1685 1.6000999166423162e-18
1686 2.0873265445753757e-17
1687 7.313038135380681e-18
1688 3.225798942981782e-19
1689 6.474394663002744e-19
1690 8.03213892978519e-20
1691 8.543452923224005e-19
1692 4.710545505336857e-18
1693 1.595793655946026e-19
1694 3.862859931861814e-20
1695 1.2973609615001478e-20
1696 0.013954080419109192
1697 0.962996657551515
1698 5.383607745665771e-13
1699 3.092019904863293e-07
1700 3.2318201875343144e-07
1701 2.8352081245740078e-06
1702 1.377935805025066e-09
1703 0.2499572430867775
1704 3.1188908462964014e-19
1705 0.0004886660285496457
1706 1.516530202638224e-07
1707 0.12750392294064197
1708 0.0026895544778648183
1709 1.948505456199003e-11
1710 0.0002255672914831422
1711 2.0877586440970518e-12
1712 1.0970212072204365e-14
1713 2.847925883277037e-07
1714 0.0012084843109812478
1715 6.75929136093373e-08
1716 0.0018737483314577692
1717 3.3314155748535863e-16
1718 0.0002034483332039985
1719 2.437763180784062e-09
1720 5.0575890485642165e-11
1721 3.610055777314361e-07
1722 1.8237475606360263e-05
1723 1.3458217181285667e-10
1724 1.5054256281661258e-08
1725 0.33085583504695054
1726 0.0012124272766388799
1727 0.3935993060736326
1728 0.00015464218030602925
1729 1.5046193804568822e-05
1730 1.552345848335425e-13
1731 1.271306327198884e-07
1732 1.00859479805103e-10
1733 1.34231832542411e-07
1734 8.035687328281562e-08
1735 0.003246539284523285
1736 1.0740834224224565e-12
1737 0.0019438582295956896
1738 6.177446636994706e-14
1739 4.387022412396759e-05
1740 2.8957333812230686e-05
1741 6.031452463835281e-16
1742 0.001302703836275939
1743 2.7804401298555306e-05
1744 6.396697277090765e-08
1745 0.023537593941165114
1746 1.68819295678583e-05
1747 9.444529037178147e-16
1748 9.034336034987274e-07
1749 1.1477790745201694e-13
1750 0.11875326775617134
1751 0.0007322821720593055
1752 5.180567664429121e-07
1753 8.999587636524067e-07
1754 5.842012260974936e-16
1755 0.034080714355852935
1756 1.4291647535777618e-05
1757 0.1951636757031378
1758 3.112972967845985e-08
1759 4.7922390159042e-09
1760 0.001738612998474761
1761 9.756064015562692e-05
1762 2.7845635964557888e-08
1763 0.6275292380816245
1764 0.045522820855261645
1765 0.27009768077297563
1766 2.628245877847226e-16
1767 1.7216919616176765e-06
1768 0.0004077915050085937
1769 4.944444333382653e-16
1770 3.6867108408283537e-17
1771 1.0302012394311191e-15
1772 0.3129850742389142
1773 4.117180435484946e-09
1774 2.1046097430835158e-06
1775 0.05800055433159762
1776 0.00014733532241210289
1777 3.861010944465032e-12
1778 0.272991792590514
1779 1.4786780188065781e-09
1780 6.074815379295258e-05
1781 0.001531562868287356
1782 0.19212727378357877
1783 9.674933513148127e-17
1784 0.0002118267957209122
1785 5.266105078113699e-11
1786 4.246010214024841e-10
1787 1.48149476225495e-11
1788 7.745409582947692e-08
1789 0.03127760698782654
1790 0.26180030294253603
1791 0.23330771335910547
1792 3.620116149219037e-13
1793 4.195050203015611e-13
1794 4.6394950526423185e-08
1795 0.06648510848949858
1796 0.1455212189538004
1797 3.980224925617626e-15
1798 3.0114625282875214e-06
1799 1.4516086726496593e-11
1800 1.4360576853597197e-15
1801 3.357858989909435e-07
1802 0.09429056086681484
1803 3.4113425259450835e-16
1804 0.007346305144990079
1805 3.258627180754606e-16
1806 0.00043993426589101836
1807 1.4566738300710322e-16
1808 1.546595664310681e-10
1809 6.559963145057613e-17
1810 3.9011555927598255e-16
1811 0.1086097271377254
1812 2.5888629611796233e-17
1813 7.972608499954086e-05
1814 0.0012776420409590387
1815 0.0706192310260048
1816 9.53778843139487e-05
1817 0.6871629292642527
1818 9.257940146281739e-14
1819 3.4311763822507036e-10
1820 1.7597884600412986e-11
1821 0.1577268592818944
1822 0.11513528953516933
1823 0.012294088414441547
1824 4.1992343976877733e-10
1825 0.2799039751586062
1826 2.9183299565002693e-10
1827 0.19681573047300008
1828 6.734305198491508e-08
1829 0.00011353723020133746
1830 3.581571207871376e-10
1831 1.0890304109199911e-16
1832 0.001066257468081544
1833 0.3653573368846509
1834 0.948631105927269
1835 0.00010939890742389367
1836 1.3926690428990695e-12
1837 2.283787203157051e-21
1838 9.951818190811748e-07
1839 8.326776603526987e-12
1840 7.288597764903026e-07
1841 6.931012959957845e-16
1842 0.00017671394442718525
1843 7.246779667392941e-07
1844 8.204611355449795e-14
1845 0.00010802247936280878
1846 2.9389733144128155e-16
1847 0.07051481858807655
1848 2.8657534078547977e-09
1849 0.44060431623384755
1850 0.9128979130866858
1851 1.589679895307048e-11
1852 0.015454105256544845
1853 7.600751943293179e-12
1854 0.37327930235974405
1855 4.892880689911639e-15
1856 3.1057296908823866e-11
1857 1.332942651238928e-08
1858 6.832592214344012e-13
1859 0.06703844564101838
1860 2.0700443390366648e-06
1861 4.82914096840326e-15
1862 2.8050418019224945e-07
1863 0.06956980453027738
1864 4.79783142518145e-08
1865 2.0645226736036455e-06
1866 0.018852006982831956
1867 1.3139202138959916e-15
1868 6.44108079834758e-15
1869 9.046845227442017e-14
1870 3.0774342912693097e-13
1871 0.00028000069860303965
1872 0.49475009303681877
1873 0.04539344172879519
1874 0.07848953792736746
1875 2.2722406809832302e-11
1876 1.2120857536657297e-06
1877 2.7304877542649423e-08
1878 0.7337187946405442
1879 5.7574070262197415e-06
1880 0.13217710371189287
1881 1.070673865304596e-12
1882 1.2292625653688236e-11
1883 5.3510914971757823e-14
1884 0.00013006496839042448
1885 0.06518141013184452
1886 1.1062628033334896e-08
1887 0.5171129833792394
1888 7.641574798722716e-05
1889 5.772927039579911e-05
1890 2.392366869802985e-07
1891 8.245219313990568e-13
1892 4.654814708758651e-09
1893 0.0003265337055507861
1894 5.210628372628617e-08
1895 7.269154348718871e-05
1896 0.04588179077236712
1897 0.0004542901458728095
1898 0.8382351018553399
1899 3.9917418982527977e-13
1900 0.29892129224595254
1901 6.962733459625293e-14
1902 1.8308475819448925e-13
1903 5.025370448422255e-13
1904 3.47407471722572e-13
1905 9.485982620648168e-14
1906 1.1974917996912307e-14
1907 0.0016841112901460828
1908 0.00020780078854300377
1909 8.495349348657571e-14
1910 0.0036576678122370015
1911 6.239555089824645e-13
1912 6.686305767970266e-05
1913 2.7773546531755307e-06
1914 2.624764913554535e-05
1915 4.3514393060464074e-13
1916 3.381646120038826e-10
1917 0.4171850638083387
1918 1.4709791444239686e-10
1919 7.463804446338922e-17
1920 1.9102773868965028e-05
1921 3.855298746057643e-06
1922 4.297775777032066e-07
1923 0.05438503541135369
1924 0.49901636529131066
1925 1.4829368244821107e-12
1926 6.470641378678808e-11
1927 0.3189430946464213
1928 6.492948134356411e-13
1929 9.245621483787955e-19
1930 3.2337492521951415e-08
1931 4.2270252643193536e-05
1932 0.003899449739926446
1933 2.652372871303681e-12
1934 4.534179112330855e-12
1935 1.2540858600811968e-14
1936 3.524553965868333e-12
1937 2.5995937790975514e-12
1938 0.0050407560151916565
1939 1.3192724056052831e-06
1940 0.0004226771451062729
1941 0.00010335708250151606
1942 1.0605969766860145e-05
1943 2.6803622926452786e-15
1944 0.009035750580285237
1945 8.914181446677811e-05
1946 0.3914048656010034
1947 5.5127784310087195e-05
1948 0.23965522859944807
1949 0.5652837299641271
1950 0.14847526694355556
1951 2.3025859381125917e-06
1952 0.8301026760883171
1953 1.4085217670781672e-16
1954 1.8359948607787502e-14
1955 1.422688048805414e-11
1956 0.4737613070130376
1957 4.3062587147900007e-10
1958 0.002553821919417211
1959 3.4376670670872485e-15
1960 1.7977140639963828e-11
1961 0.9515804456489463
1962 1.0966917069943167e-11
1963 1.4312228980002824e-08
1964 1.7822366348013573e-10
1965 1.5926350102841285e-11
1966 2.6917851066768983e-12
1967 0.44605095159532526
1968 9.137050555561724e-08
1969 0.0033014846930866804
1970 7.940583835326747e-06
1971 0.0012042015601770467
1972 0.05571204969170932
1973 0.4302331788391692
1974 1.198283218035228e-13
1975 9.318068534049906e-11
1976 5.250295298506064e-07
1977 1.5175462322245198e-08
1978 0.0005650232743420377
1979 8.378368847305747e-14
1980 1.4445684194263163e-13
1981 1.1446817433351544e-10
1982 0.013555859448205339
1983 2.631163956945137e-25
1984 1.6882842318298533e-16
1985 0.043096802558984314
1986 0.0222394650028195
1987 4.797740375442008e-13
1988 0.014992832279891878
1989 2.190278869306213e-14
1990 0.002763352467526277
1991 3.11537709397642e-07
1992 1.4343104882920445e-13
1993 2.317906292806425e-06
1994 0.1480399864822983
1995 2.8569653209400085e-07
1996 1.063061409171211e-09
1997 0.001038567536398424
1998 4.327557998141926e-12
1999 1.4115122745575048e-15
2000 1.8834225279961092e-10
2001 0.0021444917287625964
2002 3.750420832923952e-14
2003 0.0015468894274942174
2004 0.2401655748914493
2005 0.030789490985860757
2006 2.4922888891989302e-08
2007 3.021259767246631e-14
2008 7.384170848054909e-13
2009 1.3068863714583568e-06
2010 0.006988959454075462
2011 1.1045570744070816e-07
2012 6.87619065819849e-13
2013 8.53248789936016e-12
2014 1.4693777934571702e-13
2015 2.765312405206693e-12
2016 4.9103030747341923e-08
2017 5.153197585036544e-20
2018 1.3000822512025107e-05
2019 0.04015505667394582
2020 2.364818575425391e-10
2021 0.000649551440378828
2022 0.00014802226778300474
2023 0.2422303251127724
2024 0.008664781716912108
2025 0.14824819180334148
2026 2.688410490678535e-09
2027 0.21606883247231753
2028 1.3451014183300518e-08
2029 6.627657891552355e-11
2030 6.111608990291783e-09
2031 3.500922715949096e-11
2032 3.75886489987249e-11
2033 8.358323721360618e-07
2034 0.0013517190549217793
2035 6.039020534699032e-12
2036 1.0958797604455261e-10
2037 0.14786568652055898
2038 6.795670488762205e-11
2039 5.957457522061051e-10
2040 5.397942673932052e-06
2041 5.8121955489116297e-11
2042 3.7542757837444605e-10
2043 1.70109288773448e-06
2044 0.20162074591172435
2045 0.2909945798549219
2046 0.002114780021822365
2047 7.576680142020296e-06
2048 0.24940550343656312
2049 1.356534098127996e-07
2050 5.289631442819701e-10
2051 1.6187110424163126e-14
2052 0.0027102558312133234
2053 2.2220105820973668e-10
2054 0.04822628802912703
2055 0.0003775312314133284
2056 7.47954064784776e-08
2057 3.2325067596125304e-15
2058 1.5551314667739962e-13
2059 1.0018840413623702e-13
2060 2.0450527354936405e-06
2061 4.586458978081323e-12
2062 1.2952078970648681e-14
2063 0.0856794323514219
2064 0.00020359535023642438
2065 8.614710201321477e-05
2066 0.36127388631960317
2067 1.948744038093018e-09
2068 3.0291618342976836e-07
2069 3.887274124007139e-06
2070 1.0755953341950236e-05
2071 0.00010201676494633899
2072 1.0293889715787979e-10
2073 3.215402037573942e-09
2074 8.491053015075772e-13
2075 3.130998835746093e-05
2076 0.03146923943474377
2077 1.9220467329175703e-07
2078 2.8515683300474635e-11
2079 1.8529835874947176e-13
2080 2.0540297316631309e-13
2081 0.015331791144435664
2082 9.004317592392024e-10
2083 0.05303182409672404
2084 8.64639699731539e-11
2085 1.0956991746338578e-10
2086 1.0697102685411593e-06
2087 0.41663410730382133
2088 3.6793338828972624e-06
2089 4.262211480261282e-12
2090 0.1277153343013236
2091 0.31656541338278604
2092 4.927858391658661e-14
2093 6.247512346523624e-09
2094 1.555121494995654e-08
2095 2.2511882858451998e-14
2096 3.27071512352496e-09
2097 1.014044181146523e-08
2098 2.5212697267016185e-10
2099 6.71480899163382e-08
2100 9.059001159418646e-10
2101 0.0007460510462040015
2102 0.00121671602401775
2103 1.4818430143040912e-12
2104 6.282617680767321e-10
2105 5.426432586862009e-09
2106 0.000650523845000282
2107 0.054449516653876595
2108 0.0014187889412288742
2109 0.46120891763627864
2110 1.9738681268075962e-08
2111 0.002883108721632723
2112 4.1125702959595315e-23
2113 0.44537415000107744
2114 0.12394008563793694
2115 0.05451316196155155
2116 3.808570132280599e-08
2117 0.44753629729197186
2118 3.186820859748226e-12
2119 5.064025863600891e-09
2120 7.053418371965798e-08
2121 3.6677091843174762e-09
2122 4.6731555117592636e-08
2123 1.9595711832545927e-06
2124 5.832237144300671e-09
2125 0.03088453392243112
2126 0.0006454442324908045
2127 6.317980719952125e-05
2128 0.22347670525617144
2129 0.5435370293094339
2130 0.5743377469266089
2131 2.8402699519874247e-08
2132 0.005367556864438834
2133 3.974325540646029e-08
2134 0.7087532202557839
2135 2.8359997582364074e-11
2136 2.1286242807512024e-05
2137 3.975882331193922e-09
2138 9.787973669351943e-07
2139 0.24667376062366478
2140 0.32242429876187906
2141 3.4686541041340213e-09
2142 8.403258157950941e-07
2143 4.957285964196771e-07
2144 2.5620106837522014e-06
2145 2.2558435411964973e-11
2146 2.4674405689559996e-10
2147 4.472068198543128e-30
2148 3.107958190088766e-12
2149 0.0001776223942384331
2150 4.602351906571354e-12
2151 4.7730321316825664e-05
2152 0.00022989454354625387
2153 1.5155666192659898e-06
2154 0.2880738688350677
2155 4.722271263838758e-09
2156 9.507947939433508e-11
2157 0.044253957944070034
2158 0.44486754927657357
2159 4.1720415159742396e-08
2160 5.487940319702477e-15
2161 0.00048437699112233444
2162 2.2759674393251974e-13
2163 3.914843686647458e-13
2164 7.381299045344033e-09
2165 7.702102593705365e-07
2166 7.16005104790874e-11
2167 0.0001399749829120225
2168 0.020906840418233784
2169 0.009390122873613729
2170 1.3670510909226476e-07
2171 1.3004584678579498e-11
2172 0.10333549182139219
2173 2.2546595028738657e-06
2174 2.514493520249465e-05
2175 0.548007047136185
2176 0.0988442915782126
2177 5.631417367821099e-07
2178 3.550912339938357e-10
2179 1.1654233429144977e-05
2180 9.371315625671568e-06
2181 0.3571713727443494
2182 0.052211186823596864
2183 2.5077970939109155e-07
2184 8.715649461641424e-12
2185 2.304723089418663e-14
2186 2.230180825875547e-08
2187 4.312266445947926e-05
2188 1.3232579147088356e-07
2189 0.08897428480849601
2190 0.8761710593103261
2191 3.945570184029436e-06
2192 1.478388748647521e-08
2193 0.15372242557410293
2194 1.9139980214914165e-07
2195 1.9401034928990876e-14
2196 4.556224102010095e-06
2197 1.2912994577071248e-07
2198 3.0131047850235453e-12
2199 6.283828499310486e-08
2200 2.8763369586149005e-14
2201 8.153447844161837e-06
2202 0.9185162452215512
2203 8.268449199121456e-05
2204 0.0001864730793537741
2205 0.00024270179245118088
2206 6.574579493599521e-11
2207 9.210066927215876e-08
2208 1.6509809153107862e-07
2209 2.744826264524261e-12
2210 0.38688777270831254
2211 9.220417933387579e-07
2212 1.3339471326260658e-09
2213 4.2064755090123006e-08
2214 2.124198448959975e-08
2215 0.6857089275541733
2216 0.40892143949761645
2217 1.734754323658725e-10
2218 6.651562969428141e-14
2219 1.697770628399486e-08
2220 6.102748690903984e-13
2221 5.59812421217531e-06
2222 0.8119258354230109
2223 6.925593691781733e-12
2224 0.8670442960838852
2225 1.4057629544704281e-05
2226 2.758842616619227e-05
2227 2.394386341763391e-13
2228 1.9525212076757993e-07
2229 0.04553399362718755
2230 1.6425091079714527e-05
2231 0.0021550714914879547
2232 0.1310185005937906
2233 4.698365786722932e-05
2234 4.0409791646522833e-07
2235 0.12531753377032176
2236 8.384640116082129e-13
2237 6.833069204544979e-24
2238 0.5239395499728263
2239 3.2655318342399852e-09
2240 0.9301473093515145
2241 1.9322568091456068e-05
2242 4.334308300312921e-07
2243 0.8303899413266411
2244 8.624913150249003e-05
2245 0.0002500015042391566
2246 0.06536595601039712
2247 1.1537466367704658e-12
2248 2.843981521766401e-10
2249 3.366169497886887e-05
2250 0.35822715188878707
2251 1.8351117360438592e-10
2252 1.2837557029903436e-05
2253 7.006328438034628e-11
2254 0.00018268865556062195
2255 0.013014018426154234
2256 0.4123797434116111
2257 2.3939506867175167e-15
2258 7.040063764010267e-05
2259 1.5503643237531223e-15
2260 0.3758418401597153
2261 6.170987849014402e-05
2262 9.114662203563879e-08
2263 0.5524322475405541
2264 2.0215400360814513e-08
2265 8.175323604314736e-09
2266 1.0308359175510248e-08
2267 0.36378995123196267
2268 0.03691004796608178
2269 3.838820192331748e-05
2270 0.0007393423472068784
2271 3.048763054177092e-08
2272 9.436551310253975e-06
2273 8.401208037478919e-08
2274 0.36728664074219414
2275 9.717105329810006e-10
2276 7.53261211144401e-08
2277 0.00027012212275705563
2278 2.9930031902152257e-12
2279 1.152171344588167e-06
2280 0.11424530393772912
2281 2.034615444338535e-08
2282 6.186744575343675e-12
2283 9.795480155806471e-09
2284 0.010521105262000424
2285 4.5629272795931004e-06
2286 0.43282928235641216
2287 3.712087795007987e-05
2288 1.5376949969397318e-12
2289 1.1507849017696553e-11
2290 0.0004483169576391075
2291 2.1582253362374793e-07
2292 1.319058184086969e-05
2293 0.12871858193618496
2294 1.8573340267779294e-12
2295 0.004006556012879165
2296 9.65997294421391e-09
2297 1.1504826094513448e-07
2298 0.000719336889170583
2299 1.4156232427495395e-08
2300 0.00011722873660865941
2301 0.007049794787868214
2302 3.6859673599454007e-13
2303 2.1633415431839107e-07
2304 0.030398507027127156
2305 0.1371397444159543
2306 4.7071446583597714e-14
2307 0.005112314134388235
2308 0.3459561285040077
2309 0.016769126143825894
2310 0.4015623187219695
2311 5.165859198076155e-07
2312 4.7747079434235665e-11
2313 0.0010677669622738402
2314 0.0005444933390707671
2315 0.007302828960234591
2316 0.3228507616162095
2317 1.5269568912865658e-09
2318 3.862071273159246e-07
2319 1.8222443915564463e-06
2320 2.390861341985471e-09
2321 7.529648569719854e-10
2322 2.312220495574175e-09
2323 5.743057073198343e-11
2324 0.027962579415277935
2325 4.31341344956983e-12
2326 8.799591465372051e-11
2327 0.007277078665234272
2328 4.758061033890044e-14
2329 0.0009203451885875121
2330 0.00010182935933274992
2331 4.850979070068275e-09
2332 0.0019021950188194317
2333 6.096761051875665e-15
2334 6.399892659738062e-09
2335 0.0016766482667131299
2336 6.79873032360354e-05
2337 4.779163409947507e-08
2338 7.141427032155579e-07
2339 0.04028830235359896
2340 1.7098328838132767e-11
2341 1.5234191567132645e-12
2342 8.582790028108514e-09
2343 6.129073925894788e-08
2344 1.035105222140561e-12
2345 0.0001792208093121335
2346 7.673315940133653e-07
2347 2.5855647267430778e-11
2348 1.4850361592909854e-06
2349 2.3039491426199023e-12
2350 1.045136581315383e-14
2351 9.420883260929537e-18
2352 1.3068524834959793e-11
2353 2.458123086281722e-08
2354 1.1581251337907135e-05
2355 2.736359796386e-08
2356 0.9069808297523817
2357 1.5938090918142095e-13
2358 1.813622020103521e-08
2359 0.5097809229810591
2360 0.0005735259122289473
2361 1.2066720710508819e-08
2362 1.850289621703644e-15
2363 1.464967786001634e-12
2364 0.4334485412627398
2365 1.8618279741272246e-08
2366 6.153333070517918e-05
2367 3.479477268886558e-05
2368 0.019401431831161466
2369 2.945956615402977e-09
2370 9.087656176102201e-13
2371 1.541132013522156e-06
2372 3.335387266036917e-12
2373 1.4959135640350547e-06
2374 0.0007198058097420928
2375 6.081561364667599e-10
2376 3.454577002706933e-12
2377 9.262786550131522e-09
2378 1.655325241683411e-05
2379 4.893452818913938e-05
2380 2.1230340292949975e-05
2381 6.614203051345398e-05
2382 1.2193329056763157e-05
2383 2.5402401107841398e-14
2384 1.0920707746348829e-09
2385 1.9300547899946006e-13
2386 4.989505601439033e-11
2387 1.5205233270942922e-06
2388 1.5819292307724375e-06
2389 2.7483794513306e-09
2390 2.4777115693665714e-05
2391 1.9333494174304687e-05
2392 0.039802516607600556
2393 1.5960885904174708e-12
2394 6.042169452686288e-07
2395 1.538077666976872e-10
2396 3.622621045047234e-07
2397 0.015028776889628906
2398 1.3135654794041026e-08
2399 2.091487463182648e-16
2400 7.668351821929183e-06
2401 1.1519696566189989e-12
2402 9.562820781617384e-05
2403 7.621868145525495e-12
2404 0.012425619125932109
2405 1.245921124467593e-07
2406 0.13326567321943777
2407 6.227062206379339e-09
2408 0.18215771444796858
2409 2.170856062368018e-05
2410 1.0506732758702506e-06
2411 0.0015841819587476688
2412 0.18808370821628795
2413 5.856685117719711e-13
2414 0.0005612201431821204
2415 7.952793048203154e-05
2416 0.0005109630655466811
2417 1.7545425148913361e-06
2418 3.473544778246638e-05
2419 4.2602085266587266e-12
2420 0.18445681421881688
2421 3.050998672620715e-11
2422 4.544204123555314e-06
2423 6.395430533676686e-07
2424 0.24013731504478783
2425 0.307955355853136
2426 1.8722118832371715e-10
2427 8.20259260614628e-09
2428 0.009691485390014267
2429 6.912259897040236e-16
2430 5.911634540970139e-07
2431 9.865841486279559e-15
2432 0.00012018608446119442
2433 2.175935080321666e-15
2434 0.2891480873688177
2435 4.980959701773444e-22
2436 1.5764134139393676e-11
2437 3.741287889516203e-08
2438 1.5419716871568316e-08
2439 8.053756346969375e-06
2440 0.000286760332290382
2441 2.081335707798684e-07
2442 4.303794363293773e-12
2443 1.1739334749210925e-22
2444 4.2512768992364985e-13
2445 2.7811739897546994e-05
2446 0.02146570427444854
2447 0.007317302618907214
2448 0.31901558811221004
2449 2.0255963897557726e-11
2450 2.4758194744787295e-12
2451 0.3306087721794419
2452 0.38612952558610125
2453 1.8642712008313833e-15
2454 2.856312209907131e-05
2455 0.0001093906557536492
2456 2.699875706322415e-07
2457 3.8406300007237514e-07
2458 1.1204486821426288e-15
2459 2.6514379087657215e-07
2460 5.55080022696901e-13
2461 0.0025079152489997044
2462 7.85784827215381e-06
2463 4.195762918386562e-14
2464 1.1757370107778983e-12
2465 0.003999393438814514
2466 3.1627551132932005e-18
2467 1.2189152024101481e-15
2468 2.274742480144793e-05
2469 0.00013644930096511635
2470 1.4093165374458014e-06
2471 1.7916286236448705e-11
2472 1.3623357095214245e-05
2473 0.0005649104160301835
2474 8.990774551691684e-06
2475 3.3533149536027145e-18
2476 1.1710753236120528e-11
2477 3.965822842939202e-06
2478 5.0400566246279546e-05
2479 2.86579069131028e-06
2480 5.793695700294825e-05
2481 4.862630959747558e-16
2482 1.5294446823960756e-12
2483 7.009395693019522e-05
2484 1.6461322449833394e-15
2485 8.187910630882664e-25
2486 0.5749649331083394
2487 3.3788254498197448e-12
2488 6.06890527101536e-08
2489 0.0014773835234561123
2490 0.005695597402978608
2491 7.732612995456904e-13
2492 5.094681262601503e-06
2493 9.833099150695156e-08
2494 1.3791087004400216e-09
2495 0.7085467587095651
2496 5.974648630647926e-08
2497 0.5619300356739987
2498 1.854454264673286e-05
2499 2.359966931013656e-06
2500 1.0634884080209344e-12
2501 2.4686529438665182e-11
2502 2.4183755660945583e-05
2503 9.88108620406651e-19
2504 4.685565591076521e-13
2505 7.727804137915841e-16
2506 9.932664537939787e-15
2507 3.7295744735649705e-18
2508 4.259796840949325e-16
2509 4.1967461980239186e-05
2510 1.3709284287522786e-11
2511 6.9109769862618735e-06
2512 3.618903684180491e-17
2513 7.678569886720655e-22
2514 8.787409567492186e-13
2515 2.4936409638039905e-12
2516 4.194609046571382e-05
2517 2.929104824790288e-09
2518 5.073846016647991e-06
2519 2.5069703775004e-16
2520 3.4836665630418113e-09
2521 1.2783849647135524e-15
2522 0.2651489203844518
2523 4.340334972346076e-06
2524 4.790132625345802e-07
2525 5.951669757209889e-15
2526 1.3442060582287513e-13
2527 9.575723441813719e-14
2528 0.0005975401618492632
2529 1.5877704425980393e-15
2530 8.149128443758496e-10
2531 7.499576376207943e-14
2532 0.0002661932585923082
2533 1.3068944528781577e-07
2534 1.648292711786597e-26
2535 2.5078345368121295e-12
2536 0.00019727134157560268
2537 5.962139505221578e-10
2538 1.6874109460437094e-05
2539 0.0005831103351926997
2540 7.764292607981467e-09
2541 0.0031191518445807614
2542 1.2907427098048062e-06
2543 4.5448724934129315e-06
2544 0.6521455038959327
2545 1.1770482140815874e-07
2546 4.208209667474945e-11
2547 8.941813185305802e-08
2548 2.555214035748906e-11
2549 0.0015354163112176055
2550 0.0013760365531732138
2551 0.0005519615420949393
2552 5.849815958279003e-13
2553 7.987324515436869e-05
2554 9.54581163947144e-10
2555 2.6278931021601e-09
2556 3.1508586598837203e-18
2557 2.0402124547673026e-06
2558 1.5648980432037212e-13
2559 1.2018401801191314e-12
2560 1.8051417172947713e-10
2561 5.1069913675895084e-14
2562 4.663475139112113e-06
2563 1.4762582851581793e-06
2564 6.057822557420422e-05
2565 5.020440763018664e-24
2566 6.868294206123052e-19
2567 0.0022683844684697778
2568 3.30243738916928e-18
2569 7.684287965178521e-07
2570 0.2808728356046599
2571 9.607964776822989e-08
2572 0.0019598037383814684
2573 0.001599057284487358
2574 1.0037233250821597e-13
2575 3.964990513167212e-12
2576 2.24084081457768e-07
2577 0.0006616092472814896
2578 8.548882433733217e-10
2579 0.001785792630393564
2580 3.214386119314926e-06
2581 1.5559237729521786e-06
2582 0.0020685485577277302
2583 0.0016055156344589694
2584 0.0004092876471277772
2585 4.583636209507232e-13
2586 2.4486853449634605e-09
2587 5.882191198656235e-07
2588 6.903328401571952e-14
2589 3.303806127364866e-05
2590 9.517530833149745e-19
2591 2.4602825148761436e-06
2592 1.0821512757699546e-07
2593 0.7584122318405145
2594 9.466845224226201e-06
2595 0.8056430225682596
2596 0.015054238044370276
2597 7.377618429957908e-06
2598 1.4389528497175056e-07
2599 6.176324846627158e-05
2600 2.1223588561553623e-12
2601 4.124074533980847e-05
2602 8.852072963846167e-08
2603 8.438232928594318e-06
2604 6.968737770279904e-14
2605 8.77519788887678e-15
2606 7.386551177632868e-06
2607 2.535503070758454e-07
2608 4.503860901337202e-12
2609 0.00011421236462198314
2610 3.453631889804341e-16
2611 0.0030823824056639766
2612 1.0232959738989785e-29
2613 5.164185960545394e-09
2614 1.218590819389128e-10
2615 1.5590171637180664e-13
2616 0.0008273521425009385
2617 2.641050678677466e-05
2618 0.0011036922105238875
2619 3.703195775750648e-16
2620 2.6683925193283037e-21
2621 6.837895043554262e-26
2622 0.0012023548046193131
2623 8.750243914821012e-15
2624 1.6876567661426046e-05
2625 5.504973179294314e-11
2626 0.5660314848049692
2627 0.0007862329893727714
2628 1.0853916037933982e-14
2629 0.5080605480410365
2630 4.118874356089013e-09
2631 1.8795244583128987e-05
2632 9.433328796324537e-19
2633 0.00022868965785799176
2634 0.01739528356079049
2635 1.835810043453527e-08
2636 3.616460566648717e-17
2637 0.5857954831416887
2638 1.2081670054401954e-06
2639 1.1266629883762207e-18
2640 0.8003151752701761
2641 1.4882542562150112e-07
2642 1.0352723715945332e-09
2643 4.0116223182190176e-07
2644 4.241609606226422e-17
2645 9.382207447611112e-12
2646 1.3212777456594449e-05
2647 0.8392106822584082
2648 3.18526863526752e-32
2649 4.070059966322175e-07
2650 1.404595502831157e-23
2651 3.5108361440702306e-06
2652 0.01588278444522014
2653 0.00011559499805640295
2654 1.5272930470719824e-07
2655 4.01024510621747e-12
2656 0.0003712645311424954
2657 2.1987079907290075e-07
2658 1.803463185415464e-09
2659 7.84543908069893e-06
2660 0.7065942104471501
2661 0.0005736257832765358
2662 0.680133803855417
2663 1.2316450167839362e-09
2664 2.856463380069238e-16
2665 1.0955931582593885e-08
2666 0.6023840501496432
2667 5.152926023104138e-33
2668 0.0003093023850078298
2669 0.0014789362051689872
2670 1.0517225890685922e-08
2671 0.0005517378593354942
2672 2.099549622446756e-09
2673 0.4598410420014008
2674 1.844872525640037e-05
2675 0.7863157318199937
2676 0.00026314713613707094
2677 4.092203304073094e-06
2678 0.0011701420427825619
2679 0.00022257406240220898
2680 0.3267195261129745
2681 0.823266183742118
2682 1.2989233771741965e-05
2683 0.8548089470735595
2684 7.732066929071148e-29
2685 2.7985228494309337e-06
2686 5.067870926822284e-12
2687 3.135030001325952e-16
2688 6.60142886087704e-14
2689 6.3242132416300954e-09
2690 7.664163312419214e-12
2691 0.3711135007663694
2692 0.00023650051244377188
2693 0.3068173278069904
2694 2.721634800176764e-13
2695 9.003585698540605e-05
2696 0.8017996380221828
2697 0.19463378425440445
2698 0.00022378320747884289
2699 8.27897386649986e-06
2700 5.119904313123384e-10
2701 2.5657313088990564e-05
2702 3.6885473178228374e-06
2703 0.0014005275226405933
2704 6.385078225343264e-06
2705 2.5014627314157345e-12
2706 3.765200072187367e-17
2707 2.861459788545566e-17
2708 0.00031203461872189966
2709 0.6494493954684729
2710 2.7845142464790607e-05
2711 1.0423199741539094e-05
2712 6.50080829431427e-05
2713 0.13364635011651602
2714 1.3274042322250309e-05
2715 3.122671054363608e-10
2716 6.373482212571993e-15
2717 1.2452189194705016e-10
2718 3.7150640846785396e-05
2719 4.0255634171717947e-13
2720 9.255601417026317e-12
2721 5.6960903330893356e-08
2722 3.826030608225615e-10
2723 0.39442273739754313
2724 2.639094976691291e-10
2725 1.528214063082832e-09
2726 3.2758081839108084e-06
2727 5.684601654348326e-06
2728 1.9061463508421325e-09
2729 4.208695348684947e-10
2730 1.4878754684575851e-06
2731 0.8845625855710858
2732 1.2362422924979328e-08
2733 0.000717022283956119
2734 2.785034562703645e-16
2735 9.071803367023073e-10
2736 0.00012664703145096333
2737 4.4373269254996266e-05
2738 0.010810409326396183
2739 7.303962259854331e-12
2740 1.4324146670543175e-17
2741 0.07698642267541694
2742 1.996076625166533e-11
2743 1.5360844733643919e-10
2744 4.543307424052702e-06
2745 9.85412012920663e-07
2746 1.1645063481489962e-06
2747 7.046268699194727e-10
2748 0.5400938016730653
2749 0.7117709779860683
2750 2.2539667957064408e-18
2751 0.653316238800298
2752 1.5876070627884578e-14
2753 2.5398357136895355e-08
2754 3.260858432213187e-05
2755 0.0010581833718696309
2756 8.433863117129533e-05
2757 4.391631047710201e-07
2758 3.131835164371685e-08
2759 0.073534568041621
2760 2.2606073776111007e-12
2761 4.138815458610181e-05
2762 0.033572004811827406
2763 2.4007507716618022e-11
2764 7.578412170430006e-10
2765 0.22665092817613786
2766 0.7352865792969604
2767 1.9542534875898297e-08
2768 0.0002607118797846386
2769 3.3608245687252968e-06
2770 5.0150082271749105e-05
2771 2.0495188443071658e-12
2772 2.065577829433584e-09
2773 2.2712398039377926e-06
2774 7.938831930353935e-14
2775 3.573026424818592e-08
2776 0.004691521276866276
2777 0.0031190674900231463
2778 0.008424455677763792
2779 5.900681810246219e-07
2780 0.0019704358407908237
2781 6.941334804297056e-11
2782 0.24309498543660596
2783 0.006446240448711083
2784 0.09413146310237264
2785 4.479253717537559e-06
2786 0.01127921489988755
2787 0.7525945437568398
2788 0.0011279936962247166
2789 0.009953348996498723
2790 1.0557667106734626e-12
2791 0.7190533406537598
2792 0.01111349810046329
2793 8.440913631735008e-07
2794 2.2879715361874672e-08
2795 0.0006103431614133628
2796 0.0001405559499746911
2797 2.9965461464561674e-05
2798 0.00012765931181674332
2799 0.006292888045012445
2800 2.5259208867445505e-05
2801 1.7553820869496793e-06
2802 5.182028106406734e-10
2803 3.235448760177295e-05
2804 3.5807707263720346e-09
2805 3.7095813387887134e-10
2806 5.9625313768433964e-05
2807 0.005748938285911535
2808 3.2010976456269815e-08
2809 0.6883562396831632
2810 0.007647268784073858
2811 0.1463136443372778
2812 5.23265921911616e-16
2813 2.1002200504502112e-07
2814 7.372741032292404e-12
2815 1.1549178104509904e-14
2816 4.8509750442275185e-08
2817 2.915266761282026e-07
2818 5.581357416048897e-09
2819 3.365517131210717e-11
2820 1.1140642031969863e-06
2821 1.8652188620846707e-12
2822 1.6981808065672485e-11
2823 0.13185128033074378
2824 7.1201385561528915e-06
2825 6.82764774904617e-12
2826 0.006737326411361405
2827 0.0022430327987304727
2828 1.4218008884833992e-13
2829 0.010412510001240972
2830 0.05879829924231681
2831 0.020034097719990155
2832 0.014847298513257483
2833 1.326423899592012e-09
2834 0.004074622342791065
2835 8.451042018568207e-12
2836 0.024927714316570135
2837 5.729359211411345e-12
2838 1.2039599020929496e-09
2839 0.028654477513066216
2840 0.00039070688700586665
2841 0.030413004436694934
2842 0.22549388880494842
2843 0.08670529335150891
2844 0.030218149319982165
2845 3.664115024628003e-12
2846 3.0147437553888784e-12
2847 7.726598971279886e-06
2848 9.946440874992252e-09
2849 1.4907906451219782e-09
2850 1.0598383655848253e-05
2851 4.1408741465300766e-05
2852 4.008154096302033e-12
2853 2.1083034483789426e-10
2854 1.0752967447493732e-10
2855 9.058467885323448e-05
2856 0.02765886963402252
2857 6.485053077365344e-19
2858 0.012585461354446216
2859 0.005605210304005662
2860 2.5379071025423656e-05
2861 2.9649960748513595e-06
2862 1.137133121281224e-14
2863 0.01822544389950482
2864 1.0997434674022157e-05
2865 3.134323315338936e-13
2866 0.02499347553980708
2867 2.8410968594282736e-11
2868 8.777376586751631e-09
2869 0.006445810961954461
2870 5.0110255003448015e-14
2871 5.1496834047687045e-05
2872 0.013256896481792523
2873 4.00085789353937e-09
2874 8.90503583096964e-16
2875 0.0004521561285933153
2876 5.838186275354749e-05
2877 1.288213606260016e-10
2878 6.007565160394211e-09
2879 5.173086741072031e-13
2880 0.005391229899339807
2881 1.5239295580969419e-05
2882 3.6782997261812805e-07
2883 3.551436565700991e-11
2884 1.9097593787895332e-05
2885 3.862904293546363e-12
2886 2.5053872513206653e-06
2887 6.372201503369518e-14
2888 5.17854767445611e-11
2889 1.5644239015328513e-10
2890 0.653846689869621
2891 3.8059675095940914e-09
2892 6.399723348463338e-07
2893 5.477069069806818e-13
2894 6.130770446893742e-08
2895 3.071114161281011e-11
2896 6.4226827088012816e-09
2897 0.18640223172106607
2898 2.561042008333032e-11
2899 0.07466042520646758
2900 8.425427378250904e-08
2901 1.3091473601473032e-11
2902 9.479364548430212e-08
2903 0.09612871933053031
2904 1.3317354410728064e-13
2905 4.579748514622193e-06
2906 5.218913258443183e-09
2907 1.9660660739681813e-10
2908 0.039017907984877455
2909 0.5854645629091197
2910 1.3554106004487097e-05
2911 0.49481461043604114
2912 9.262986177700026e-05
2913 0.00020910184252805514
2914 0.04695369580118271
2915 1.1216253512859419e-17
2916 3.384800961135632e-10
2917 6.464046353116604e-11
2918 0.4316485589282378
2919 4.357795234388981e-07
2920 1.3866158455624263e-06
2921 4.4509324278491563e-13
2922 4.840406216431361e-09
2923 0.05362594241606097
2924 2.1882727403727633e-09
2925 1.4899074293029523e-05
2926 0.13152847326257872
2927 0.01651808064618353
2928 1.9944672471602923e-09
2929 2.6271423922268125e-13
2930 0.011269267199165205
2931 0.0027346094865228396
2932 0.001072161600120817
2933 0.02324568347163056
2934 0.027862350302151728
2935 0.06441018711534008
2936 0.005249383274128836
2937 0.004017492939346635
2938 4.120364166464838e-09
2939 0.0402071917509191
2940 2.3161697600532733e-08
2941 0.03653804440350793
2942 0.17410000744267282
2943 0.007477757115343154
2944 0.0003109731566341355
2945 0.3473516054340909
2946 0.04143771616240109
2947 2.692513890312302e-07
2948 0.00786468104853626
2949 0.02333586557297414
2950 3.1023788213546026e-14
2951 1.3502090593663288e-19
2952 0.1686809103301592
2953 0.015611917882605875
2954 7.090490981199088e-10
2955 1.9258473620871382e-13
2956 6.52231360483442e-13
2957 2.017838375647297e-08
2958 1.3014363017517246e-09
2959 9.610478474355061e-12
2960 0.07531321535565008
2961 0.03482490309031145
2962 8.75369239782492e-06
2963 0.02826340464698273
2964 0.00799817025654538
2965 4.127723310672705e-10
2966 0.004757558698288387
2967 0.02345462951681363
2968 9.766140194293057e-10
2969 2.7572959703754838e-08
2970 9.393598218611758e-10
2971 1.0373770908560585e-08
2972 8.824795230925546e-11
2973 8.09086347457032e-09
2974 0.014957874653985645
2975 3.031969511757767e-11
2976 8.410017188896416e-15
2977 0.02943839851229613
2978 3.67530486842972e-08
2979 0.009598258613419546
2980 1.350437656008706e-14
2981 2.6525337601328643e-12
2982 0.008878397121732953
2983 1.0755842727080237e-12
2984 3.045170953724756e-10
2985 2.908294638016153e-09
2986 0.10801328510303214
2987 8.321644329188042e-07
2988 0.05269197191637618
2989 1.1681876302342054e-07
2990 7.331305234449914e-07
2991 0.04519906811388971
2992 0.031047235101446805
2993 4.9271302813210685e-06
2994 3.486567845051393e-14
2995 0.00015937178116984713
2996 8.397648567839297e-08
2997 3.823419293669993e-14
2998 0.0010777660154492454
2999 0.025604355171810766
3000 4.631824081800119e-25
3001 3.429281639148881e-08
3002 0.0005430779651797707
3003 0.05085439842039496
3004 4.396597526425146e-05
3005 0.00043161773685767245
3006 9.081958202102855e-09
3007 8.431284300921784e-05
3008 2.4932742485968665e-15
3009 1.622843102939413e-09
3010 1.2769411357666746e-07
3011 5.125522496772959e-12
3012 3.1515483058945384e-07
3013 0.03255187419070496
3014 1.338530670765356e-07
3015 5.93437825740072e-09
3016 9.501658757897144e-08
3017 6.957910393550167e-10
3018 0.204550579875528
3019 5.079545070508823e-10
3020 5.257826852872258e-11
3021 4.578587910172318e-07
3022 4.971058447522079e-09
3023 1.69051272615102e-09
3024 0.37685960119535583
3025 2.186662747452813e-10
3026 0.5203763003441118
3027 0.5022483074072821
3028 0.443339321096269
3029 0.5750305220458957
3030 7.261588631359185e-31
3031 1.6253524289179275e-10
3032 0.4753045712452981
3033 0.26920997783127326
3034 0.6143879184307746
3035 2.8424901677188746e-11
3036 0.41783842684445094
3037 2.6053684265030924e-07
3038 0.40096731822067044
3039 0.401963185861533
3040 3.3563615891422094e-13
3041 0.4997208359502372
3042 2.128183078043785e-08
3043 0.3996276081280318
3044 0.14431829201317642
3045 0.0008037658870268882
3046 0.3647781156710504
3047 0.3130063735025662
3048 1.2728462048017527e-10
3049 3.4836961812863966e-22
3050 1.658324533079831e-17
3051 1.9271840556834638e-13
3052 8.800744577823614e-14
3053 2.1924819901391157e-29
3054 0.24491206562830253
3055 8.607245749110595e-10
3056 0.17470371609559257
3057 4.796539332461874e-21
3058 0.10172933839673501
3059 1.8521062892622114e-08
3060 0.2368518731723679
3061 6.431169368856294e-09
3062 1.2380964270693327e-06
3063 2.277016968454238e-12
3064 4.246101707160979e-09
3065 0.0015367993272689265
3066 6.023449708312725e-10
3067 9.686025152754578e-12
3068 1.8339903256879823e-10
3069 1.428922841949602e-10
3070 1.157199190646248e-10
3071 5.402160531054559e-12
3072 4.021169387828716e-11
3073 1.1615571529084866e-11
3074 1.0109899975389238e-11
3075 0.002309757613152101
3076 3.0146285105790992e-05
3077 2.1682399268172696e-07
3078 1.419740954686691e-31
3079 4.5041070588290245e-13
3080 1.1539754509136191e-24
3081 0.011767263190980152
3082 7.84133109317849e-09
3083 8.666151054472343e-08
3084 2.738904997698217e-13
3085 8.224177425102576e-15
3086 1.0437751882423982e-14
3087 7.04434666443084e-15
3088 3.280586805497621e-14
3089 1.7103114392753939e-15
3090 2.6990976588734264e-10
3091 2.1270410415986254e-17
3092 0.09026783042865408
3093 2.8936847838003894e-18
3094 8.296539235155488e-18
3095 3.1475615943019045e-16
3096 2.642928961670394e-07
3097 0.0021837076052262216
3098 2.30214687655117e-15
3099 8.357338945883743e-06
3100 1.4877567634122128e-05
3101 4.812389960187153e-11
3102 1.961332256311598e-21
3103 4.255418635557266e-20
3104 4.127982730692583e-13
3105 1.092804716117898e-28
3106 1.4059701669573911e-15
3107 9.978908194685013e-14
3108 0.001958337724256025
3109 0.01882475552900561
3110 1.4903647808659144e-16
3111 7.817651191748204e-14
3112 0.49746586888829314
3113 0.5750217872772955
3114 0.6151630750020455
3115 1.2161250511111718e-22
3116 3.89073960035477e-23
3117 5.624072645722371e-07
3118 6.9518825736711284e-06
3119 2.8348820073892208e-06
3120 0.3366257907970445
3121 1.4539953226652156e-06
3122 0.6742414331625477
3123 2.5454288422731847e-13
3124 1.0893622214825934e-07
3125 0.2770393658447393
3126 3.008567340975226e-20
3127 0.5289831846236174
3128 0.009868295667851048
3129 0.1658267840546597
3130 7.428434551257545e-22
3131 1.1664200671593983e-08
3132 2.803495756724525e-08
3133 0.0028602947035262167
3134 3.0394486859741174e-09
3135 0.0011215143357996746
3136 4.0588430714840274e-14
3137 0.007236608725058844
3138 3.333033249839978e-12
3139 7.993521795366804e-11
3140 2.802384815731916e-21
3141 8.339361780049436e-10
3142 0.02039949999316729
3143 2.0371715288389946e-11
3144 0.0012092969750344374
3145 1.3043490003425163e-07
3146 9.57426662390458e-16
3147 8.784891599878838e-10
3148 1.242991113296428e-13
3149 7.990421702219688e-16
3150 2.2368841835040107e-14
3151 6.129902949037602e-18
3152 1.3896699947522998e-22
3153 0.0008665720303607876
3154 2.1655740461844822e-29
3155 7.193610811563008e-40
3156 2.479275575487017e-07
3157 3.905769382472595e-14
3158 0.006493258674101567
3159 0.0023858071332909098
3160 0.004875506641029533
3161 5.021945197031427e-14
3162 3.892608483879528e-06
3163 1.1681376855895708e-14
3164 2.9710975746261344e-23
3165 4.679772518351577e-12
3166 3.9021952764162e-15
3167 1.979847323233222e-07
3168 1.2344922327750728e-06
3169 5.327096319083671e-16
3170 4.9295097770316454e-17
3171 0.0004351025893572449
3172 1.5919115514746062e-19
3173 1.3607357796168564e-13
3174 3.346458899722042e-15
3175 3.176713308870134e-09
3176 1.3857749792348713e-06
3177 2.6004399457566617e-05
3178 2.1725328513260112e-14
3179 2.3228999212602153e-17
3180 0.042875934815719344
3181 2.865249141048243e-07
3182 6.005406556764536e-07
3183 5.574676277456021e-11
3184 0.005703220611974061
3185 4.753128084231029e-21
3186 1.1762167667911733e-27
3187 1.2804075621739485e-18
3188 1.5956932032218023e-13
3189 9.696943088242909e-15
3190 1.5426560751693171e-22
3191 1.2027508357779902e-18
3192 1.381899969682514e-18
3193 0.029626730473669274
3194 0.018058449158753327
3195 0.019420688285212057
3196 7.390591680628506e-18
3197 4.3556996648851345e-07
3198 1.7974355564879095e-15
3199 2.133879578338845e-17
3200 3.156946307193893e-14
3201 2.6290915095671484e-23
3202 0.009664250150625463
3203 2.7263664492566445e-15
3204 7.0815811215453275e-12
3205 3.7668984531417854e-11
3206 0.0031075194643883836
3207 0.005772238461335048
3208 2.8330215683703276e-17
3209 9.782404080354803e-17
3210 3.480400566579149e-18
3211 2.1786006774060316e-06
3212 8.260549820715457e-15
3213 0.05839554461363771
3214 5.2071485972341535e-21
3215 2.495372409213128e-20
3216 3.7844438949732885e-16
3217 0.056648602271119404
3218 4.325941360707401e-07
3219 1.7230224772300596e-06
3220 3.027299036362487e-10
3221 2.074025683134615e-13
3222 8.198077202196271e-20
3223 1.2079849864013986e-11
3224 8.846109054159515e-18
3225 4.0534957850932724e-12
3226 2.8805426982070125e-13
3227 3.735824286845675e-21
3228 3.125174730028906e-15
3229 2.537475455618203e-16
3230 4.133983257168587e-14
3231 4.0114978936014834e-13
3232 6.966975890306011e-18
3233 1.0906916151049002e-11
3234 1.3545723135399898e-14
3235 3.0813587021889734e-19
3236 4.0699398233414225e-20
3237 4.6317384553081576e-15
3238 1.1396107738438249e-06
3239 3.7765161633959135e-05
3240 1.9015327169954067e-08
3241 1.4002554952858814e-19
3242 0.0002785938524127038
3243 4.780822809483397e-17
3244 1.543993329438698e-11
3245 6.795227147480361e-07
3246 3.789518333518501e-13
3247 4.223519777408989e-09
3248 1.59903110505911e-05
3249 4.65015451489263e-12
3250 9.3466010414757e-09
3251 4.739423688537082e-17
3252 7.791877517191635e-08
3253 0.0038747232633505897
3254 2.2129835966511913e-07
3255 4.814100854677338e-07
3256 6.511234577085235e-20
3257 1.995208223109893e-16
3258 5.588246005839944e-13
3259 1.83314559784382e-17
3260 7.291750428358628e-20
3261 3.621865317156821e-20
3262 1.8042835290582347e-14
3263 3.8693758268735414e-16
3264 0.0038747526333164127
3265 2.6592547217407837e-14
3266 2.1196142820663545e-16
3267 0.0035038067051430745
3268 4.395221448522593e-06
3269 5.537637239365012e-09
3270 1.7800928242797346e-07
3271 1.3071679297793428e-21
3272 5.127933175021545e-22
3273 3.017757127314546e-08
3274 5.954613305100807e-13
3275 3.784909219772136e-17
3276 2.50468570635216e-10
3277 0.00030752461121178923
3278 3.1486985200171365e-06
3279 1.8452528737404093e-06
3280 7.72715296826002e-08
3281 2.0426793093091313e-12
3282 1.1954898287966949e-16
3283 1.835756421560158e-14
3284 0.017399403281994023
3285 0.030800663852557385
3286 2.4385305524285485e-17
3287 2.766661317908217e-17
3288 0.0047813836664223645
3289 9.709528107277001e-11
3290 2.1813972563361682e-14
3291 2.2899267483565602e-14
3292 3.0289569764305544e-09
3293 1.2655124839061851e-22
3294 5.361850784380407e-15
3295 2.4564766570976615e-16
3296 2.336758967126555e-23
3297 2.1874967074401894e-13
3298 9.329363178198585e-19
3299 3.7278126998488833e-07
3300 1.4004181498858543e-07
3301 3.155617666027025e-14
3302 1.2297562265528448e-24
3303 6.601667271436734e-14
3304 8.223154339366937e-25
3305 4.76626858786693e-15
3306 2.606624634310082e-05
3307 7.077463137676625e-11
3308 5.461264564678099e-29
3309 4.0893189395291837e-20
3310 3.7197986979550675e-16
3311 1.5495713943114816e-10
3312 4.5753645851442035e-08
3313 9.011378100227317e-14
3314 2.6661971828460464e-31
3315 4.930500689879256e-07
3316 0.0007760529189519036
3317 1.6278229136667404e-19
3318 3.964857168779827e-06
3319 1.5030775910434197e-34
3320 1.0430615972106412e-07
3321 1.1747469456486281e-14
3322 3.0576104233923704e-07
3323 0.000491663493105301
3324 5.4811162171061044e-21
3325 2.606892726104897e-05
3326 2.4240845106599773e-14
3327 0.0015309029301146526
3328 2.310545220187542e-08
3329 2.475307047521527e-16
3330 1.2658119371596603e-09
3331 1.0625817273781925e-06
3332 3.5673673173414003e-07
3333 0.0012929502789695145
3334 4.5176816239768026e-17
3335 0.008000611618049042
3336 5.730020167029005e-16
3337 7.245774945867286e-10
3338 2.7864975280416527e-27
3339 0.0007016829551980026
3340 0.006456217675131198
3341 9.913850126581816e-05
3342 9.047827069527867e-16
3343 4.549372600081348e-19
3344 1.9132428434857937e-14
3345 5.2741809064146386e-08
3346 3.678192507446347e-30
3347 2.0272315794285816e-15
3348 2.905484847846271e-26
3349 2.475876431533398e-13
3350 0.043976448919732056
3351 0.0032330630474418144
3352 9.542768188545201e-14
3353 1.3580662916517452e-21
3354 0.032895544262009045
3355 4.3666334480558535e-17
3356 3.01136319134743e-07
3357 5.368463895481619e-15
3358 1.51672445119222e-17
3359 1.3500717499153986e-13
3360 0.0012210860659766427
3361 1.8407026899717014e-18
3362 5.916030268484588e-17
3363 9.082492869790179e-10
3364 0.007147817546828987
3365 6.175199505778676e-19
3366 4.196539506220996e-26
3367 0.025013290857016996
3368 4.0897452326103025e-21
3369 1.7605614040288747e-07
3370 3.1816599698503335e-17
3371 2.2673153833677744e-06
3372 0.0013333129814146927
3373 0.00041642952999969854
3374 0.015133026617537347
3375 8.86126752943298e-20
3376 3.746371477069328e-11
3377 0.006032055105225655
3378 6.37794385652131e-07
3379 7.67956217802035e-23
3380 2.8270342679514262e-24
3381 0.0010496263914816302
3382 2.2676568125528982e-08
3383 2.1197333744680555e-06
3384 8.425609238551514e-31
3385 0.004801223638915195
3386 5.690174065010828e-07
3387 8.916741465403376e-17
3388 2.8925659584014866e-11
3389 3.536555891832851e-15
3390 0.07429902711873276
3391 6.860634927516446e-10
3392 2.910154677996382e-05
3393 6.145864495786567e-08
3394 7.758432382902887e-07
3395 6.084749215480751e-20
3396 0.0023918817436182644
3397 5.767738644991306e-15
3398 1.2313966968188007e-15
3399 5.2065566837224576e-08
3400 6.381876709867858e-13
3401 0.004193523019400754
3402 7.150407514687064e-13
3403 2.103629260596124e-05
3404 2.3691605595850757e-08
3405 9.074534908518054e-12
3406 2.3881843927118545e-16
3407 1.9916500831470397e-11
3408 1.7588433306478693e-25
3409 0.00610303667504707
3410 1.022949694711179e-09
3411 5.380404291633205e-05
3412 1.7821624951106087e-08
3413 2.050815378587058e-07
3414 4.810160772996618e-16
3415 1.1752228817903496e-06
3416 2.6821830567459025e-14
3417 4.095837277731174e-18
3418 3.423868951234908e-09
3419 2.6812239189455845e-10
3420 1.6871627958691365e-11
3421 2.0720922871735857e-19
3422 8.641646800256743e-18
3423 7.892114989615916e-06
3424 7.800198705696528e-15
3425 3.620038944605567e-15
3426 3.667665103327596e-19
3427 7.650526579242273e-17
3428 1.8090946083629655e-11
3429 4.120807891985267e-21
3430 2.0948789947524394e-16
3431 5.863180928549913e-10
3432 2.2324107928073866e-05
3433 1.2111498857088172e-07
3434 9.199157545183184e-07
3435 6.853103263431276e-17
3436 1.946433735378581e-11
3437 1.3796499765911956e-17
3438 7.614925453006002e-12
3439 5.130759049118464e-07
3440 8.785129217777096e-08
3441 0.043877964045101664
3442 9.041692705098838e-06
3443 7.973149710455328e-08
3444 5.025984276871484e-12
3445 6.609847632358115e-15
3446 3.454477144924794e-07
3447 6.187301312240705e-23
3448 2.4616357765469596e-11
3449 7.22104990363035e-13
3450 1.2589883124799926e-21
3451 0.0243473633503077
3452 7.917560688388813e-13
3453 3.4132172502831974e-12
3454 2.1837255533039836e-17
3455 6.617069532366878e-26
3456 1.297471081086678e-12
3457 4.788179330915739e-06
3458 2.8662605340652667e-13
3459 2.3513418258023477e-16
3460 2.9689951539701574e-14
3461 1.6742038304254143e-14
3462 1.8062783588592873e-29
3463 1.6389477476073228e-06
3464 3.055167859862411e-16
3465 1.119134052263444e-21
3466 5.086285175051277e-21
3467 0.012428684649367696
3468 2.763585659311604e-07
3469 1.5159728004955725e-06
3470 3.463238503084064e-07
3471 6.619868111510259e-18
3472 9.907173929094823e-23
3473 3.0991753120733748e-18
3474 1.5201347938144419e-15
3475 0.014539779927772153
3476 4.090785070893352e-15
3477 1.1966769663750163e-29
3478 4.8347975443765166e-08
3479 2.371421660028479e-16
3480 1.0363779356219431e-05
3481 2.6038446011509774e-17
3482 4.358356848725218e-17
3483 3.793461886104191e-11
3484 6.322156187436888e-17
3485 1.2619436146807705e-06
3486 1.3662679604766247e-05
3487 0.036425591915732546
3488 6.324904413321521e-14
3489 2.471389687721558e-06
3490 1.5749557840971847e-07
3491 5.956583794101516e-07
3492 2.251189583452268e-09
3493 3.434200514474328e-14
3494 7.446096664210255e-15
3495 2.8121374160879367e-10
3496 3.5225411558289304e-12
3497 2.5754166490637857e-17
3498 7.003419129253154e-23
3499 9.64150767341588e-14
3500 1.7765872477315827e-07
3501 1.6108712650396235e-16
3502 4.595174337046741e-15
3503 3.1625898281261034e-13
3504 1.4415015410101815e-08
3505 0.024566285601940397
3506 2.302997837797153e-06
3507 1.1783163044029035e-10
3508 9.438854721406324e-21
3509 1.619515244935473e-10
3510 1.7753013929086205e-10
3511 1.6278216068459567e-17
3512 1.8742722059600335e-09
3513 1.0846706097056154e-07
3514 1.3863478949010696e-16
3515 0.00013342770868161438
3516 1.003550528128709e-21
3517 6.928141953180551e-07
3518 4.6801012554641616e-14
3519 1.058833749877396e-13
3520 4.991053392602793e-21
3521 0.02840728092860151
3522 1.3960546089911776e-17
3523 6.389658213204568e-20
3524 4.640250123666101e-27
3525 0.023515980027018525
3526 2.124114213150497e-09
3527 6.666398959112471e-29
3528 1.3977894203521118e-28
3529 1.0432025209158896e-17
3530 2.0807995300715026e-22
3531 6.157544327017661e-15
3532 9.726648617290005e-14
3533 0.04212293757764568
