0 3.0653779746575996e-07
1 0.00013453038001801725
2 4.705552912238343e-19
3 0.0007569016052309575
4 3.9266128489499113e-07
5 3.184255528148504e-08
6 1.0600717183151203e-15
7 9.551320561940925e-21
8 7.277725621835787e-25
9 9.741165105255125e-38
10 3.598264980364562e-13
11 5.2497510214472034e-17
12 4.418525927086279e-08
13 3.8406755633421404e-36
14 1.7326283074932727e-08
15 3.1953033291421696e-15
16 1.770300332210876e-17
17 2.257127679301289e-12
18 3.204148403666955e-20
19 1.1996818775371778e-21
20 2.493843648025794e-15
21 1.1271603522716703e-16
22 0.0001969476612950827
23 2.0672260149624457e-15
24 0.00722510615371789
25 0.010621668407401757
26 2.712017661316843e-32
27 1.926035681670184e-35
28 5.590971130208486e-11
29 1.4185583069171343e-09
30 4.73066432579279e-36
31 0.026311864692598216
32 1.7033808880555677e-53
33 1.2783895552075833e-14
34 1.7080942816678967e-09
35 3.4180694774997337e-20
36 4.529081759935094e-07
37 9.489433493726416e-11
38 5.70293633551364e-05
39 1.5386103900938295e-08
40 6.399881445741479e-26
41 1.27062527176929e-34
42 2.9152339674498815e-17
43 4.734669846791521e-10
44 1.0242719505791427e-14
45 2.827656129298729e-07
46 1.775996227836007e-06
47 1.826137730279369e-06
48 0.018383163369218688
49 2.5340285399233724e-10
50 2.558217909256748e-05
51 1.007150732484326e-18
52 1.9914802853761733e-13
53 9.715383682721697e-14
54 6.892404668045117e-09
55 0.0005681154004947725
56 4.465190656794215e-11
57 9.598968006369335e-35
58 1.1661294156420155e-08
59 4.9519172905418144e-05
60 0.0004802541120581492
61 1.1633526268348352e-09
62 1.4293021199584692e-06
63 0.00011002791767697198
64 1.1805348263230435e-12
65 5.0244607685082044e-06
66 7.56482693957643e-06
67 3.2577059301325875e-29
68 2.1832279047264125e-14
69 0.00033814633458255366
70 1.5807332683065544e-08
71 0.02754400888470095
72 1.4765108595212743e-44
73 2.8527372576824955e-52
74 3.9461116067313455e-14
75 4.646136203274476e-10
76 0.01867621628326697
77 2.1788415873864744e-07
78 0.020597677717931254
79 0.0003023022514788137
80 3.5100823696818496e-11
81 2.621532845638983e-10
82 4.2034137827122516e-11
83 5.526436387612329e-44
84 6.827955728288756e-10
85 2.4482133171015767e-07
86 1.419597720612228e-07
87 1.0802256687774003e-08
88 0.013255601016226757
89 1.9219778127872438e-07
90 1.1329115105333128e-09
91 1.0937575917152096e-09
92 4.652290721874394e-19
93 6.635942895374454e-07
94 1.1947337456138344e-38
95 1.0861559335456897e-34
96 2.6636110800250144e-21
97 0.009960603168450204
98 6.970893277653382e-05
99 4.686964849798899e-07
100 5.177384501161805e-12
101 7.739756270499963e-07
102 0.01728943838765976
103 2.839303851097141e-05
104 1.2471095874948326e-08
105 1.271442288944888e-35
106 4.73848066233321e-23
107 9.022719232623473e-09
108 7.751864088375297e-11
109 3.143591595461123e-06
110 4.175896427340437e-09
111 5.124390955987224e-44
112 1.169859576210261e-06
113 1.4949408836614105e-27
114 3.129676505221857e-05
115 4.054956258714962e-15
116 5.405110307598989e-11
117 8.75792618269495e-17
118 7.718035288272697e-10
119 0.0016168556915850626
120 2.6464693812576506e-11
121 1.019686150451912e-09
122 1.7537364781342103e-12
123 1.0013486020068983e-19
124 2.2051100416013514e-10
125 0.00027867776335330425
126 5.932842837256756e-10
127 1.3781005410572588e-05
128 1.4593253321774008e-07
129 1.2063287099501813e-09
130 0.008448854468441505
131 3.9025021015775408e-53
132 2.2811178589136762e-10
133 9.165309918441361e-14
134 4.785117728761014e-10
135 5.214643021730218e-46
136 1.6269405603631687e-10
137 4.594333385229646e-25
138 3.546696803164776e-34
139 3.4676367616266373e-09
140 4.336689552533508e-10
141 1.2012178557081697e-05
142 4.376842227685312e-06
143 3.6843920317955443e-13
144 0.020363236513988393
145 2.44985859469372e-05
146 1.8028370676993445e-08
147 0.010054976322994702
148 1.911582898134981e-26
149 2.8663766009747514e-10
150 0.007314527230449981
151 0.008894565983531109
152 8.596073497842904e-08
153 8.350631021159452e-27
154 9.866487184031645e-14
155 1.7862601667792488e-10
156 0.016205733243767107
157 2.7709726879304025e-06
158 2.652910454938121e-10
159 1.6426908871404518e-07
160 1.3078797937703173e-08
161 6.078985727946884e-13
162 3.3890677958917403e-44
163 4.2639208766325453e-08
164 2.3730111172069524e-13
165 2.2454116973428585e-05
166 7.786428291898693e-10
167 9.2719535840557e-05
168 8.8727399226351e-33
169 4.2395985214056595e-10
170 3.1932124773082577e-12
171 8.311121702161745e-37
172 6.2700208307812365e-15
173 1.1254100994959233e-12
174 9.728290261512685e-09
175 1.2157911422148654e-11
176 6.491472834471228e-22
177 0.0002834189128770064
178 6.346462969178315e-10
179 1.1946913959975662e-22
180 0.0006578685623278578
181 4.577236526344332e-40
182 2.523404052369628e-06
183 1.515186189742268e-13
184 4.059980858608631e-05
185 5.1679756807930444e-08
186 5.868452757626885e-07
187 2.61071692820634e-06
188 4.690334133235847e-11
189 1.1308448995100654e-09
190 6.571904028166963e-07
191 4.499679605608427e-06
192 3.529160549134262e-05
193 1.9436959951402107e-42
194 3.267439275433313e-10
195 5.481606557894709e-12
196 3.6125305358363056e-12
197 1.9481739449108972e-18
198 8.437435949812569e-05
199 2.2511609758703856e-18
200 7.324845637278864e-05
201 4.748771299667509e-09
202 1.5574856951084832e-07
203 9.815574605626401e-27
204 2.585566662371369e-11
205 1.9792932533615035e-14
206 2.443759661643325e-13
207 1.4624339824143024e-16
208 7.644654900868817e-05
209 4.792599699594735e-10
210 2.4763249674743284e-28
211 0.0005676347073375629
212 1.9981818107909632e-06
213 8.320163498674962e-26
214 6.571386104209308e-08
215 1.5963316418512544e-14
216 2.595448113192362e-33
217 2.2925298222567484e-14
218 0.0029346532570222366
219 6.127589974710904e-09
220 1.330787821378732e-21
221 7.793121719662505e-15
222 7.449402983537128e-11
223 4.894111354697011e-10
224 8.504149662849851e-26
225 2.781269623665402e-07
226 3.7825871375114165e-08
227 2.3390506434822356e-35
228 2.725494441421887e-05
229 1.3795949937406513e-15
230 1.4028263353482082e-09
231 1.1069498095440183e-09
232 1.6608854810403785e-07
233 6.584022809437736e-06
234 5.127472374318072e-11
235 2.2797096811795535e-41
236 3.952889215199546e-07
237 1.3211479096736701e-35
238 4.128061124719047e-09
239 7.211602200973014e-27
240 3.666026240454512e-09
241 1.0100266932706658e-05
242 2.8435747616900046e-27
243 0.000242484921167988
244 0.0076604037177569265
245 8.302157499581354e-32
246 1.1150814084370282e-32
247 7.394512610977386e-09
248 1.871340787449117e-54
249 0.0025283005384989232
250 1.0222006733400599e-05
251 3.221329849683996e-53
252 2.668839208167739e-06
253 3.3183291818137365e-11
254 1.6215937749078314e-30
255 1.7204479109119432e-09
256 1.0792790511998072e-12
257 2.0637441002872634e-47
258 5.5675460494569206e-11
259 2.1903738295255945e-32
260 3.6457517889543e-16
261 4.197613911465478e-11
262 1.9462908266334564e-06
263 0.019465687614135946
264 8.37142149276563e-09
265 0.02467586845149047
266 8.115339614793853e-23
267 1.1104354132038566e-05
268 2.016069847753344e-06
269 0.0011733960003478521
270 1.987803155517761e-09
271 0.00016139531189879086
272 9.635553883578767e-05
273 8.08795765869049e-25
274 0.004589969901241255
275 5.5631841167399635e-12
276 0.16380903044485184
277 0.17721533254164387
278 5.989382463896523e-10
279 3.141194208463524e-36
280 1.3368610319627475e-09
281 2.445461555164836e-05
282 0.05077407502846533
283 1.1936342329134665e-45
284 6.866000348083806e-09
285 0.00018067618588952
286 0.0004643656896491043
287 6.592569241731118e-21
288 2.6536765881723836e-41
289 0.0031040395339260946
290 0.004782284275132469
291 0.0017896945782406883
292 0.34815314981902595
293 8.61316765541131e-07
294 2.5334241551204908e-39
295 0.005095872982646027
296 0.010521889560957107
297 0.008166398169871726
298 3.901829403768302e-06
299 0.0007756454453604723
300 4.0541278347329337e-10
301 0.04690141420476665
302 0.00023565456888284918
303 1.209414747661006e-32
304 8.325040213477844e-06
305 2.1299577223972233e-09
306 3.398640997779251e-05
307 0.01181675417076962
308 1.5810842782792585e-09
309 0.002477505898457524
310 0.00045250572782140635
311 0.12191166263326557
312 0.0010246261792571964
313 0.0001834668257471884
314 3.008629951246613e-10
315 1.2464232410829791e-05
316 0.001159682124674954
317 0.03336404357192691
318 0.22512373140443695
319 9.139312373814899e-10
320 2.7228961924486233e-10
321 0.0012494290402868438
322 1.1747512675777166e-10
323 0.001791549744897889
324 0.0009461549381954891
325 0.0006209733554765609
326 0.040173548712152306
327 0.0016864802341285269
328 7.403371072371408e-18
329 0.0008910345040754707
330 0.00098198978327069
331 0.0004477874074826872
332 0.4992132331827541
333 0.0005383847223011598
334 0.5681749737108378
335 0.08836749755575697
336 0.0012011253085008622
337 0.4872788988289114
338 0.6817347695342353
339 0.0006943397435337179
340 0.6061010966045617
341 5.9588734382809345e-05
342 4.88245751297724e-08
343 0.0011486121343370888
344 3.0454023430079893e-09
345 0.000909759180389971
346 0.0015856820887710482
347 0.002502526993777239
348 0.6929623362295282
349 0.749803335237455
350 0.24639350853032096
351 3.3983547697349965e-09
352 1.971865554840747e-06
353 1.4448266583140825e-11
354 0.715300191489871
355 0.7622004544221378
356 0.00023622869476093666
357 0.724622729556573
358 0.211877146842329
359 5.190856037007432e-43
360 5.400019152441925e-26
361 0.2868041923714352
362 0.027993604789306882
363 0.22904536858744046
364 4.855448403010136e-18
365 2.871876361530699e-15
366 8.77575060670331e-27
367 7.456429912249467e-06
368 0.04985860163206872
369 0.7032611230737139
370 3.6671251096214156e-05
371 6.26117843178741e-06
372 5.6046872916104795e-05
373 8.428572302673871e-05
374 1.0839761256022182e-10
375 0.6198312983950118
376 0.03959018217676262
377 4.879840270476158e-13
378 1.8428056020154532e-06
379 0.6278398022363119
380 0.5227430920098577
381 1.0552679442572029e-06
382 7.620454846829132e-17
383 0.09005508723333962
384 0.5871636098295301
385 6.183746634333544e-27
386 0.5154487055522542
387 1.8556581777660596e-10
388 0.02866848712777186
389 5.674269755466891e-16
390 0.5708233842342973
391 0.002658466503070381
392 0.07006709031275181
393 0.0016903537648068933
394 0.3409136577120982
395 0.06103270737283934
396 0.3836975705662472
397 9.144313660366168e-20
398 0.0009653739591209743
399 0.050618210733541474
400 0.033935431951713634
401 0.0006930650862011673
402 5.29906433723181e-26
403 0.0769489346126897
404 0.7024874475489689
405 0.047074281210693895
406 0.7374133821315554
407 0.002291960098815601
408 3.16329117447449e-08
409 1.1740731993632494e-05
410 0.031512397034675704
411 9.57529863032141e-10
412 1.2236027821405567e-40
413 0.356638877838743
414 1.415079384209642e-28
415 3.473117671094386e-33
416 0.3205317383911738
417 0.6211182303425064
418 4.24386687018509e-10
419 0.7017998251812301
420 0.15580274571593533
421 0.06802667967110625
422 0.00047051667013764295
423 2.0907303207277825e-25
424 0.41182692958947276
425 1.4989521386851418e-42
426 0.12913499716696028
427 0.497911868385573
428 0.47637401290431625
429 1.385265214821586e-27
430 0.2655284512046485
431 1.6222888264508475e-27
432 1.1013977370577389e-05
433 0.016917052449892934
434 2.9680049089511763e-05
435 0.0007035355647855839
436 0.4714526716823177
437 0.2054405684681212
438 0.2652092907845066
439 0.00037239940985481885
440 0.44654200983355063
441 0.030603851936079333
442 0.00044322309560700476
443 3.8017169207978625e-11
444 1.0029435544487508e-27
445 0.0006169999321828504
446 5.728587965870901e-05
447 0.6676535351601987
448 1.4933146347771316e-23
449 0.0006921926494313547
450 0.027660378429205667
451 3.529483702234959e-26
452 7.1072249419360974e-12
453 8.317857561670376e-11
454 3.9952263027193585e-47
455 1.022823313631694e-05
456 4.261698976395797e-09
457 3.55248343591715e-11
458 0.6745627266922996
459 0.0018206325599836712
460 6.397744604588699e-09
461 0.033357437232947776
462 1.9439605196520966e-26
463 9.302281000737533e-05
464 0.6867160205740707
465 1.15587926346195e-06
466 0.00015173004655575547
467 0.0002750324447415726
468 0.003685992662736379
469 1.6787344765091065e-35
470 0.00024905823753891196
471 0.037810687761174584
472 0.747147374192897
473 0.007423288405717087
474 4.696048291207606e-46
475 2.085112404980066e-09
476 0.04254410762129352
477 0.04019689441280078
478 7.745178392726412e-10
479 0.04622985061315464
480 0.4685125041967856
481 0.4012401947224433
482 0.10597584398745225
483 2.7500817554417816e-09
484 0.5250072032306131
485 0.3584743820617551
486 0.09801237555354446
487 0.4377980404451308
488 1.558832110609199e-20
489 1.850562909721546e-08
490 5.2369643335004635e-09
491 7.692800212602746e-09
492 6.526560655107362e-05
493 0.01922935183713058
494 0.13061981264837635
495 5.80747626526756e-07
496 0.07264920154354067
497 9.291635182837762e-09
498 1.9610168292374503e-05
499 0.6124078259994432
500 0.018633601515357767
501 0.0012543551417392067
502 1.6074667406632255e-09
503 0.42183346926050924
504 0.4022001834959702
505 0.37185671918997965
506 0.10003203179465646
507 1.955128261514481e-05
508 2.307743936697405e-10
509 1.5512516845772855e-11
510 1.7122693880089507e-42
511 0.3020205986264075
512 0.12817213525668864
513 0.0009222229993571252
514 4.183785323017348e-07
515 0.003624093278904384
516 0.08808252624641777
517 8.10221329032837e-14
518 0.005310693582267173
519 1.2601669999701856e-10
520 6.837605936982972e-11
521 6.807908326495155e-15
522 3.2331536803054937e-21
523 0.37655767124134815
524 0.0013534422806569997
525 3.1286957965113685e-10
526 1.4574300509950829e-08
527 0.08526002894282797
528 3.461835740334586e-24
529 0.22137146516756864
530 3.668395351709369e-11
531 1.536444985909651e-07
532 1.751224029632359e-16
533 0.11803225943670669
534 2.217358473638978e-09
535 0.1711485608662153
536 0.002930583949659262
537 6.352575486955433e-12
538 3.184724698857235e-11
539 8.989211297869488e-12
540 4.6215120499417793e-32
541 1.5099617571621017e-48
542 0.17940128275761247
543 0.13056521151775263
544 0.2930950108327546
545 0.2909068911419792
546 0.05535177479174823
547 3.49397469801956e-05
548 0.004339134990624331
549 0.004079010836646
550 0.009851337838069312
551 1.2416746295330977e-18
552 9.665770728183922e-35
553 0.07556772448330584
554 0.000490930155178393
555 3.492136678039438e-07
556 0.005069367329932829
557 0.0012927200388427266
558 0.003071172891252256
559 0.12776532326574425
560 0.17362028780351232
561 0.004738946445656186
562 0.00043251499236185144
563 3.039249638112733e-19
564 1.175922693300614e-16
565 4.323801117945297e-09
566 2.5287611937149557e-16
567 4.143147212448495e-09
568 1.5792476276912743e-32
569 0.0008636994608156003
570 0.004942195982144662
571 3.261916923805528e-25
572 0.17532237470437315
573 0.026736592440646495
574 2.037556552675165e-34
575 0.043279702390469285
576 6.62777841042062e-12
577 1.357604228278049e-08
578 4.5858145116778044e-05
579 0.062252202192458236
580 9.990089660804195e-12
581 6.882885933854331e-10
582 4.731310870004046e-11
583 0.2872317463528752
584 0.06506258145402291
585 1.280167739324019e-12
586 0.0077225821724687255
587 2.4654801617364478e-36
588 1.8289162600668723e-07
589 4.966275914459915e-20
590 0.016225985077490304
591 4.838214386260343e-05
592 0.08202208573440077
593 0.0016456992699661428
594 0.0002055163056545107
595 0.0008475965580894688
596 3.731393164390169e-51
597 1.2025119425662762e-24
598 6.908075977398779e-12
599 3.674446857620305e-46
600 0.008837877194904035
601 3.200757748700776e-06
602 2.4778785306946825e-11
603 6.776869067699152e-16
604 0.05250680993005933
605 0.00042421764756469556
606 0.004255111378761131
607 6.471041879532074e-16
608 0.000543752882184281
609 2.863680661201826e-12
610 5.5183487622360255e-12
611 2.8520604281454504e-08
612 0.23476910868666756
613 1.05406393905808e-07
614 4.5452619707657904e-13
615 0.002766738259712853
616 0.044637701628770635
617 0.0012709674732625034
618 0.1127090521238862
619 4.8198202260989704e-05
620 0.021946190662612265
621 2.7943519044599182e-31
622 0.08242479390558821
623 0.004586043390608175
624 2.307256383857658e-13
625 0.011335101212572387
626 0.016389763983347454
627 0.022660946471573844
628 0.2641393712408503
629 1.5220744354628615e-12
630 0.00019121317606281388
631 2.0617188122136517e-12
632 4.023764569686389e-08
633 0.0024852493439386945
634 5.188149331487896e-32
635 2.3050041693097228e-32
636 0.19337006219775252
637 1.0796457957690314e-39
638 9.072658340928649e-08
639 1.3485446452767895e-20
640 0.004807915089613954
641 0.004486499559493933
642 0.2569439310258337
643 0.06644532005115317
644 0.036465847625926265
645 3.943556426775329e-21
646 0.010655864227176692
647 0.009098909708631836
648 0.34320670793237673
649 1.1502869971787518e-20
650 9.938526227173368e-06
651 0.3936701488665767
652 0.028268043726644276
653 1.4089782238338926e-24
654 1.3481353057405442e-33
655 2.5661517695972833e-35
656 0.25226059882826124
657 5.584658875653324e-10
658 1.4622246586638035e-25
659 1.8198467489006278e-17
660 9.270668048896583e-06
661 4.572284959039553e-35
662 1.854653830520219e-05
663 0.24064604199171213
664 2.4028421632466316e-11
665 3.3269547565177187e-12
666 1.2018406054007325e-07
667 3.338535061122809e-07
668 3.350072860825248e-06
669 8.978094454274298e-05
670 0.0012723789101067964
671 3.129342675800087e-07
672 6.408922187849326e-10
673 4.126514533366111e-37
674 0.031948273991324654
675 0.34873255865192493
676 0.000895472995035666
677 0.2890287363935598
678 0.327332743260887
679 0.0002828892866695046
680 0.0005126962335628673
681 0.00016097557228511266
682 1.6823995956360412e-38
683 1.0763006420524384e-07
684 2.5750916222439663e-09
685 6.799466800271719e-21
686 3.141013150537333e-08
687 0.004889678301464134
688 8.029827954320953e-13
689 5.240412417160287e-07
690 0.0001323169332318614
691 0.21998406975965204
692 9.249624899705755e-14
693 2.177150970658285e-15
694 9.889491927200547e-32
695 0.011816413511513227
696 0.0014079151365589176
697 3.6293747728022264e-31
698 0.007679511546915764
699 4.44024789876771e-06
700 0.05465687052937669
701 1.1094869774901231e-06
702 2.653707817205813e-05
703 0.0074421411079826525
704 2.153019077112151e-08
705 0.01629458897672773
706 3.188779353360514e-09
707 1.91126335789604e-09
708 4.728125962668221e-24
709 1.9551186574624564e-32
710 1.2665805467490694e-15
711 2.319297883749295e-09
712 0.7442197184010096
713 0.062089256884546654
714 1.097691413443455e-22
715 3.1574214468451424e-30
716 0.00019947146321871713
717 1.1223160786117492e-11
718 5.886419019515919e-09
719 0.004123792997750752
720 0.005458765457120297
721 0.0002146042382059858
722 0.0035244771564402035
723 0.022231945632219693
724 5.622147018096387e-06
725 1.0598223410593909e-30
726 0.009796748352809312
727 2.667004711039375e-08
728 1.5649035741001997e-28
729 0.7371199767571577
730 9.067926974744733e-07
731 2.0345384631135955e-21
732 0.3028304939221104
733 3.618280090043401e-33
734 2.1900898564434594e-33
735 2.1411766329091893e-22
736 0.5452226001834671
737 0.14298987749746017
738 2.3793874604431337e-29
739 3.7027100791074367e-31
740 2.8398722668054464e-07
741 5.6709241520724456e-30
742 1.2086937265677112e-17
743 0.006474170822285443
744 2.3284273145015073e-07
745 1.8282088528736398e-23
746 0.00037075603543345047
747 4.785997137213562e-06
748 3.8227587119007147e-20
749 0.2859902201793574
750 0.03703773049034267
751 6.235553610644163e-08
752 0.1158300063247316
753 0.06013267273855462
754 1.5277948630757204e-19
755 0.0001681693017147083
756 0.004555763132619457
757 3.293104363624286e-10
758 5.838422989621053e-32
759 0.06623785490803082
760 0.3246145178748251
761 0.7908053329872462
762 2.2553993505042386e-22
763 0.000519506070582445
764 1.6150092836837223e-07
765 0.0005178984658863119
766 0.037138961012276546
767 3.331144599038658e-33
768 8.183887049819478e-31
769 0.018435526107513568
770 3.563518757073065e-17
771 0.0569994300898853
772 0.0028591908033829072
773 0.034522893678904265
774 1.0198435204228576e-18
775 4.684801650375865e-09
776 0.07591330162927708
777 0.006710457295199933
778 0.10897034099371992
779 0.00022794657769541204
780 0.04721612114633076
781 0.00043741997299996124
782 2.0109312380858297e-25
783 6.767253526978696e-07
784 9.137691464408395e-24
785 0.005916279061339569
786 4.400068016901167e-40
787 1.1391005393892818e-26
788 0.003895053458531039
789 0.003232103478968379
790 0.36365295677535875
791 0.00361226339600373
792 1.2029044759915869e-21
793 0.006090885128876927
794 2.175312756403068e-19
795 0.0037567507861744794
796 0.33299870311147917
797 2.015362030963125e-14
798 3.368546391827732e-10
799 0.5679783637579255
800 0.010268672452916452
801 0.012876183510749078
802 5.172015668634426e-30
803 7.853100906588938e-07
804 6.36686456842359e-27
805 1.7015511605421307e-24
806 1.855101339433412e-15
807 4.785011045835475e-14
808 0.7236206020185452
809 0.0001977325313011569
810 0.0766048440109823
811 2.4024283116964815e-10
812 4.6254532168816465e-12
813 3.759348113008425e-10
814 1.395393025376113e-06
815 3.6158074937955784e-28
816 0.009751395629977245
817 2.539418449010412e-36
818 4.741580956048205e-07
819 1.0311323370709891e-07
820 0.0003611783976659855
821 1.6916193320832118e-08
822 1.8138130153346439e-06
823 2.8382026047218126e-31
824 0.004265998804281815
825 0.017766577227286893
826 1.6828342135049203e-18
827 1.9598847772995655e-24
828 3.203135918721312e-09
829 4.767599955620978e-09
830 0.041231315211005315
831 1.5263498226779384e-07
832 0.14383618815543098
833 0.005147282407783324
834 2.871751829751676e-06
835 0.0039822072551957
836 5.04278191608234e-19
837 0.3709244455364684
838 4.5683064561759883e-07
839 6.784594412065309e-07
840 0.017220545488085215
841 0.0037530507199696503
842 0.24863599327975877
843 4.883396789099861e-06
844 0.004542021650078145
845 2.9544064999089773e-06
846 0.025557241839975726
847 0.31597250333692917
848 5.07728041524944e-33
849 1.2522830434909214e-25
850 0.08525104471864034
851 1.5644713048443076e-05
852 0.003265465493025854
853 8.422281804723686e-06
854 1.304272829011923e-29
855 1.2896341901590912e-15
856 0.06400399639084026
857 7.899864407149551e-39
858 3.2794663424445753e-34
859 1.6533657062391157e-06
860 1.504747994507182e-19
861 2.370136504192272e-09
862 3.456716069149718e-05
863 0.010211838446437771
864 0.004968108097024966
865 0.01721448688186915
866 4.253959118283068e-21
867 0.0015466724597740806
868 0.10746863358506878
869 4.12946408682389e-15
870 4.805476854279208e-16
871 0.00012172141965718751
872 2.6327310003022853e-14
873 0.00037918008116915745
874 3.1709215698598444e-07
875 2.232288110986378e-24
876 2.2948920645575815e-07
877 0.0022342523459208657
878 0.019392214173500948
879 0.002305457501282339
880 0.04030846183881863
881 6.89374795658072e-06
882 9.795590362289062e-06
883 1.0246141764425275e-12
884 0.0007690371710082853
885 5.811584901527556e-06
886 0.01729766103253054
887 5.042746207562218e-10
888 1.9112295637366477e-27
889 1.291202898816488e-13
890 0.00691370341316565
891 1.1320647220895502e-17
892 0.26306171201702955
893 0.007589054904965992
894 6.720249340153702e-14
895 1.1381374825269844e-17
896 2.960885035262715e-13
897 0.02857571523936446
898 7.512190247358714e-17
899 0.11505351080452114
900 7.740311727511805e-19
901 1.7983746890383667e-19
902 0.010733917037671337
903 0.16392404280817396
904 2.889390400394174e-20
905 0.04616353519493429
906 0.0776884002778427
907 7.440093816316534e-50
908 2.541811802429312e-05
909 0.019153917194335304
910 0.000974408659135458
911 0.011409126753054345
912 4.094680252227073e-23
913 1.1288335598210141e-27
914 1.4020182509115123e-07
915 0.26318986467824973
916 4.674667072183427e-10
917 1.1907148689256919e-14
918 4.020525415196996e-17
919 4.297066285823729e-29
920 0.039949500505278866
921 8.197036123932097e-05
922 0.009029781451370221
923 3.730483420042386e-06
924 0.002721921535525437
925 3.672490512635516e-31
926 1.153213559033857e-24
927 1.5976706466405178e-15
928 0.00012078365291183721
929 2.611540730166106e-05
930 0.2406318106342071
931 0.00025325439387788334
932 1.7443052720657693e-13
933 0.0005136238837787606
934 0.7785773310475704
935 0.0037765686635989407
936 9.199299955439324e-09
937 0.02972441117689504
938 7.571483194404883e-28
939 2.986711986365029e-21
940 0.0016522534252869467
941 0.0007130430303673112
942 0.6357227581192004
943 4.045103802963303e-09
944 0.13985392214659642
945 7.766501633761365e-10
946 0.01358944080710387
947 2.371599686336929e-05
948 5.373441527753336e-09
949 2.210692793448676e-09
950 1.4551854693530286e-09
951 0.013004716854481211
952 2.3042703345235763e-06
953 0.8008864023231026
954 4.652018712234167e-10
955 9.307491286684231e-07
956 2.7758061405957958e-06
957 0.1390099884236188
958 0.24569020481104276
959 3.1939622187658216e-08
960 0.015411461521219496
961 9.2582296437627e-07
962 0.40161929363008725
963 0.23479974932396708
964 2.9183954545721476e-32
965 5.697537267874274e-06
966 0.008627591321411008
967 3.6557648002713954e-18
968 2.356316639224868e-21
969 0.34616532592366256
970 0.20311562249963558
971 2.861284330663703e-18
972 0.0016359102469059891
973 9.372264977267114e-08
974 0.007284670770739117
975 2.287299531237786e-06
976 0.004664774556113769
977 1.380773411981912e-06
978 0.007349796839438365
979 0.035832157403103
980 1.998263933352237e-18
981 6.056437592788653e-08
982 4.801988727397741e-05
983 8.831124522380765e-25
984 0.009588478631498443
985 0.00429021760828047
986 0.0017800617610788953
987 1.4581870439307978e-05
988 2.2456227287496525e-20
989 0.5458062279057033
990 9.319428943437147e-20
991 1.6828039609540954e-05
992 0.21821348370461346
993 0.04160389193603708
994 6.499323990721878e-22
995 0.013723194391171029
996 1.6673342926864943e-07
997 6.135364428305837e-15
998 0.02007552840271295
999 0.03809783479841431
1000 0.7967332830477569
1001 2.410934301042868e-05
1002 3.232409042850529e-06
1003 0.20306303578971893
1004 0.42517000000990013
1005 7.871401028474682e-13
1006 0.0026107276875922875
1007 1.0945619448127816e-20
1008 4.7656518803481e-12
1009 0.009825187083724634
1010 0.0006590815594891149
1011 2.6196634685966074e-14
1012 9.197442014404857e-23
1013 0.0004562112661220643
1014 2.0010467088599454e-14
1015 0.0014527177186137146
1016 1.7995964601616167e-22
1017 0.0003078558413337443
1018 0.0001105046118118032
1019 0.0018019420242173273
1020 0.3442649809579912
1021 3.609988591302011e-05
1022 3.029666454208851e-11
1023 0.000948397516166859
1024 3.2724496560279684e-05
1025 1.569486910244119e-11
1026 0.0015889220121460268
1027 0.00012614886121630343
1028 3.4250481961417455e-07
1029 0.4229326216147892
1030 2.5814127484549946e-05
1031 0.7210486676728939
1032 0.013515969185502723
1033 0.010703502447375581
1034 3.519386738424143e-05
1035 0.00010009938648776066
1036 0.3482338677466112
1037 1.1930619743632049e-08
1038 0.14389364547427974
1039 0.01243527932300499
1040 0.015016173991548146
1041 0.07808383116046419
1042 0.0004644906247672013
1043 0.05178147582743216
1044 6.995960206817781e-30
1045 1.1170950156658974e-14
1046 4.3920824375976956e-13
1047 0.8213658848568308
1048 0.0014976627940713738
1049 0.020704727283710166
1050 6.838570303354993e-11
1051 4.733503561332408e-13
1052 9.805285831273169e-07
1053 1.173618723898921e-06
1054 5.917646397050353e-07
1055 0.0016089486939832739
1056 0.01634512539223931
1057 0.0054704441821056375
1058 0.0070457818518177475
1059 0.008762827907247401
1060 0.02106725408091308
1061 0.025139147133620914
1062 1.284119905665573e-10
1063 0.019716371132031424
1064 1.3183603700783583e-20
1065 0.019663109868436286
1066 1.3668532196922254e-30
1067 0.008873529391411665
1068 1.1167642111061634e-08
1069 0.056822989417527565
1070 1.0988769846915907e-07
1071 0.014444932000587373
1072 2.8040118373927283e-07
1073 8.83701208163861e-08
1074 0.03934197071173312
1075 1.7886922990040883e-12
1076 0.01942761065183852
1077 8.081769422092824e-10
1078 1.49217550792405e-16
1079 0.016942912475058206
1080 0.02272916357478296
1081 1.816151701878386e-05
1082 2.995339494781409e-12
1083 0.09833392130243773
1084 0.013432679859572059
1085 0.011006294580824912
1086 0.0018204712233652184
1087 3.1509166040542982e-18
1088 0.6037690805991678
1089 7.075616809956866e-08
1090 0.0022740696513325036
1091 1.614953522504513e-05
1092 0.08211997666902231
1093 0.004147772922349957
1094 0.001847607231954088
1095 0.023369861756940315
1096 2.8217874897582474e-07
1097 0.03631498517648777
1098 0.02240085943981992
1099 2.2677621698781542e-07
1100 2.5277352858980332e-17
1101 0.02083421843344259
1102 0.027259783001243237
1103 0.21410910847313647
1104 0.001770155725438796
1105 9.615963500079663e-19
1106 1.3864650617997773e-12
1107 0.013079375552293267
1108 0.10467539978438972
1109 1.2288803614423558e-14
1110 0.01504976648891785
1111 3.6823336161301824e-11
1112 0.0003899815567346947
1113 0.01741117982713795
1114 2.1847306729455768e-05
1115 1.261986455886121e-11
1116 1.0492864282994506e-05
1117 2.825993418539025e-09
1118 1.1414647457862259e-28
1119 0.4964148562953132
1120 2.375429340316435e-10
1121 0.004851270287123405
1122 0.012938496643497718
1123 3.413519101866684e-08
1124 0.01842272590197527
1125 0.007321774626508888
1126 0.001875532689646949
1127 0.014573847877639103
1128 4.448092424617439e-26
1129 9.226874563136597e-14
1130 0.008682557149890439
1131 6.292773841646552e-12
1132 0.8186889058567239
1133 0.0012275213174691504
1134 2.1364000970163973e-28
1135 2.2645512886063835e-06
1136 4.9554791367835446e-05
1137 1.6062514421891158e-06
1138 0.019893371611529192
1139 1.28632446659066e-06
1140 1.1638450190365168e-09
1141 2.6422379323208454e-23
1142 1.9961672017545633e-25
1143 1.4496566806542265e-05
1144 1.5046831273550046e-11
1145 1.4915178726888088e-09
1146 0.016456526222970023
1147 0.00267989322489948
1148 0.009229286907574798
1149 0.0035557178389109744
1150 0.830128867710254
1151 4.497257300878313e-05
1152 0.009627771930171522
1153 0.3077887921523881
1154 4.062048871324541e-12
1155 0.0004382248178112132
1156 0.31151824961758695
1157 0.013355618879358334
1158 0.10516575081188809
1159 0.000799964589338526
1160 5.776028697920495e-17
1161 0.016309801950611217
1162 4.759892209107034e-10
1163 0.024475194505128917
1164 1.4174906467884154e-05
1165 0.0121945974228918
1166 0.02783185901954931
1167 3.020415639578919e-10
1168 0.04988511231252848
1169 0.006591005820806083
1170 0.028721611006855285
1171 8.813070836622565e-07
1172 0.007282679832461443
1173 6.9997474812713485e-06
1174 2.8429862821004985e-09
1175 0.8415497613365408
1176 7.971229832207359e-06
1177 1.353501120705246e-11
1178 0.001899421936397818
1179 0.08329480626319598
1180 1.1139616163258229e-09
1181 0.0014710575736271625
1182 0.0003921973739914309
1183 0.21403184068482003
1184 0.020103482513654156
1185 0.016223392523556437
1186 0.10217862421327863
1187 0.1606083856015818
1188 0.12196735465907303
1189 1.8382737762317334e-05
1190 8.566349467348051e-08
1191 0.00018319557482388934
1192 1.0095082590119256e-06
1193 0.021445553708918538
1194 0.0033049397623518394
1195 5.89401128949233e-08
1196 0.028652377294132936
1197 1.5783134074010023e-11
1198 0.006447471412667959
1199 1.2703524102583169e-08
1200 0.0005531216829472242
1201 7.894819125851569e-06
1202 0.09766621105848566
1203 3.0857792365779498e-15
1204 1.09409725020317e-08
1205 0.3351302506759322
1206 8.336052828372495e-11
1207 0.00017459091024295072
1208 0.0019478748446980602
1209 1.4374438126686214e-16
1210 1.2599787079931274e-05
1211 0.5009921169364521
1212 0.05959581735056637
1213 0.3158187226668574
1214 1.2961721978689371e-23
1215 0.021198261170607167
1216 0.0019959311631815714
1217 2.0164735249517066e-23
1218 0.0010204634157550338
1219 0.006222597843985547
1220 0.6059546394372937
1221 3.367201137090013e-06
1222 2.559984469594637e-08
1223 3.7770511136589715e-06
1224 9.038210884665273e-11
1225 9.040204030263689e-06
1226 0.004840349914010555
1227 5.730625866396067e-09
1228 0.01689348485003164
1229 9.280330719609608e-15
1230 0.14380016892745948
1231 0.04481931687657828
1232 0.20114880105911512
1233 2.902027780633453e-08
1234 1.4016027500882228e-05
1235 0.005286348084124298
1236 9.300906839592837e-22
1237 0.02872126120644232
1238 2.370946512319892e-06
1239 0.003049183397320918
1240 1.3321792884320316e-21
1241 2.9766849311764234e-10
1242 9.744010736091827e-09
1243 6.692736656272646e-06
1244 9.323844920663979e-06
1245 0.0556141186476779
1246 0.06365524493054774
1247 9.676858412424886e-06
1248 0.029767515240846844
1249 0.6067845661229296
1250 0.025389870452926313
1251 3.40799346740195e-06
1252 0.14179962875264576
1253 0.0009803578781112771
1254 0.03308185672151826
1255 0.17485642089611977
1256 1.1689946664490824e-09
1257 2.9665727664601973e-10
1258 3.9168389458033114e-13
1259 1.4180187834105212e-07
1260 1.1834707918782543e-17
1261 1.0597179518242946e-09
1262 0.26011886535352224
1263 0.001249332404861527
1264 0.6424924195082333
1265 8.260115613898194e-10
1266 0.21419321989479986
1267 0.010066789980422128
1268 2.0357125106281737e-06
1269 8.926268124316645e-11
1270 0.010613920308019314
1271 0.00021321591123449292
1272 4.807795856669403e-06
1273 3.3158394395594464e-20
1274 0.03999190207517875
1275 0.002415336564945456
1276 1.5821452335756183e-06
1277 0.03851264819170286
1278 0.013377315764506173
1279 0.021974964165053783
1280 0.001138361157183015
1281 0.0032819275658616345
1282 0.044249363372582735
1283 7.397860582749223e-14
1284 2.36806955703817e-09
1285 0.022957282350888713
1286 1.3998769216773095e-12
1287 6.332110457459127e-06
1288 2.6160848186777217e-06
1289 0.010764863629440187
1290 0.03827755328801793
1291 0.00878545848613072
1292 0.03011183390938624
1293 0.04066550325776351
1294 1.5398724959270713e-05
1295 3.2390574900335186e-06
1296 0.02767163389309555
1297 1.1296554817095805e-19
1298 0.11606404113220758
1299 0.7567616126706987
1300 3.128702436071566e-06
1301 0.06765331787818352
1302 0.04501317511710661
1303 0.1404353610681707
1304 0.0019458333524825424
1305 1.0525284112877514e-15
1306 6.330223979665079e-20
1307 7.059686364949389e-06
1308 1.2405187926049723e-06
1309 0.002745522715679932
1310 0.18391381391941058
1311 0.005800374582857034
1312 0.02784307036287011
1313 0.22661835955391016
1314 0.004871657424869947
1315 4.0391269708406194e-06
1316 0.0005578436082732214
1317 0.0004525646948385016
1318 0.8418056692077169
1319 8.558208552505834e-08
1320 1.3447891376494982e-05
1321 0.00018202608974999244
1322 0.002627677846122077
1323 2.645100657086907e-08
1324 0.0015717698891993838
1325 0.6885269505197622
1326 2.0063831059545665e-31
1327 0.1460297678302792
1328 0.323179739093031
1329 4.825006978391094e-07
1330 0.2928431598262678
1331 1.820366559901034e-10
1332 9.73061973279586e-07
1333 1.9148093432807965e-06
1334 4.3794171920806185e-06
1335 2.801424725469119e-05
1336 2.1766353331254442e-07
1337 1.9405125705330058e-07
1338 1.8250647994284797e-08
1339 0.004940591828957343
1340 0.14982442318626024
1341 0.2704385883829935
1342 0.47731788002288006
1343 1.831616932405034e-05
1344 0.0006801706139938623
1345 0.7032515701075223
1346 0.6157104276068095
1347 0.12371117874980164
1348 2.1639025993003668e-08
1349 4.2145334085280135e-07
1350 0.09345171476531519
1351 1.944761606213936e-06
1352 0.17063720213422298
1353 1.2484996067718862e-05
1354 1.433562909101712e-06
1355 8.799058432080183e-13
1356 7.900415332858181e-07
1357 0.1843012513550193
1358 0.04472907728615584
1359 0.1951890107304276
1360 4.919343611007467e-10
1361 0.00012834365159549187
1362 1.5419401972793748e-05
1363 4.180378396908061e-06
1364 1.4176987547395074e-10
1365 7.178649687628897e-06
1366 0.4911151572821404
1367 0.01517093271321474
1368 4.09679632949113e-16
1369 0.00142841964105885
1370 0.045761418115377435
1371 4.6600759682978214e-05
1372 4.060774807996488e-05
1373 1.9459836940528815e-05
1374 5.8458404089980724e-05
1375 4.660137545751023e-05
1376 4.404870567584083e-06
1377 1.1936147472281752e-11
1378 0.039685837315317316
1379 2.9799857734520883e-12
1380 0.23081357180078524
1381 4.024873628573666e-05
1382 0.1316266405089117
1383 2.845673833456309e-05
1384 4.782505242171215e-14
1385 0.1831573476581374
1386 0.17310761932419638
1387 0.00047172342963456936
1388 0.4447826056584086
1389 0.019168968387953244
1390 0.0014328388830769448
1391 0.0003156635711275505
1392 0.0015366876180075257
1393 0.00019132003329271847
1394 4.151676749185613e-06
1395 1.5489254561246525e-16
1396 0.0004790402594662046
1397 0.0851337420902099
1398 0.4183286586244045
1399 0.7882324474954298
1400 0.33692712437335315
1401 0.1557126404008937
1402 0.00012718883354611655
1403 4.4638949151282406e-10
1404 0.00020893140746467914
1405 5.945062470749976e-06
1406 2.1638786879345967e-06
1407 0.006136303475311503
1408 0.028515484455531676
1409 0.001222952125844182
1410 1.0287651025330313e-06
1411 1.894199412412589e-08
1412 0.012157129707407885
1413 4.935493498170041e-08
1414 0.0828896086002827
1415 3.062872212098046e-12
1416 1.2095634964265555e-07
1417 8.404017474857192e-12
1418 4.3105666455543483e-07
1419 2.225487493062471e-10
1420 2.5018222197222546e-06
1421 0.027505325646638126
1422 5.558652724605895e-07
1423 0.2826445050047625
1424 0.004037058515978956
1425 0.0001778467485190515
1426 5.319945589572974e-19
1427 0.009872586406695008
1428 2.739360022920136e-08
1429 0.002928052117524412
1430 0.6784676154340867
1431 4.406786604034178e-06
1432 3.4900295914774334e-06
1433 0.010446120012893644
1434 0.009572705782477832
1435 7.496524637480078e-06
1436 8.236472178230707e-05
1437 0.038790031296664765
1438 0.060158264650915866
1439 0.06479349779631391
1440 3.08214949096418e-07
1441 0.00032875864385139555
1442 4.892542574119912e-08
1443 3.0586099388523304e-06
1444 6.009467451096302e-09
1445 1.1154849173583615e-05
1446 0.018460196498678902
1447 5.34785162594074e-07
1448 6.330802039256363e-10
1449 4.402916684163287e-06
1450 4.8843634278427205e-06
1451 0.06759152808292919
1452 2.1622038335575138e-06
1453 0.004495962350456083
1454 1.3919437721201433e-05
1455 2.686590857789793e-11
1456 0.049208069193704844
1457 0.00040017726644331515
1458 0.04503792690896338
1459 0.0019614530577104564
1460 2.736886859404167e-06
1461 0.016284689718980866
1462 0.04040833887667949
1463 0.2837753610323403
1464 0.19037355765584923
1465 0.00010485781044449862
1466 8.881416341466883e-11
1467 4.166520734697557e-06
1468 2.0960738067432272e-18
1469 1.420993692688875e-07
1470 8.756275816590996e-05
1471 1.1525970092463894e-14
1472 0.010234759608140673
1473 3.307461900072015e-06
1474 0.00020946375663283317
1475 0.0018459797343693457
1476 3.560699418124628e-08
1477 3.793895843157727e-07
1478 3.418833976973553e-07
1479 0.01664739068056333
1480 6.266762477137239e-10
1481 9.437554280873047e-06
1482 0.007317135565773698
1483 1.0834872061375638e-08
1484 5.463114550873511e-10
1485 0.0040380754799528035
1486 1.2293177085559136e-11
1487 1.622652557779264e-08
1488 0.024584567776101848
1489 0.04440376090261301
1490 5.46895718016834e-20
1491 0.0006695619176022815
1492 0.0061189687165563835
1493 0.031078955680671833
1494 0.011232652546811054
1495 3.131280276148662e-07
1496 0.05611524101697159
1497 0.00030243189457161625
1498 3.092952521680095e-11
1499 0.0006198323966913992
1500 1.7104416098860023e-08
1501 0.028682757108677265
1502 8.648519349575938e-09
1503 1.1095883323861572e-13
1504 0.02773131117050664
1505 6.3027732402839935e-09
1506 0.21534329493014048
1507 4.319688057162429e-07
1508 7.237530659673595e-05
1509 3.4991221281365022e-06
1510 0.049212170742786346
1511 0.05485912593334063
1512 0.0007392166777617542
1513 0.0061120604936336365
1514 3.482663762129766e-08
1515 0.03789710439650536
1516 5.6809833488280796e-11
1517 5.7127681608610914e-06
1518 5.537866383228819e-06
1519 0.004682154306559854
1520 6.821350301739073e-05
1521 1.3105880109668618e-05
1522 1.8700932330745777e-10
1523 0.0033744177342154564
1524 4.6336308994219586e-05
1525 3.512697967339671e-05
1526 1.8099176734923021e-07
1527 0.004427586784257852
1528 1.9912592466806414e-11
1529 2.9556471069800837e-19
1530 4.063267106352377e-06
1531 6.310457020581243e-07
1532 3.595686168179979e-13
1533 0.02430892183279242
1534 3.0160177963735087e-05
1535 2.247596506407704e-09
1536 6.038186251020162e-14
1537 1.9386333912852216e-16
1538 0.005147600063951745
1539 0.0026491881424046374
1540 0.1610678018861131
1541 1.730171844953963e-08
1542 0.031208519999457045
1543 0.18453410485300537
1544 6.085310669688041e-11
1545 0.0029147326356480773
1546 0.332479277076466
1547 7.364946007620242e-10
1548 9.25944142592993e-06
1549 0.04082304155719156
1550 1.663635206222181e-05
1551 1.4066036159064306e-22
1552 6.606488619142896e-05
1553 2.886483771139147e-12
1554 0.0001451683012011386
1555 3.193022169342368e-11
1556 0.009500146260149134
1557 2.2025903067837923e-13
1558 1.1793100014580248e-21
1559 2.167024563047185e-06
1560 0.2540863898943565
1561 2.392390259280839e-09
1562 4.674570825465112e-08
1563 7.596717903999165e-10
1564 7.033980550597721e-10
1565 6.374546567691441e-09
1566 3.64641416260022e-06
1567 1.0988633363452208e-08
1568 3.1715864726849495e-22
1569 0.00017725937802886963
1570 1.9361110174137947e-10
1571 1.935548241816409e-06
1572 0.0040769696270234
1573 9.866351739293808e-18
1574 1.8654577807554983e-07
1575 1.2490459754006359e-05
1576 0.01330441437109565
1577 3.491621893956989e-10
1578 2.0925183934995046e-13
1579 4.557430290932479e-11
1580 2.4761129433138215e-09
1581 3.8038484411331195e-09
1582 0.029317513401001093
1583 1.9785161132879356e-09
1584 2.9423093164598e-11
1585 0.009550529366539596
1586 8.944052732600458e-05
1587 0.008904779376124942
1588 8.445246391689816e-09
1589 0.01757953641630355
1590 0.001210000441744261
1591 9.240993434566317e-11
1592 3.3790234836472436e-11
1593 0.00020681199012029488
1594 9.844251114531945e-05
1595 2.1837619116008197e-10
1596 9.895219603782954e-13
1597 1.0375270852745523e-07
1598 1.3328614624666427e-06
1599 0.04498652819120931
1600 0.0011547483254077963
1601 1.420006695055721e-07
1602 9.51244846559064e-05
1603 2.7047448778874447e-19
1604 1.025280772604065e-10
1605 2.3001572449822114e-07
1606 2.1636291523631377e-07
1607 0.00031931525552362914
1608 4.613055488749324e-06
1609 0.37908442095824263
1610 0.02641923424367923
1611 2.4657922806647666e-10
1612 5.613301066217765e-05
1613 6.136077894830968e-09
1614 1.3316152724218359e-10
1615 6.21846079302759e-07
1616 0.0006247604097769319
1617 5.063651878175589e-06
1618 4.5874179831922687e-07
1619 0.00015846259548816312
1620 0.5478601538624044
1621 6.771791568462821e-11
1622 2.0882454057274714e-10
1623 3.362719172368305e-06
1624 0.003282992172493623
1625 8.174904666491821e-12
1626 0.018636446337116877
1627 1.433380335427239e-10
1628 1.6367420774479964e-07
1629 1.7012521502133583e-06
1630 6.220591656747054e-09
1631 2.882576906748909e-14
1632 0.0026201831664032092
1633 7.867167396177462e-05
1634 3.858056641766854e-07
1635 6.78515524174843e-05
1636 5.2630951925795204e-05
1637 1.3912376935799136e-07
1638 3.346899734034874e-05
1639 0.00014939882038588026
1640 8.247760390578639e-11
1641 6.376521936719461e-11
1642 6.436268304346544e-10
1643 4.018939739198839e-06
1644 9.200147297534953e-07
1645 3.5937180269266503e-11
1646 7.807581068169378e-07
1647 6.714088395318599e-11
1648 0.5557635885515096
1649 2.8681863223163172e-08
1650 7.467098598781282e-06
1651 0.008555238015997828
1652 3.4161384660878803e-06
1653 6.700139582558626e-15
1654 3.283079232993275e-18
1655 4.30560464154838e-06
1656 2.186083231049598e-16
1657 1.2081550436878063e-10
1658 0.028600804222775566
1659 0.023439319904991665
1660 0.00017640180251294696
1661 8.326418384742053e-05
1662 8.638430993620288e-06
1663 3.426109401358738e-05
1664 2.5358199096727596e-12
1665 5.3249266987285905e-11
1666 0.04474900761447179
1667 1.545098705927609e-10
1668 1.5234634488517958e-10
1669 1.0132681429278123e-10
1670 5.472462100988033e-06
1671 6.98842425358293e-11
1672 8.880751210500254e-07
1673 1.4647760570054262e-05
1674 1.0379361098286925e-10
1675 0.11852790979755182
1676 0.006567524407493159
1677 9.155108568962923e-21
1678 1.3757629541807083e-10
1679 1.2609905739309065e-10
1680 8.41350549514232e-11
1681 0.5230340228112392
1682 1.277933599023583e-11
1683 6.822934801984346e-07
1684 1.0183144697752479e-10
1685 8.848987284813506e-10
1686 1.2604053815019443e-08
1687 2.6131297972709525e-09
1688 4.431524493282973e-11
1689 5.702159766734836e-11
1690 2.4304318902431466e-11
1691 1.3112289024114103e-09
1692 4.720930093978526e-09
1693 3.143355870682961e-11
1694 1.662892207054992e-11
1695 6.41231127507228e-11
1696 0.008247018860426052
1697 0.06654175870842399
1698 1.3816734747503157e-07
1699 0.00030093801029347256
1700 0.00018572000959104031
1701 0.01716654350222657
1702 0.00030705809616159553
1703 4.23385023460996e-06
1704 1.635863049278424e-10
1705 0.0001251480907351577
1706 0.005596907915034946
1707 0.015571101514111209
1708 0.45822610142753833
1709 1.906793433284971e-13
1710 0.10461208096513339
1711 3.251608025988576e-07
1712 6.5159320815900875e-25
1713 0.0004495810227235467
1714 9.809641246410023e-11
1715 6.333345158572147e-06
1716 0.3743827156710322
1717 2.381158108602765e-08
1718 4.104272035392145e-10
1719 0.00038308540586465007
1720 4.743535460227361e-14
1721 3.266621756924543e-06
1722 0.0647992287146971
1723 7.829177379503359e-08
1724 1.6847777955296708e-06
1725 3.95206791413447e-05
1726 0.28501125974171665
1727 5.462384279851812e-05
1728 1.8194219722307355e-14
1729 0.0022212901162146537
1730 1.706260336364483e-07
1731 0.0024579767114473656
1732 1.6954586743253784e-14
1733 2.855332114020037e-06
1734 0.0020975580450045684
1735 5.322436472937023e-07
1736 3.5258819689914176e-06
1737 0.11907322435913582
1738 1.214800514000812e-06
1739 0.11197809720763267
1740 0.08769721296374787
1741 5.10439768730332e-09
1742 0.18070541666404527
1743 0.0024578241391696345
1744 0.004118359650148232
1745 0.5539691586309009
1746 1.4810076980857734e-06
1747 4.590456018834456e-09
1748 3.4100835034262335e-06
1749 1.6129930880520165e-06
1750 0.001089805798256602
1751 0.20234138554263353
1752 0.01656082607429514
1753 0.012426068946965518
1754 1.6026333487752558e-08
1755 0.6861584694946775
1756 0.0013121531650094882
1757 0.06339533724881224
1758 0.0024714383577419
1759 3.541932009141597e-17
1760 0.16427668550614327
1761 4.0358738826468855e-06
1762 7.901951159463832e-09
1763 0.003175950704831173
1764 0.789430047414797
1765 0.1237383774968129
1766 1.304671097658006e-08
1767 0.01987217511956048
1768 0.1334966091390889
1769 3.3287384271821946e-18
1770 1.1498168128936314e-28
1771 3.7626380718449e-08
1772 1.3876850725314288e-05
1773 3.2849713677947125e-16
1774 3.2268316381687704e-06
1775 0.8428250005552113
1776 6.291818462185e-14
1777 3.998402179279028e-09
1778 2.980837512362983e-05
1779 5.639762198236953e-06
1780 0.13280689968225798
1781 0.0003154029184116992
1782 0.0001456869983260471
1783 9.144557033355131e-09
1784 0.08216584741572529
1785 2.740289308569864e-06
1786 0.0002812187376742846
1787 3.5589451148530996e-07
1788 0.006152045250997629
1789 0.5567659908016981
1790 5.886936811489386e-05
1791 9.880679605148549e-05
1792 5.492998235431253e-07
1793 1.804363605381043e-10
1794 0.004363318704995078
1795 0.8331390175634886
1796 0.00018750436384456885
1797 1.53492974173661e-14
1798 7.15932908972125e-17
1799 5.658844867104737e-07
1800 1.6718687098088786e-08
1801 0.007161089138938562
1802 0.27497538673867034
1803 1.2958129363466502e-08
1804 0.010965739532777396
1805 5.0491799796603316e-09
1806 0.18260413105510523
1807 1.0187543415265828e-08
1808 6.894058878949862e-05
1809 4.342387923097058e-09
1810 3.5917450114205516e-27
1811 0.8009003158716006
1812 2.2506427511547172e-29
1813 0.1484272644411439
1814 1.5452946124258114e-08
1815 0.7618205138741531
1816 0.15381721213153485
1817 0.022881614956711233
1818 1.818087654796817e-07
1819 4.103832845820242e-10
1820 4.621503224312334e-06
1821 0.0043660558049286955
1822 0.11333842774906053
1823 0.002804456577966385
1824 0.00014711733557670035
1825 0.4451592777471119
1826 8.595379465254754e-07
1827 0.3703245516303743
1828 1.5754705297981414e-05
1829 0.1353634746373379
1830 4.0078843532409455e-05
1831 1.5987935682695382e-09
1832 4.493778231767491e-09
1833 0.49754956879020396
1834 0.05837711671994856
1835 0.15028493354394484
1836 1.857224604457866e-06
1837 1.8161026822955613e-35
1838 0.02288655581392614
1839 3.552198374151886e-13
1840 0.01990980648809484
1841 1.504582619936635e-08
1842 0.07161896717462513
1843 0.0015097697654358985
1844 4.852034598729347e-07
1845 0.1129142605475442
1846 5.709347878241715e-09
1847 0.6428229956736903
1848 6.94865741070562e-05
1849 0.5153348032209714
1850 0.09877828491831728
1851 4.2572469414232303e-10
1852 0.4158122542866691
1853 5.887191357509194e-11
1854 5.4347736326198744e-05
1855 2.1000266496508838e-08
1856 2.2927532677891305e-09
1857 0.0001521850920266463
1858 1.6257737158744743e-06
1859 0.03234178110895079
1860 0.0034611078547306254
1861 7.893868123437456e-14
1862 3.776879608745687e-06
1863 0.008077953506802233
1864 0.0005103856215387347
1865 1.991192251710143e-08
1866 0.008030523542954734
1867 1.907053511411441e-08
1868 5.4025464688477e-08
1869 2.1897389272966128e-07
1870 1.3205112243699884e-06
1871 0.02456565096921135
1872 0.48897646845708675
1873 0.20246635786703082
1874 0.29374461622860887
1875 4.3466216731385016e-12
1876 0.024244212823915545
1877 0.0011084895134331914
1878 0.07623651142474917
1879 0.009379411595951567
1880 0.009701864267314236
1881 6.411395524399744e-07
1882 8.261301079642692e-07
1883 1.814492509926017e-07
1884 0.045544634043686985
1885 0.49950115064449874
1886 1.7823128723504692e-06
1887 0.4257794142672535
1888 0.002599234932854826
1889 6.4941991174675915e-06
1890 0.000619052443813273
1891 1.5287703494234368e-06
1892 7.900953459624214e-05
1893 2.623286067234253e-10
1894 8.012094751928634e-17
1895 0.016023524589363097
1896 0.0018527224486438161
1897 4.020228747137396e-08
1898 0.0681586743618749
1899 1.3180455726003427e-06
1900 1.5877851108785714e-05
1901 3.3922594745608847e-08
1902 1.0694487041826234e-06
1903 6.249271319636264e-08
1904 6.448155854528279e-07
1905 6.0365853497728875e-09
1906 6.755311090861065e-08
1907 0.31152058823373807
1908 0.023930858655437537
1909 2.4257831665122306e-08
1910 0.4795498774504906
1911 2.806923044485084e-06
1912 0.027362849331822536
1913 0.014069528769755358
1914 0.0004195685414128309
1915 9.055881617731342e-08
1916 1.6177136597314662e-06
1917 0.06381112761943344
1918 4.161772305246713e-21
1919 4.015726942609761e-09
1920 2.957796830629549e-13
1921 0.010195409906886402
1922 0.007269223051180281
1923 0.3563691106726332
1924 0.3355244630617222
1925 1.6267289973714278e-06
1926 7.460741455981275e-05
1927 0.00010636378374391068
1928 6.694539853765785e-07
1929 1.6327727518446416e-30
1930 0.0018134448035187637
1931 7.760490003961191e-07
1932 1.4724362683861388e-05
1933 1.9874559384812965e-06
1934 1.958631718546477e-06
1935 2.563696528352725e-17
1936 3.717793406913104e-07
1937 2.3264748891441188e-07
1938 0.18867006738784145
1939 0.023572246968493582
1940 0.004034695233809142
1941 0.016745730307562528
1942 0.0013076841329641407
1943 2.0849592538581837e-08
1944 0.29052512315384926
1945 0.0268102216685402
1946 5.634804539971813e-05
1947 0.01435945383169625
1948 0.00897509245383048
1949 0.030308113742957197
1950 0.1660741950073568
1951 0.00011093407219934974
1952 0.04351691084179892
1953 5.103571539733294e-09
1954 1.4233280545960397e-08
1955 2.086178080480551e-07
1956 0.00018107649019329485
1957 0.00021393425620418478
1958 0.11385279587180128
1959 2.977452857375866e-21
1960 5.720904488907245e-06
1961 0.09357263945306886
1962 4.839591223887511e-06
1963 0.0014070068469651071
1964 0.00015250911183290698
1965 1.2706139211136074e-06
1966 5.3568890846951486e-08
1967 0.2383698728372406
1968 2.5011688957055976e-07
1969 0.5030304974470879
1970 0.0003444509854383158
1971 0.06405309465642854
1972 0.1895104155942687
1973 0.03644495291835136
1974 3.922537568733918e-08
1975 5.6350482652924254e-05
1976 0.013540310642194199
1977 4.421932354828405e-06
1978 9.05332751631448e-05
1979 3.2723244914007804e-09
1980 1.0587180808241648e-06
1981 8.400330871649163e-07
1982 0.0021453083354620473
1983 1.0257212801082662e-41
1984 4.640889780592904e-09
1985 0.23276986823609047
1986 0.6160264273223766
1987 1.3248471702910937e-08
1988 0.4814757289515911
1989 6.969704078704489e-08
1990 0.4898678729362326
1991 0.0131712261870168
1992 2.7627096190359446e-08
1993 0.010268644625336412
1994 0.14035634064807267
1995 0.0008738870974642869
1996 0.00029570667631535774
1997 0.2955404275870926
1998 2.6222586359170796e-07
1999 3.897636413718663e-08
2000 1.8872792323560976e-07
2001 0.4437712457504382
2002 6.682110695048218e-08
2003 0.37493719277982784
2004 0.0002181373909871485
2005 0.7329202807971789
2006 0.002846711969173212
2007 2.9404033345328497e-09
2008 1.0349070481105992e-07
2009 0.00969696504380973
2010 4.031133682825505e-06
2011 0.00025809552054641594
2012 7.465446404910617e-10
2013 2.6664945589201746e-08
2014 4.013029539798972e-10
2015 1.66116622186317e-06
2016 7.593275731428397e-09
2017 2.2762255060790473e-32
2018 0.0008900297187900801
2019 0.8103187927194426
2020 4.201875696730107e-07
2021 0.21732264983646207
2022 0.0015565231770944957
2023 0.1514366043914621
2024 0.009458819846819887
2025 0.005971697658938062
2026 6.267649872331098e-15
2027 0.4598242480612538
2028 2.495368848285298e-07
2029 4.3645658153123256e-07
2030 0.0007558150047012074
2031 4.7359253794847775e-08
2032 1.2973968901029708e-05
2033 0.0020537779727719235
2034 0.07038183287534729
2035 1.1166428008935896e-08
2036 1.5383320958257217e-05
2037 0.37010111050215994
2038 1.3171031223749855e-05
2039 3.8475749346777744e-05
2040 0.00026797504235369455
2041 4.7724342601814825e-11
2042 3.332300146311279e-05
2043 4.011982686262904e-06
2044 0.00043490594494716167
2045 0.5297495131078134
2046 0.0002892513213187162
2047 2.9298985140432783e-06
2048 0.006219988390694143
2049 0.00011180961521305614
2050 2.989683513443961e-06
2051 1.2237612605032173e-19
2052 5.848247298481166e-06
2053 3.418589317860648e-05
2054 0.8307075240243442
2055 0.1488764896131025
2056 3.668906827113073e-07
2057 4.798650784241803e-08
2058 6.6094177664410044e-09
2059 4.6736800266912383e-07
2060 6.867008898137909e-05
2061 1.0259768257430201e-07
2062 5.793850218442121e-08
2063 0.00014844202950974414
2064 0.09503056963444996
2065 5.894337212142779e-06
2066 0.5660503567618924
2067 7.985268406682088e-05
2068 0.004719086472458378
2069 0.00849213074821564
2070 0.006562641233281642
2071 0.05660420567546691
2072 4.6118459859846547e-07
2073 9.232562707110866e-05
2074 2.6003254952817075e-08
2075 0.007007326316598705
2076 0.13808786624334446
2077 0.0007964687422154312
2078 4.0825480566889955e-11
2079 5.885444971812082e-07
2080 5.323128714698716e-07
2081 1.3189144552136845e-05
2082 1.1960966442942045e-18
2083 0.7881579130081604
2084 3.378157721249957e-14
2085 0.00012293148606248985
2086 0.0005179758728290784
2087 0.5564808434968826
2088 0.02450746768256691
2089 1.5489572025908375e-06
2090 0.0047796839980477415
2091 0.00016500515715329035
2092 2.0677871424603514e-07
2093 2.7197009254068103e-06
2094 0.00020721153846676985
2095 5.6371049385847444e-08
2096 1.1839703177173944e-06
2097 0.00018407608968069972
2098 0.00016962563342062578
2099 0.002187313168181619
2100 7.306934541813035e-07
2101 0.022587383941822553
2102 3.388037315798056e-07
2103 2.2793635077507255e-09
2104 0.00023771298631112856
2105 1.4480084877597211e-08
2106 0.04788036690617811
2107 0.2741671802463788
2108 0.08745155212803134
2109 0.00014921513171246812
2110 0.001496438319337439
2111 0.14922675565690963
2112 5.43736760479971e-38
2113 0.0001479815813134706
2114 0.3972781910758554
2115 0.6915552190093606
2116 0.0033063313459374085
2117 0.5025274254862424
2118 7.394279531290163e-12
2119 1.226629395443772e-16
2120 0.0004399046718676687
2121 0.0006155221653544511
2122 0.00039589969518520813
2123 6.645225234325968e-07
2124 9.191998250355051e-20
2125 0.18348064332047548
2126 0.007623682098939258
2127 0.0012834541014332078
2128 0.0003835044919337052
2129 0.0004368717469882415
2130 0.07260922860108435
2131 9.774258439987621e-06
2132 0.23701897573556976
2133 4.989177073020539e-10
2134 0.038123818923374866
2135 5.116784317825761e-24
2136 3.8899734186499846e-08
2137 1.3335448301224744e-10
2138 0.005312178542996194
2139 0.5762575165497474
2140 4.684678340431128e-05
2141 0.0008181452969085527
2142 0.008360564054523869
2143 2.118873806069744e-12
2144 0.009086630847942897
2145 2.244094323790681e-07
2146 0.00011837759781389367
2147 4.4985607961021405e-49
2148 1.4752291481067438e-08
2149 4.8782713308175935e-09
2150 1.7000726225974537e-07
2151 4.7462188030720407e-07
2152 0.21826990325678033
2153 0.009002148641024818
2154 0.0001771018348160398
2155 1.1422842887396421e-06
2156 8.38819779892725e-05
2157 0.28703332963691064
2158 0.4132081117843116
2159 0.0018361302906238428
2160 1.1151772643456278e-07
2161 0.04663159424644897
2162 3.859495723269892e-10
2163 1.4143538468504275e-09
2164 6.480744528496684e-07
2165 1.5587160949163768e-05
2166 1.0908112756918611e-07
2167 0.08623131431342625
2168 0.07289608691268225
2169 0.35019809427485304
2170 0.0009447834010451428
2171 2.692376116665373e-08
2172 0.0737408349379921
2173 0.0045195789653795695
2174 0.000987752287426338
2175 0.00043993349774274876
2176 0.1057348639642906
2177 0.0018682584767625604
2178 4.256275343248497e-07
2179 0.055093882597275844
2180 0.0007122872311710961
2181 0.6153495797887155
2182 0.5597948812731782
2183 2.495026152403246e-06
2184 5.982393234733542e-12
2185 1.7738995534825738e-07
2186 8.261155615917053e-07
2187 0.00017270412284980537
2188 0.008511467982694365
2189 0.38135289235183784
2190 0.17123050980953733
2191 0.0002396414432887369
2192 0.002262532386326462
2193 0.2575265689363986
2194 0.004012978409710793
2195 7.504845365616105e-16
2196 2.9045123065216562e-11
2197 5.9910196748674005e-18
2198 9.471127898524537e-08
2199 9.637915936007218e-07
2200 1.689439210957054e-07
2201 0.008111755689737439
2202 0.12946579215494208
2203 0.001202476275289512
2204 0.003343994112477357
2205 0.0031621609362662054
2206 1.5672648096155442e-05
2207 2.956834614696778e-13
2208 1.024278510714949e-06
2209 2.5833906582378402e-14
2210 0.46897241962524916
2211 8.562274195725537e-07
2212 7.231478221628123e-07
2213 0.004627708429988177
2214 0.00017068255169450843
2215 0.0991068134177422
2216 0.3075958737161572
2217 3.432820762289458e-10
2218 2.1807426564743555e-28
2219 0.0009339767375382251
2220 6.748049651447632e-09
2221 0.007461032895495292
2222 0.22058330392693679
2223 2.9303634524581286e-10
2224 0.06937859148313767
2225 0.015147657618757051
2226 0.013776151679908546
2227 2.402776936518205e-28
2228 0.010662033992638518
2229 0.4163108631033733
2230 1.1631661395484348e-05
2231 0.14551423841454034
2232 0.28149899273315604
2233 0.025489441191439595
2234 9.867107816196885e-07
2235 0.002424737958506865
2236 7.035212170182922e-08
2237 2.4370581539015304e-39
2238 0.09111471327820156
2239 4.350323743065965e-07
2240 0.08337271609183673
2241 0.012848310968372205
2242 0.015687209224145612
2243 0.09486741280663838
2244 0.022099245143561024
2245 0.03352417323937808
2246 0.0507378240746529
2247 7.328821694544282e-13
2248 3.033480903944751e-15
2249 0.0009472591084599532
2250 4.4859770881288605e-05
2251 0.00011114846970510474
2252 0.0006975079073145442
2253 5.3739590794085476e-05
2254 0.032183441047759935
2255 0.03163916485200205
2256 0.0817312782803616
2257 8.567467595075208e-08
2258 0.05182998108259615
2259 8.376628028664917e-33
2260 0.00011747629258551593
2261 0.02090645241097157
2262 0.00034938497622122907
2263 0.10677143099257831
2264 7.569399540828461e-08
2265 0.0007832266104674942
2266 5.868691534112871e-07
2267 0.00024173130058993296
2268 0.28408896363771124
2269 0.11132559978718201
2270 0.0013737358464498627
2271 7.23062469376516e-07
2272 0.0024307521261222745
2273 8.131004004175309e-07
2274 0.15300972970401766
2275 2.9624506491258235e-07
2276 0.00023915555755763495
2277 0.0007857435143334532
2278 1.5485443903346839e-07
2279 6.347796492151095e-07
2280 0.2123662157190077
2281 9.39021347820181e-10
2282 1.172459258571685e-14
2283 1.539389061425004e-09
2284 0.0002248235396253163
2285 2.751439524082575e-06
2286 0.058231510771631065
2287 0.0682454053082718
2288 6.024104422730398e-12
2289 4.028887140188632e-12
2290 0.19798249547552052
2291 8.304294509638735e-07
2292 0.04927884876592393
2293 0.18519133363271192
2294 6.004536834303849e-16
2295 0.004476829276600208
2296 3.728734314850827e-11
2297 2.9084563159303113e-09
2298 0.034125230649870664
2299 0.0009620856683194274
2300 8.210578498194048e-11
2301 0.34199561693936925
2302 3.3189424403992723e-15
2303 0.0010631273671094727
2304 0.7938298210421727
2305 0.18939780854429786
2306 3.7755709139109965e-16
2307 6.0350668382233476e-06
2308 0.2073614238198567
2309 0.60221055738066
2310 0.11953602810998466
2311 7.66314155887578e-07
2312 3.5226216119197986e-16
2313 0.34010223197844075
2314 0.03374442875408558
2315 0.01215103623505863
2316 0.0003721336433781688
2317 0.000453538912622973
2318 0.012900659675284318
2319 0.014757228206399318
2320 4.626583040629388e-07
2321 2.4968623482333724e-19
2322 1.403019585928217e-10
2323 2.258828804162007e-07
2324 0.17740691044644374
2325 5.229670208711187e-12
2326 2.3380249152733262e-07
2327 2.4294345206159237e-06
2328 3.8973488023612473e-07
2329 1.7817133180230105e-05
2330 0.0025114712825849888
2331 7.830766614836376e-11
2332 0.44239872948740416
2333 6.09700672219663e-08
2334 0.00020206810685327245
2335 0.3626814175543617
2336 0.12399413723653653
2337 2.125569602311342e-07
2338 0.008700668478739921
2339 0.7745956236636293
2340 5.937433767499063e-08
2341 1.711032875598401e-24
2342 0.0011411523663204409
2343 0.0003190574845325322
2344 2.333876337522793e-09
2345 7.256293587940901e-06
2346 0.018196218452172442
2347 1.398556445359327e-15
2348 0.0003128677547517053
2349 6.3890250582035926e-09
2350 1.4465837169773777e-07
2351 7.794131403123486e-34
2352 4.465663516131047e-15
2353 5.698793414347011e-10
2354 0.03824121840753989
2355 0.0034466214604784873
2356 0.1130018886423538
2357 1.1265717571400666e-08
2358 2.09297750963722e-07
2359 0.3970454052265579
2360 0.022699372145203785
2361 9.90330798209837e-10
2362 1.3205692904530829e-20
2363 2.8342175840655157e-14
2364 0.00014619430460737404
2365 0.00199495117506343
2366 0.0004986447379900017
2367 0.010792105243536248
2368 0.10024437267317002
2369 2.230760090855913e-15
2370 4.4564418417114184e-08
2371 3.689170271258024e-10
2372 4.2747244660733346e-11
2373 0.014924049768450938
2374 0.013773275264123268
2375 9.32020459332276e-05
2376 1.4124207038366741e-14
2377 0.0018554369087015721
2378 0.0031237996208611065
2379 0.0005481024721661
2380 0.016616028192986323
2381 0.09189000511432406
2382 0.03006474225670289
2383 4.4182072537009943e-16
2384 4.665785827447726e-14
2385 3.572575788306584e-15
2386 1.0806182288564122e-07
2387 0.0041016332426243455
2388 0.005095293293776106
2389 0.0005786643836203398
2390 0.01022265140113624
2391 6.784662137708354e-08
2392 0.5533029594968877
2393 6.356558231579342e-09
2394 0.0023999840164160855
2395 1.808495403625972e-20
2396 0.004474409653734894
2397 2.099400448999936e-05
2398 0.0017873370293666154
2399 2.461241475340411e-21
2400 0.03834156070092475
2401 7.955052435847062e-12
2402 0.08754728176549866
2403 5.941318196445053e-15
2404 0.04879169173513894
2405 1.3541623727490496e-13
2406 0.4933985984693038
2407 0.0010466815542197767
2408 0.49667972090013107
2409 0.053614856688574845
2410 0.004554143334037601
2411 0.05518135695576553
2412 0.5887957957794214
2413 4.0565660017721006e-08
2414 0.0140922388039141
2415 0.06336264859118118
2416 0.00797215335275589
2417 7.67191458082779e-12
2418 0.0001980807983836972
2419 3.541602272164245e-13
2420 0.00021790723824883433
2421 5.926081005226786e-16
2422 0.0038063701206824847
2423 0.004670875202494235
2424 0.6559166829449217
2425 0.6203284483820024
2426 4.985961091495876e-15
2427 6.502726024164077e-11
2428 0.00011524238689345795
2429 1.158095114607847e-22
2430 0.005241223142812111
2431 1.8306495834524674e-19
2432 0.0077285721649969635
2433 5.451462885078071e-21
2434 0.6708920233230766
2435 1.0771881597010772e-42
2436 2.080011311457611e-15
2437 2.5881531089149124e-07
2438 0.002655566560718835
2439 0.00013277912629441478
2440 0.006115603015246521
2441 0.005964048121649552
2442 5.7634191308743995e-08
2443 5.339907301501428e-42
2444 1.9803036557488636e-20
2445 4.947026343352608e-05
2446 0.1783809134789955
2447 0.0204037262576296
2448 0.6367030145615598
2449 1.200546375129028e-07
2450 5.338989652568998e-11
2451 0.5510455656165819
2452 0.5620082230378716
2453 1.8984099874204898e-25
2454 9.947882043681962e-13
2455 0.058770645391710674
2456 1.5613738444459323e-07
2457 3.817511465910081e-12
2458 2.0583571359936063e-20
2459 1.9393147454937304e-08
2460 2.3998866689532613e-08
2461 0.4310515360877212
2462 1.3216463058873127e-05
2463 4.0905101233297367e-07
2464 4.613746065725691e-14
2465 0.007886953951970664
2466 7.922328467863454e-27
2467 1.9758549774839054e-23
2468 5.9534111198474375e-05
2469 0.17700671131993553
2470 1.5234768842095647e-11
2471 1.2275225147844546e-22
2472 1.4777756961317269e-05
2473 0.001516353038287905
2474 0.0035846421059951864
2475 2.937405753147206e-29
2476 5.762836432121236e-08
2477 5.511957574038867e-11
2478 0.020885626663849466
2479 0.023962730778488397
2480 0.07065836136294966
2481 3.023390157902826e-22
2482 4.92957091034268e-13
2483 0.1109537305867539
2484 2.3141065903002295e-24
2485 3.394905684882123e-44
2486 0.049244604729578936
2487 5.399169469337542e-13
2488 3.9160290297532655e-10
2489 0.00011551351645043479
2490 0.021809988945304216
2491 1.4264201322242805e-08
2492 0.036005909535202815
2493 4.550659845697712e-09
2494 0.0005657547703564025
2495 0.05736180141854581
2496 4.9471047371565344e-09
2497 0.071000714486749
2498 0.005556035955280046
2499 0.0017182905335598052
2500 7.833666484978128e-16
2501 7.181758078476516e-22
2502 0.06738685600078091
2503 2.5325186737264454e-28
2504 1.8204626166378728e-15
2505 3.8088342725666596e-23
2506 2.123814332989274e-24
2507 4.273480330067987e-28
2508 7.149176558191423e-22
2509 0.09810476753266478
2510 1.143735136203754e-07
2511 0.03821088310064049
2512 3.950321721156568e-28
2513 1.4795250864608545e-40
2514 1.4521926582091102e-15
2515 1.038493904792851e-23
2516 0.08561813089988649
2517 2.8786601964221626e-12
2518 0.0027266871427077456
2519 1.0436260017576784e-21
2520 1.4166396773346592e-12
2521 5.805128840430669e-24
2522 0.0004353211318416994
2523 4.839562915800436e-09
2524 1.5596984735092944e-07
2525 5.652810147399974e-22
2526 3.5142662770200075e-09
2527 1.0064808907748586e-08
2528 0.003241834081943852
2529 5.908566921924557e-25
2530 3.669267315914398e-18
2531 5.6922255374032796e-15
2532 1.252952512686972e-05
2533 3.042127834716296e-08
2534 4.3332105503027534e-44
2535 2.8539942908540944e-08
2536 0.0008267529561480175
2537 1.52635648978695e-13
2538 0.0020108708484110876
2539 7.312304248326739e-05
2540 0.0014227141346760455
2541 0.008789062426779976
2542 0.0012661486478060373
2543 0.002112084959828317
2544 0.16902458938162562
2545 1.9278366194196843e-07
2546 4.344799721297982e-05
2547 0.00104082740154407
2548 3.594457981094747e-05
2549 0.0027363064239178817
2550 0.3978613347946886
2551 4.8327655897516706e-05
2552 4.412657142897303e-14
2553 0.03710390588406704
2554 9.955273125597458e-14
2555 1.699259902942202e-11
2556 1.2691205095577068e-27
2557 0.03149207864897418
2558 1.76295263587672e-08
2559 2.8480262883816703e-18
2560 8.525168971491579e-20
2561 2.3124591816432166e-21
2562 0.0009924632862640548
2563 0.0008450765972855861
2564 0.10954100416099449
2565 5.699978312786561e-43
2566 4.832056888827761e-28
2567 0.45325066970553246
2568 1.0707122452342853e-28
2569 0.01523537892408587
2570 0.048565546216772226
2571 1.5684302144402803e-09
2572 0.0023312747170886566
2573 0.005277256567770002
2574 1.5878327859744172e-08
2575 3.0127276033789955e-08
2576 2.8479558793573213e-08
2577 0.00045013333872782185
2578 1.3184869647987261e-17
2579 0.0008946983883219029
2580 0.0002236626778819664
2581 0.0005372663762736691
2582 0.0006672577192292557
2583 0.3959696240385097
2584 0.2617432415135913
2585 6.912295454634821e-14
2586 0.0007262447260225276
2587 1.086670552595892e-07
2588 3.3567227649333477e-22
2589 0.011503958994933854
2590 5.717746477714172e-30
2591 0.002804569111437258
2592 4.2438799364715366e-08
2593 0.17997852210238333
2594 0.005878530297708049
2595 0.1923966684239682
2596 5.580752445424236e-05
2597 1.454528531036956e-07
2598 0.0011914341811291506
2599 0.04283486974333406
2600 1.4335069477430367e-08
2601 0.025695679055753443
2602 0.001242641346180727
2603 0.0506370304502123
2604 1.0200252722399598e-21
2605 8.104134621248349e-23
2606 4.198295959455628e-08
2607 0.002285730801242618
2608 8.380766876457496e-17
2609 0.01181919094522553
2610 1.3082631105957448e-26
2611 0.014179233556613574
2612 7.240236245158351e-50
2613 0.001220225698846988
2614 2.321154049545122e-12
2615 5.586506851225784e-15
2616 0.3258737018227208
2617 0.01430202566687208
2618 0.3723810911325891
2619 5.1571007857025275e-26
2620 7.730934962565464e-35
2621 3.0371958590871424e-43
2622 0.005606935435610688
2623 2.3347238059307588e-23
2624 0.007682168337630247
2625 2.755630204331532e-12
2626 0.4239360049116725
2627 0.0003586972527624636
2628 7.903072675619916e-24
2629 0.45264981548813005
2630 1.0183728383082023e-10
2631 0.08176644696831527
2632 6.82517401069927e-29
2633 0.01663653568198279
2634 0.00012890098162919735
2635 0.0005576737117161645
2636 5.0376464614793924e-27
2637 0.363137272432387
2638 0.0018391253959399215
2639 2.2015014252095507e-29
2640 0.12456370813269847
2641 2.4530897509005143e-06
2642 2.18338891730232e-10
2643 0.002150814599371659
2644 1.5689700195361235e-27
2645 1.024406171454904e-05
2646 0.004942012807590818
2647 0.18260616357853146
2648 2.56366320168422e-37
2649 0.00262163339843122
2650 5.33622687335529e-38
2651 1.356477728881477e-05
2652 0.16687008303433332
2653 0.004634223821752792
2654 9.313606285366984e-06
2655 8.024016432683303e-06
2656 0.20244268505501944
2657 2.0704235833678756e-07
2658 3.7159603076736265e-12
2659 0.0007330830192328283
2660 0.08736839394338221
2661 0.265582177120635
2662 0.11900515189642061
2663 8.532891413642786e-05
2664 1.5232787699565573e-25
2665 8.205755894017709e-08
2666 0.2388328845157669
2667 1.3860651379653264e-55
2668 0.010610607323221978
2669 0.4016685211593876
2670 0.00023411702487010266
2671 0.06290791952217097
2672 0.00019758083040543906
2673 0.22057752420470889
2674 0.0742204316742
2675 0.23033981891034433
2676 0.23001430159224903
2677 0.040541134484123255
2678 0.11080935963097097
2679 0.00628216309598717
2680 0.18350026908098607
2681 0.09630416506070501
2682 4.9680035599120947e-05
2683 0.1495173186248879
2684 4.669579594995605e-48
2685 1.6001331804090413e-05
2686 5.231078945970303e-13
2687 8.578417098939051e-11
2688 4.2160677556535036e-18
2689 0.00024360252365539416
2690 1.0421671470927567e-05
2691 0.07675478707234336
2692 0.010686098884200594
2693 0.24560164245945304
2694 1.1103234419576017e-19
2695 0.007662643714923895
2696 0.13644853454653783
2697 0.23623630311732804
2698 0.14381636907290585
2699 0.0012806382933429315
2700 2.9888230932433024e-13
2701 0.09475128875202703
2702 0.00045337455926279974
2703 0.030116224021188853
2704 1.6152950698438353e-05
2705 1.1276525170388599e-09
2706 1.7395094809150098e-26
2707 7.111125079230346e-26
2708 0.01681575981808355
2709 0.3515768405083971
2710 0.09434431545215152
2711 5.783417635292879e-05
2712 0.05884977521049209
2713 0.04975014283057643
2714 0.06685364849820152
2715 3.90159708042263e-13
2716 1.854549273580302e-22
2717 1.5134561758831121e-12
2718 0.10271620563579306
2719 5.421769208844056e-20
2720 2.307686392499655e-05
2721 0.0010817710050572485
2722 2.9867941575103003e-10
2723 0.16328333504490186
2724 7.090814711431883e-13
2725 6.638331479988982e-12
2726 0.0383454100522914
2727 4.5682422686688135e-05
2728 2.1578927460662742e-10
2729 1.4627982096408234e-11
2730 1.2580979060897266e-05
2731 0.13355967846693437
2732 1.065447182901014e-08
2733 0.2686816946080033
2734 4.855152327961376e-25
2735 7.776504697337486e-12
2736 0.15374725227683322
2737 0.005318235476100587
2738 0.44753607806591256
2739 4.777104341572753e-17
2740 7.855555837276228e-10
2741 7.86657247707356e-08
2742 1.2005281699044143e-05
2743 8.480721194940259e-13
2744 0.0004821157651376513
2745 0.0001656674891023253
2746 1.4383807266977004e-05
2747 8.46131944076864e-05
2748 0.19009705344977695
2749 0.2367104574653796
2750 1.901101115564887e-26
2751 0.2894656940711591
2752 1.3303372119995752e-17
2753 5.1712092877086453e-08
2754 0.00519761347031647
2755 0.08519964307306754
2756 0.011527308663211442
2757 1.2053135900741545e-05
2758 0.0004523396392033211
2759 0.06446890166995592
2760 2.8245575324243864e-16
2761 0.007878161373619264
2762 0.04227958616590049
2763 8.217351703805709e-13
2764 1.3013672769878017e-11
2765 0.20419393958556906
2766 0.1588151329438432
2767 0.00048067630399649847
2768 0.13590841425542516
2769 0.0004830075319683612
2770 0.12383029578406507
2771 5.612079124752412e-19
2772 0.00010030374367596886
2773 3.902943216344996e-05
2774 1.906242459459273e-18
2775 6.107556490354909e-05
2776 0.494150678071253
2777 0.3878865054128125
2778 0.6455036839581172
2779 1.0742208013608059e-05
2780 0.2847839914515589
2781 1.6495218147530431e-12
2782 0.05731315190930941
2783 0.5839628930149271
2784 3.358999686537175e-07
2785 5.160514327281683e-05
2786 0.5512722130086283
2787 0.27122825317862614
2788 0.1937893696337724
2789 0.6598386948558606
2790 6.658595536163208e-18
2791 0.29117742824798576
2792 0.6270392622836143
2793 3.08107709679374e-05
2794 1.1099120273157307e-08
2795 0.12325969756445852
2796 0.08689294936516345
2797 0.00758093790969443
2798 0.09572249797038386
2799 0.06749412824144271
2800 0.05043939937106496
2801 4.285474491466606e-05
2802 1.5194141037409642e-08
2803 0.10254080021327566
2804 0.00023697021665667988
2805 7.800396185653693e-05
2806 0.1275964184009049
2807 0.14692205333057226
2808 0.0005581290865428463
2809 0.1971521484986562
2810 0.23183792760129582
2811 0.04042617280065483
2812 8.534012860592679e-11
2813 8.558105316507477e-06
2814 1.830725902516423e-06
2815 1.6525667345616308e-08
2816 5.613559755745823e-08
2817 2.260244723133771e-05
2818 1.5049679943083352e-09
2819 1.8095899765814554e-08
2820 7.621477944411861e-05
2821 1.454476061897757e-18
2822 1.2812687050504697e-05
2823 0.09846249288169445
2824 0.05281186826966071
2825 1.375185153362352e-06
2826 0.39360752396573406
2827 0.18153676172496627
2828 9.99544854356206e-17
2829 0.520487622577324
2830 0.03126789341723994
2831 0.7334838180824402
2832 0.6403115490953872
2833 2.8493802236798466e-05
2834 0.2771666371299794
2835 1.8465005430946633e-17
2836 0.7804655661004912
2837 3.789759853588132e-09
2838 0.00010116031799854434
2839 0.7700253498765938
2840 1.4428260277251134e-07
2841 0.7037036266963326
2842 0.0702112682707033
2843 0.11376019586886106
2844 0.594854044055337
2845 1.0209415567949385e-09
2846 5.019484273866175e-23
2847 0.05065090122833367
2848 1.4274143270929064e-08
2849 1.6603384827523644e-08
2850 0.00332099258779914
2851 0.0008726911362174989
2852 2.36521892137949e-22
2853 3.953975547709001e-05
2854 3.574781416686203e-05
2855 0.0027990954144108656
2856 0.46435303358068913
2857 1.5782665708835337e-27
2858 0.07576762696350878
2859 2.893858280225973e-05
2860 0.07900401321895882
2861 0.0002462239223137413
2862 1.2401163385493727e-08
2863 0.21894213258213238
2864 0.002174050204954825
2865 3.7245293202732515e-17
2866 0.1913795023087587
2867 4.659959356491352e-12
2868 3.158948072044942e-05
2869 1.9842751596709726e-05
2870 4.277868934978372e-08
2871 9.74311496402629e-10
2872 0.13255871169732458
2873 0.0002098900014045846
2874 6.037578480860705e-08
2875 8.247449721313782e-08
2876 4.657964560316099e-10
2877 3.323787271085511e-05
2878 1.0771023581082298e-05
2879 2.5114727035445175e-23
2880 0.033267865523051283
2881 0.0034579353379404106
2882 5.2023332896292726e-05
2883 1.4749606199612103e-05
2884 0.034244525409363104
2885 1.828793487062558e-16
2886 0.02939606152865815
2887 9.645027920683812e-25
2888 3.0307461573401712e-05
2889 1.1361254693318376e-11
2890 0.12662602096607514
2891 5.377896001797436e-08
2892 3.296070833071381e-05
2893 2.44739044735336e-17
2894 4.09956192356299e-08
2895 2.4688400391482242e-05
2896 1.872142935806393e-07
2897 0.07824496200774318
2898 2.5069340298900112e-05
2899 0.12619627885943716
2900 0.00016589578621514873
2901 1.486697168280573e-09
2902 0.00010701336567457115
2903 0.06290402476149132
2904 1.1977282909697702e-18
2905 0.03890532199032884
2906 1.2382236412304284e-08
2907 7.495887188255559e-08
2908 0.03684929820542283
2909 0.1544302263571841
2910 0.0649756600342768
2911 0.11416685676007336
2912 0.00044380196487232794
2913 0.0018632299972103192
2914 0.07152417384997765
2915 2.0101788086453615e-09
2916 9.632938259968377e-06
2917 2.958149471458048e-05
2918 0.13462812729659432
2919 0.00010544125205698181
2920 0.00016407109391507245
2921 6.645935093276612e-24
2922 2.1220078677708354e-07
2923 0.12107031644476106
2924 1.505758115980079e-07
2925 0.06051799277578631
2926 6.162090781681443e-07
2927 0.1130820358767206
2928 1.318697407647302e-08
2929 7.329410273401779e-17
2930 0.47038711077254314
2931 0.4070476480880455
2932 0.21937887560101804
2933 0.7169245521666086
2934 0.07392603483655225
2935 0.07319774817718364
2936 0.5702796887197092
2937 0.2312572824612782
2938 1.5893285669011338e-08
2939 0.07907834952271539
2940 1.9447764924460316e-05
2941 0.8149321505350169
2942 0.035159810797775096
2943 0.5988925662052309
2944 0.08891139225642945
2945 0.09477265695745604
2946 0.6810069568913784
2947 5.2812632611852776e-05
2948 0.4658675362249034
2949 0.07987123749914725
2950 1.1496163144091373e-17
2951 6.615023136157453e-38
2952 0.09226038928240575
2953 0.07125533245405778
2954 1.2570440322239053e-08
2955 1.6803071900858464e-06
2956 1.0744143303175926e-17
2957 6.583939259215908e-08
2958 4.756535389642839e-08
2959 1.670002774617215e-09
2960 0.029496285492505755
2961 0.41303209498915977
2962 0.04755116923524928
2963 0.28326242790234285
2964 0.06477920824544295
2965 3.802686892310796e-08
2966 0.17630897523632807
2967 0.33228624800476925
2968 5.417106953097612e-08
2969 0.0001315742376306924
2970 3.45465876680039e-05
2971 5.493137791377411e-08
2972 2.9360849009958033e-08
2973 6.725762228945248e-08
2974 0.10198619509219574
2975 5.475008296030235e-06
2976 3.7998419844965713e-19
2977 0.2580055865287658
2978 3.652577981779888e-05
2979 0.050599564870866295
2980 5.285739738490014e-10
2981 4.854029343256496e-07
2982 0.07112138570065611
2983 5.014026306597889e-07
2984 4.192380833156815e-08
2985 6.344309201958272e-08
2986 0.05310730650245422
2987 7.89644780198476e-05
2988 0.00016472849594152407
2989 3.313613945844743e-05
2990 0.015899457340876715
2991 0.13115659515853728
2992 0.12042443136700423
2993 0.03546822917762038
2994 5.047169902999923e-08
2995 8.665790122549784e-09
2996 3.304360629412843e-05
2997 5.631270403344318e-18
2998 5.855040795349231e-07
2999 0.12780228455743115
3000 5.466518103462855e-41
3001 1.9883238350935437e-05
3002 0.012867105936854698
3003 9.509019834501738e-05
3004 0.0016955603739339342
3005 0.0032774832839811098
3006 1.1219319076392273e-05
3007 0.00014558107200528302
3008 7.458133579472819e-31
3009 1.655379529829292e-07
3010 0.00017738448824052217
3011 3.450877614547791e-10
3012 0.00010453418625231977
3013 9.526283849802601e-05
3014 6.378210084782713e-05
3015 2.94154901343796e-05
3016 6.225864122546988e-05
3017 1.1040843503389361e-07
3018 0.4325996601085528
3019 1.1802905692567423e-07
3020 9.363061384259376e-09
3021 3.323786269887835e-05
3022 4.2472495678333607e-05
3023 2.1821020742926684e-05
3024 0.0036646347461401925
3025 8.61945168437284e-06
3026 0.0016985322559585922
3027 0.0006980022837384564
3028 0.00031830129488537274
3029 0.0035406606959543217
3030 1.292962630762344e-36
3031 1.0725882524845927e-05
3032 0.00035781836689388564
3033 0.0021751287155785566
3034 0.002095973652567935
3035 4.253325711100437e-06
3036 0.001143677474299499
3037 0.012277438048491275
3038 0.007139874319867866
3039 0.00013571969645786866
3040 1.210839889211737e-07
3041 0.005323732514710715
3042 8.637941144660246e-05
3043 0.0002750188195920895
3044 0.3308969277866793
3045 0.013869198762373764
3046 0.0004671816036341787
3047 0.0007246280474447243
3048 2.717441569257161e-08
3049 1.2550770582930765e-28
3050 1.459344117454422e-09
3051 7.163666819566402e-13
3052 5.0280306974838436e-08
3053 5.094183170155308e-36
3054 0.0009551114595758085
3055 2.5442098154017694e-05
3056 0.30105820683644613
3057 8.840064200944592e-27
3058 0.26856431581945245
3059 0.00012045030090133996
3060 0.35539414158316185
3061 6.320256382023607e-05
3062 0.015427581800720102
3063 6.269416818548758e-12
3064 5.714961523537791e-05
3065 0.021259122031230128
3066 3.040968341318959e-05
3067 8.372396649314843e-11
3068 1.4315367461373686e-05
3069 0.0001718272254207863
3070 1.2454100064549989e-05
3071 1.3040827070539309e-05
3072 3.556233941857828e-06
3073 1.597573204750118e-06
3074 1.1261990063654216e-06
3075 0.014598621946466796
3076 8.184330206349707e-07
3077 0.010668209415533453
3078 1.1639900534643242e-36
3079 5.202599194581368e-12
3080 2.9897813124259374e-39
3081 4.618966758137864e-09
3082 4.6728127895041383e-05
3083 7.345860592125621e-08
3084 2.0367278934667767e-07
3085 1.9614748363925525e-08
3086 8.192252721236625e-16
3087 1.420135851788212e-08
3088 1.6857196986608976e-14
3089 5.520527425591001e-09
3090 1.2319561580944082e-05
3091 1.8222229542057621e-22
3092 0.0002637955982000657
3093 1.0255133459787466e-09
3094 3.9474460807791193e-10
3095 1.3918682861343638e-32
3096 7.152470977291138e-16
3097 0.021999004331293925
3098 4.33353609742773e-09
3099 0.020008970260642925
3100 0.02804852642348645
3101 4.952432187200903e-06
3102 3.981701313824476e-12
3103 3.462137143255813e-11
3104 1.7551112611402447e-07
3105 3.333070345448693e-47
3106 3.735899748991359e-09
3107 1.1552985985571932e-10
3108 1.3500271195400405e-08
3109 1.960232320738104e-09
3110 1.577471867275605e-34
3111 3.3454448253600074e-10
3112 0.0003394731960891215
3113 0.0008647120701521465
3114 0.0009521921604093232
3115 4.0093127901428726e-36
3116 8.407883286646263e-37
3117 0.01748055423067663
3118 3.2019009895711276e-07
3119 0.027334338764858312
3120 8.884145212788825e-05
3121 0.02222309126917761
3122 0.004489617385064256
3123 1.5189529374186846e-07
3124 5.5033799090662246e-17
3125 0.0002704933563481285
3126 6.987648535448513e-26
3127 0.010198578731215843
3128 4.800575717161186e-07
3129 0.00048088143757771056
3130 8.100723265011121e-29
3131 0.002607687945398719
3132 0.0038776976991128816
3133 2.7822830255491275e-08
3134 1.6306719000987913e-08
3135 6.717508157856722e-10
3136 9.727429336389417e-09
3137 1.1757787512937009e-08
3138 1.0594303037633423e-05
3139 2.679806811907599e-10
3140 8.08249551956423e-28
3141 2.9067531901140726e-08
3142 3.857690478186043e-05
3143 5.3689905757311215e-05
3144 0.009322922292286895
3145 0.008323485895160973
3146 3.974637691505491e-20
3147 0.00046825020725026927
3148 3.24461441184536e-14
3149 5.345387544756553e-08
3150 1.093770600849575e-13
3151 1.1688118575774405e-09
3152 5.667522370169507e-30
3153 0.009209164985567569
3154 9.4403390415838e-36
3155 1.2155384755683486e-71
3156 2.617151277715389e-05
3157 7.850647230729031e-13
3158 9.833514335672229e-10
3159 8.682173153006164e-08
3160 6.318280527314333e-08
3161 6.797609504516576e-07
3162 1.4462882258520242e-12
3163 1.4444593563454018e-11
3164 8.455781259720075e-42
3165 8.390197926103323e-11
3166 9.468996829432863e-19
3167 7.807330147408768e-08
3168 0.00046876742872152484
3169 4.7808475348397e-08
3170 9.672511342126535e-09
3171 0.005639165588795732
3172 5.7172489127480905e-34
3173 1.095206398510356e-13
3174 1.1960040122914317e-15
3175 4.734468780707596e-21
3176 0.00368594708802274
3177 7.596084649609311e-17
3178 3.8634819992285095e-09
3179 1.4899323216593496e-09
3180 0.00334177103975399
3181 0.0012732615721488896
3182 0.00029000391981017637
3183 9.702074086992422e-05
3184 4.2790663419596265e-07
3185 6.476855842468198e-12
3186 3.4110941986009324e-45
3187 3.102696029059559e-10
3188 1.0468957338174828e-10
3189 5.063847036016262e-10
3190 4.3388974338648115e-34
3191 5.4749922654437653e-11
3192 7.898413112861761e-11
3193 3.084124230486821e-06
3194 4.404787239237812e-07
3195 2.6695413980521976e-06
3196 1.6978565935637022e-09
3197 1.399296415888545e-05
3198 8.532122585662834e-10
3199 1.831305363741562e-33
3200 5.544756313998516e-30
3201 2.379778257669062e-31
3202 0.001841887714824664
3203 1.3545167359181116e-16
3204 2.3412278488010578e-05
3205 5.855744603826428e-05
3206 2.5957826513549014e-11
3207 4.4533656032624906e-11
3208 7.986073715621679e-35
3209 4.5259718860819316e-24
3210 4.951610122127317e-36
3211 0.0003613836937550817
3212 3.1081612753153152e-12
3213 7.85098246887682e-06
3214 2.37158648016291e-33
3215 8.282587004321791e-39
3216 1.2608544902320234e-10
3217 3.7534041322150796e-05
3218 0.014900451582775191
3219 3.0871996853768096e-14
3220 1.812401709085477e-09
3221 1.9101424835294606e-06
3222 3.4405225739728322e-31
3223 4.1945303572184574e-05
3224 2.1571365444863583e-34
3225 1.9847384090050257e-05
3226 1.4169115262103802e-09
3227 3.3043870725738058e-34
3228 5.501633410914821e-10
3229 1.673329971428724e-10
3230 1.052842517821892e-09
3231 3.6033631657653933e-09
3232 5.258949541141937e-23
3233 1.8444548454607937e-05
3234 2.868369238344442e-07
3235 2.5115331190749154e-10
3236 6.09785064883541e-11
3237 1.7733774689910103e-10
3238 3.0418026391156693e-15
3239 0.034493228732705945
3240 2.1595789645533733e-09
3241 6.954440496300291e-26
3242 1.3775894459954918e-13
3243 1.1822828636586162e-20
3244 2.866972657121878e-05
3245 0.0013689599558564412
3246 2.275642137892791e-06
3247 5.570251509293893e-08
3248 0.01138016964836902
3249 9.676064491274698e-06
3250 0.002101598726684613
3251 1.3308802404874527e-09
3252 0.0066674795232004695
3253 5.839477828251729e-08
3254 0.009803842767775605
3255 1.0622292207949737e-14
3256 2.8097486478613276e-29
3257 5.749195707951985e-10
3258 1.0456023238787462e-28
3259 3.188031825333685e-22
3260 5.694684256143239e-35
3261 3.108801176665742e-39
3262 1.3045892089589706e-11
3263 5.732677379398889e-18
3264 1.6069195345621483e-11
3265 1.1607478499785353e-08
3266 3.7124189394281626e-24
3267 1.8782005852324634e-08
3268 4.392821317506638e-06
3269 0.0014699255418249325
3270 0.0004147843625393636
3271 1.1051201192509776e-11
3272 1.972235913317068e-12
3273 0.004326964036813505
3274 1.2263221079314318e-12
3275 9.706526554683404e-23
3276 5.817181842109351e-23
3277 7.86047508878388e-10
3278 3.037383189347999e-17
3279 3.3306473723208376e-13
3280 0.006417951697580213
3281 8.553457145206222e-06
3282 1.3624087922433319e-09
3283 1.84938200182586e-10
3284 4.848023662457809e-10
3285 5.472509064401738e-10
3286 3.018772718901122e-09
3287 1.5498189419941865e-25
3288 7.286892083919017e-12
3289 0.00012438625147866652
3290 1.7588387084074225e-09
3291 3.5629595955158467e-07
3292 0.0009598769655724754
3293 1.7968165251517348e-36
3294 6.095227317205869e-10
3295 7.763355867317926e-10
3296 1.919515036159919e-37
3297 5.696345055013649e-14
3298 7.1929364805698885e-37
3299 0.014284972933781202
3300 1.6691256430740908e-16
3301 7.653648064983919e-14
3302 4.283378186371763e-41
3303 2.7369927216237767e-11
3304 8.429461031934e-42
3305 4.790076434641139e-19
3306 0.02096609797219625
3307 0.00011740580597494471
3308 9.840915555627145e-48
3309 4.6149118805328687e-29
3310 6.85172266866839e-10
3311 2.2627103122231078e-10
3312 9.015978783085801e-06
3313 3.701853479038625e-12
3314 2.674175933889393e-52
3315 1.6058439158342811e-15
3316 1.24815283243223e-13
3317 2.56021784823401e-38
3318 9.414145342764807e-13
3319 3.680545543297495e-44
3320 1.7826644528031323e-17
3321 1.4347930103231597e-31
3322 5.43829061624553e-16
3323 1.3053218887929775e-13
3324 9.497752430017434e-32
3325 0.03623959103761965
3326 4.4974902263603255e-07
3327 8.857318600414076e-13
3328 1.0604829090898728e-08
3329 6.443858435439976e-08
3330 1.2251473990040862e-08
3331 1.8736560826413292e-07
3332 0.0009371490889709281
3333 3.5201923810203218e-09
3334 4.3535804513435125e-23
3335 2.3364469084483144e-07
3336 4.8160634766240446e-20
3337 0.0005174617225815364
3338 3.5587257717206087e-44
3339 4.1049666834253495e-13
3340 7.030155573993041e-08
3341 3.167444879232428e-05
3342 1.6836527150857487e-16
3343 6.987414696232282e-33
3344 2.6699969345893695e-09
3345 0.00561288169172724
3346 1.4851910291397516e-49
3347 3.2496658598871376e-09
3348 4.952634835301336e-43
3349 7.718937664498122e-13
3350 0.0018838740189239913
3351 8.581781194653076e-12
3352 7.649558543001112e-14
3353 1.4074931343450133e-38
3354 4.1289471459439675e-05
3355 1.884914164984047e-09
3356 0.0026193453771565013
3357 4.2955925729526315e-10
3358 6.690171761927947e-22
3359 4.663643766308551e-30
3360 4.0890247915453335e-12
3361 3.2482019913963443e-10
3362 6.018607034193806e-21
3363 1.059090950612596e-10
3364 3.8936639561664286e-08
3365 4.044819661046126e-11
3366 2.285826756396373e-42
3367 1.3919693408175843e-06
3368 2.205531242163522e-31
3369 7.951842399788056e-06
3370 5.706555042910248e-09
3371 0.0006272599419244538
3372 7.177603412482149e-13
3373 1.8477318207390152e-13
3374 1.0865058128029605e-05
3375 5.620976976552838e-30
3376 6.418310355832853e-05
3377 0.0012204293411092778
3378 0.012356956577630912
3379 8.448460986464407e-30
3380 1.3089438981184898e-40
3381 5.98383843894196e-13
3382 0.003797810978658437
3383 5.601215230435412e-08
3384 1.6444990494691507e-50
3385 6.143685551078597e-08
3386 1.998459195876803e-14
3387 8.184152365888329e-24
3388 1.5863264695290752e-11
3389 3.040020044688364e-09
3390 2.365432422571299e-05
3391 1.116758486183576e-08
3392 1.2281225551068286e-17
3393 1.5298731493879187e-08
3394 0.01975435263095007
3395 6.764254382921609e-32
3396 1.4916453179626345e-08
3397 3.5018583350558033e-12
3398 1.0282743001043821e-16
3399 0.00578816647942647
3400 3.7074614207563637e-09
3401 2.163640159409927e-11
3402 4.072169554529408e-06
3403 1.0296422439548687e-17
3404 6.793295816862153e-10
3405 8.219884314467216e-05
3406 1.2197270774757974e-10
3407 1.0152641908285513e-10
3408 8.749535166256002e-43
3409 1.109310372238983e-07
3410 0.0005894730069204038
3411 1.4480164707468478e-15
3412 4.115332693719595e-06
3413 0.0007007574662020277
3414 8.845069468253494e-20
3415 0.00025723145812920457
3416 8.774763101708646e-09
3417 4.672387330726806e-10
3418 0.001181391965377202
3419 5.434440800183716e-09
3420 2.1241457450849304e-05
3421 4.916932680025018e-10
3422 1.9503723035888728e-23
3423 0.007340799976863633
3424 1.8549721714445163e-10
3425 3.817633446205631e-09
3426 2.0025778165579567e-37
3427 2.3385661210561658e-23
3428 2.271869426800856e-11
3429 6.902830591927059e-31
3430 8.047522051847729e-20
3431 1.6851236021111214e-10
3432 0.026252702051662368
3433 0.00856017079678194
3434 0.015961395407402292
3435 1.3670842527195446e-09
3436 2.6646703424773526e-25
3437 3.446752623758974e-09
3438 7.740831316022217e-26
3439 3.107968689043394e-14
3440 0.007385084230886852
3441 1.08515619437456e-05
3442 0.015085358530136449
3443 7.504612479825577e-09
3444 3.9669053286640066e-26
3445 1.9227915325914727e-07
3446 8.088598826051546e-21
3447 3.6660648534071575e-41
3448 6.714528486693518e-25
3449 3.1931805252911556e-27
3450 3.314739939910402e-12
3451 0.0018388311968853509
3452 8.853600860982989e-13
3453 2.128404072282454e-26
3454 1.598396994421868e-23
3455 2.0694241953482722e-43
3456 6.439914119286638e-27
3457 0.005795123722721739
3458 4.742719671005019e-11
3459 1.077295817231464e-24
3460 6.4880448081496345e-12
3461 1.0246701308401576e-08
3462 2.4918294709865476e-48
3463 0.020991835538156617
3464 9.133245076440819e-18
3465 1.42869227337616e-47
3466 1.2680809168234751e-11
3467 5.703675737635822e-07
3468 0.0017030464740417687
3469 3.894165043488906e-20
3470 0.00011279938099272134
3471 5.312546171218161e-10
3472 1.916660590856798e-39
3473 1.180655313529159e-09
3474 7.063433848314302e-08
3475 0.0006928780105321975
3476 1.5588302842399948e-07
3477 1.3356408311521614e-48
3478 0.005513898481513927
3479 1.7697776769000388e-09
3480 1.2765814908842365e-05
3481 2.340266945022513e-33
3482 3.707489759574095e-09
3483 1.406221292726135e-24
3484 7.665640331337877e-09
3485 1.325839642141806e-15
3486 0.02096462141781865
3487 1.4068196984932446e-09
3488 7.500762071742735e-15
3489 3.9892956076403526e-21
3490 0.02379650038408126
3491 7.535037626828827e-14
3492 0.001006451492131756
3493 1.9014162493018425e-09
3494 5.671384384660931e-11
3495 0.00023478241043860438
3496 1.2540164932800892e-05
3497 6.686018282389367e-24
3498 2.6351875881409613e-37
3499 8.978194750667515e-07
3500 0.01030911979125757
3501 3.9365271817594786e-21
3502 2.622661352154593e-09
3503 3.973530589170132e-34
3504 9.258687521177563e-26
3505 1.0506664859786955e-05
3506 0.003745125119750596
3507 5.7195613315085775e-11
3508 1.6257156456657665e-11
3509 2.5204825607178045e-11
3510 8.950672731486825e-23
3511 3.03010683630945e-09
3512 0.0007774915371217935
3513 0.008159071093132906
3514 6.984720341923333e-21
3515 1.4913797915827317e-15
3516 5.949999028107382e-32
3517 0.00020132638172001927
3518 8.406879409362951e-31
3519 1.5043806306203132e-13
3520 3.027210361647876e-32
3521 1.8376768968220519e-06
3522 9.435678431628935e-34
3523 9.036517751819325e-30
3524 6.377889699764808e-45
3525 0.0008566028980105426
3526 0.0009484230709413989
3527 2.0560824876801334e-47
3528 4.885777374167713e-47
3529 2.507139334338899e-09
3530 3.1828831350508792e-40
3531 3.513580701885812e-09
3532 2.403307828304444e-11
3533 6.189191640627665e-06
