0 2.0395737461892504e-05
1 1.3660780085019202e-06
2 3.084400087256734e-08
3 5.556706789772766e-07
4 3.798888478493193e-08
5 5.472479580343316e-07
6 1.6313812613228075e-06
7 2.252185140786822e-09
8 8.54948351067282e-18
9 2.6384220623155088e-24
10 7.081882301542024e-05
11 4.473031736893047e-15
12 2.646223237271134e-07
13 2.7230165920108945e-23
14 0.009885777108585698
15 1.6345275660509346e-05
16 1.5456132613069482e-07
17 0.00042913739268813066
18 1.2500238503171536e-08
19 7.661346127662676e-10
20 1.918978579843233e-06
21 5.895276638639967e-07
22 0.005850975231788562
23 2.8224519039186413e-06
24 9.123197724667144e-08
25 2.011509975012855e-07
26 3.1655800248201044e-18
27 3.674819989336131e-23
28 0.0007941781846930105
29 9.849616591481252e-10
30 7.242127738906582e-21
31 3.727677905632728e-06
32 1.339200494055526e-34
33 5.234716849972738e-06
34 5.84814437294208e-10
35 4.517010769368769e-09
36 2.9127337871631427e-05
37 1.161534688801927e-19
38 1.090569448137949e-06
39 0.0049468777933723
40 2.0778397601926203e-18
41 1.2830371807426014e-22
42 5.816146070393743e-15
43 0.0004930492549546914
44 1.9501573881794312e-06
45 1.530283097137227e-08
46 6.247537007163753e-08
47 0.03756033831249156
48 2.9057766126229792e-06
49 1.3810306980975612e-12
50 6.9277266660409765e-12
51 3.348347463027181e-08
52 8.383017331849054e-13
53 1.4689261994471243e-05
54 0.001906631704169276
55 3.207896393905183e-07
56 0.0016132694726876
57 7.333660525964797e-19
58 5.415565905784781e-07
59 2.1041786619440783e-11
60 5.489648055673501e-07
61 2.421131327978193e-16
62 0.01683677612133463
63 8.317385359438279e-07
64 5.538702262027548e-05
65 1.1597114324757507e-12
66 2.572490225162214e-12
67 1.1444074231329022e-15
68 2.467269128436339e-06
69 4.405947993651734e-10
70 1.4774530535919513e-16
71 5.846974533609979e-06
72 1.416768804527688e-26
73 6.793876756037656e-33
74 2.849796119024519e-14
75 1.3220499893125391e-17
76 3.530496125331743e-07
77 1.068667863538314e-05
78 5.141596636792941e-06
79 0.005981919121861
80 8.885181194390614e-13
81 7.559263912463779e-18
82 6.493901444957664e-13
83 2.2566165691726084e-34
84 1.844852026732444e-15
85 7.699882820510114e-09
86 2.839065633888348e-09
87 0.0025264095028525906
88 1.5194146094090538e-06
89 0.05827899935755142
90 8.987132233158269e-14
91 5.994763313708348e-14
92 1.1831313999726401e-08
93 0.013374285556639198
94 1.515462546478192e-24
95 7.265377798270469e-20
96 1.6807437247956511e-09
97 6.76078268105575e-07
98 0.0013727501708199585
99 0.01625348200488841
100 0.0005605281447477172
101 0.054837994618397286
102 1.6355457068876904e-07
103 0.0023931202104224528
104 8.629559277906554e-17
105 5.441205046766451e-21
106 1.2438292973178352e-10
107 0.026011779588368936
108 7.128989779375213e-20
109 5.074203172259217e-09
110 4.143180204651014e-07
111 2.7023062995352575e-26
112 0.04603191319414027
113 1.7703081330468e-14
114 0.00019635504717616738
115 0.00011625006159055948
116 1.6226402150482742e-14
117 3.432126497661247e-15
118 3.2112264353362955e-15
119 5.139329104467677e-09
120 0.00017875358244055962
121 1.5750189458971672e-16
122 4.344994237559504e-12
123 6.506065714928635e-09
124 1.963041904792309e-12
125 2.829647673212047e-10
126 0.0010980769766628373
127 3.1493019848508896e-05
128 0.02242855323067364
129 0.0008551029573999969
130 2.153269770730619e-07
131 2.667189521857038e-34
132 0.0016156091981444152
133 8.690037707177084e-06
134 1.0805270608921111e-18
135 5.2042926645577165e-28
136 5.890744610556023e-13
137 2.555827159167854e-17
138 2.824427429350047e-17
139 0.0055223778414770445
140 0.01224740136677014
141 8.622577683041742e-08
142 9.674557933510645e-05
143 6.144921054430655e-13
144 2.1823239886739096e-06
145 8.162926810769133e-08
146 0.024358729004444083
147 8.321569440708485e-06
148 3.926415394810786e-13
149 1.7791132192171927e-07
150 3.705889066373003e-07
151 3.3019652985551825e-07
152 0.025188515659509643
153 3.0362644079107643e-19
154 2.142522028931008e-06
155 0.01242330601312578
156 1.4851703948614312e-05
157 8.316704005819087e-09
158 0.001352388230366388
159 0.08640415332290846
160 0.039539706557702836
161 5.356040110768675e-14
162 1.0475641458290997e-26
163 0.02617134324033672
164 2.6441142834358754e-05
165 0.00019443392498159237
166 3.157383390035689e-09
167 4.407580391632703e-08
168 1.6306995646795995e-15
169 4.781084254614851e-09
170 0.0009880071393118227
171 2.6967081449765837e-18
172 2.1700055481390987e-06
173 0.00037642883431030557
174 0.035503682131736464
175 0.0021835493921599065
176 5.389366643013371e-10
177 0.03746201823581493
178 1.2602812891669172e-16
179 2.1157025029867672e-10
180 0.03985171742274934
181 1.8472844535950158e-23
182 5.543274850881647e-05
183 1.6862003113731352e-06
184 7.104127395025574e-08
185 0.007966323798560779
186 3.1832596299075727e-09
187 4.1368965086845795e-08
188 0.0010947379640223194
189 0.023800243022976206
190 4.596780584943466e-06
191 0.018390724118311875
192 0.001153355612557727
193 2.120405026747847e-24
194 1.4559308963143497e-17
195 0.00010382196777238883
196 3.935322636240108e-05
197 6.074689616428182e-08
198 2.5652330328850168e-05
199 1.4522481978318123e-15
200 6.399563900976264e-08
201 1.1631599578950859e-07
202 1.8319439773715717e-06
203 5.051904505748799e-14
204 2.0711836248680013e-20
205 8.674863767933757e-06
206 9.973168989172027e-06
207 4.2755214833035645e-07
208 3.747433252697147e-05
209 0.012951269529592425
210 1.3805608792122846e-13
211 0.005576271708657648
212 2.0805396181181744e-08
213 3.17261648704105e-12
214 0.05218221854733205
215 4.7263768228312105e-06
216 2.7208817985690245e-19
217 5.515961364367611e-06
218 1.5449860029721864e-08
219 0.020847987448091652
220 1.0039362456393507e-09
221 3.1976019376819616e-14
222 0.008262998928525592
223 3.28949010575909e-17
224 9.399426441465766e-19
225 0.019187689064235562
226 0.056084640560519906
227 1.823582610541261e-22
228 3.442237989225867e-08
229 7.628239234358406e-15
230 9.658573074993418e-18
231 8.230530384690353e-18
232 0.07043411726421084
233 9.525949843726166e-08
234 2.574196987896791e-14
235 8.951434434658644e-26
236 0.05755452173281065
237 1.8002762297218846e-19
238 1.389327662120612e-06
239 2.0191898702653624e-20
240 0.00808382131257326
241 4.0490211015878084e-05
242 3.5137239676927864e-19
243 8.350023537916455e-08
244 4.756370510969879e-06
245 7.894569904564266e-15
246 1.5511564120108747e-21
247 0.008000095328923975
248 9.34257831339287e-34
249 0.19080020119014662
250 1.1152849212667203e-08
251 4.795427356540565e-32
252 0.02266935065363556
253 0.006650096470231211
254 7.983886779582874e-20
255 0.0005210522420911689
256 1.764257393989857e-13
257 2.8188053934959778e-28
258 1.1067235395016877e-14
259 9.553510498241525e-22
260 3.733001914552074e-07
261 3.7991336774946464e-13
262 0.006075665728061529
263 0.039795835621362345
264 0.001635762470593197
265 0.03456778956717773
266 2.0098168786206477e-10
267 0.0017465273811646106
268 0.002754741188977423
269 0.01407745402946136
270 0.0005152902867037698
271 0.030353813589775652
272 0.029740343425795557
273 1.8289616848843833e-11
274 0.7713664577873397
275 4.1923227464322013e-14
276 0.07586461564120815
277 0.061852510458418615
278 6.159454773340237e-17
279 1.4309733701558113e-20
280 2.276698179743237e-09
281 0.0001141841387300796
282 3.119527428553223e-05
283 1.566631412039238e-27
284 0.001259465659193748
285 0.1012577380148517
286 0.11319573359128568
287 4.043692734834315e-09
288 8.478341005413726e-23
289 0.00013753628120127364
290 0.020579527103478646
291 0.00014068077831663606
292 0.06915446614164837
293 6.864696003377605e-09
294 7.033733871841983e-22
295 2.613337335767564e-06
296 0.039840742564427815
297 0.00027413526214471637
298 0.00268529110896426
299 0.09577813233883413
300 0.005562191582265481
301 0.0035775003878478306
302 2.7247879414109966e-05
303 1.1023534695583634e-16
304 1.6098670963915634e-08
305 0.024607647185814527
306 1.58826705466689e-07
307 4.2074398589370504e-07
308 0.007306769870968314
309 0.7107279114962786
310 0.5277048139178955
311 0.08327017306472294
312 0.6015301801649903
313 1.1659634491995643e-07
314 5.232183541117177e-07
315 3.342472937453955e-08
316 0.6331513321752875
317 0.003959515522561275
318 0.05455048639859159
319 2.1995010857173935e-17
320 1.9014144043318443e-08
321 0.47377094738788916
322 0.014771623243923993
323 0.32225662941534144
324 6.292198808436486e-05
325 0.426753309519419
326 0.03372179494127529
327 0.40680919680138755
328 1.4783747029685583e-05
329 0.3724980475656818
330 0.2995542964541219
331 6.27488922735726e-05
332 0.0749625249681227
333 0.023190169844221124
334 0.22039599714419333
335 0.052708546863199625
336 0.15525923758739626
337 0.2637591369498534
338 0.22254208478766033
339 0.14988808591817998
340 0.27529759115103325
341 0.029784627515042388
342 2.153629045748686e-09
343 0.17772121314554287
344 7.77001523178669e-15
345 0.22196555104382026
346 0.2345648494725443
347 0.020925595694841616
348 0.26359468179135204
349 0.20959299385760333
350 0.010636924899791827
351 1.2494151053897225e-14
352 0.003169185877456008
353 0.005311285552033816
354 0.14550977120574224
355 0.18099545606446762
356 0.029256216607442105
357 0.2375015510672983
358 0.013227780020155316
359 6.097774495640033e-25
360 3.418527961950594e-14
361 0.08154803972010947
362 9.74178290566356e-06
363 0.014137012354369928
364 6.725929434307018e-08
365 4.1380707959951734e-07
366 1.800970499554414e-14
367 0.007033695882321686
368 4.576878171911731e-05
369 0.1958848020058868
370 0.01525054958955368
371 0.0022981613503964453
372 0.014509849230613613
373 4.567527994118854e-07
374 0.00548128914710567
375 0.10917065568330335
376 1.8090666313296223e-05
377 3.836551248533189e-13
378 0.0008716292177054027
379 0.1526480779788936
380 0.10766747974861812
381 0.0030648967730371257
382 9.381826360239309e-08
383 0.005535596028652441
384 0.015669655469191558
385 5.938924322796114e-15
386 0.059912239951621024
387 1.5146083067712968e-05
388 3.1390123597023535e-05
389 8.293049548919196e-07
390 0.021870426945201655
391 0.46054138204051553
392 0.006479435078533642
393 0.3507678338896174
394 0.024621161114799336
395 0.05569024897917918
396 0.03831516655243536
397 1.3936934059271458e-08
398 0.5474226187573855
399 0.00014411269863876032
400 3.094024960349568e-05
401 0.46467729942563984
402 1.0241685696156739e-13
403 0.0004185491329418387
404 0.013823777606763885
405 0.00010131159944539269
406 0.020720357536422863
407 0.6992569958979062
408 0.00013300959677751425
409 0.006554929962382334
410 4.731422263237511e-05
411 1.206947667237992e-13
412 5.025556630671641e-21
413 0.013112314806766799
414 3.822446356611998e-20
415 1.3388792878987646e-21
416 0.017055717763047745
417 0.008942192193491974
418 1.4835500413046925e-05
419 0.014465121787695807
420 0.008005608034520351
421 0.02619574310861672
422 0.09481640236066813
423 4.433676659540523e-14
424 0.004332352199185293
425 1.33812207182956e-23
426 0.009645464689724407
427 0.00748598915786029
428 0.015025871519303126
429 3.3503647270097623e-13
430 0.022950283138873297
431 9.541866394992041e-15
432 0.0021937592756804177
433 5.648585963214552e-06
434 1.1889208008495843e-11
435 1.1361228622347464e-06
436 0.040362605946866685
437 0.0015688837374643804
438 0.0029156928774430146
439 0.00988457430429638
440 0.02005336315724235
441 2.0930736652018083e-05
442 0.008051104261364307
443 1.080801431272835e-08
444 4.2845934886324385e-15
445 0.007456798961557539
446 2.3423001299359977e-08
447 0.015430624095019772
448 8.751536112485186e-14
449 0.005817100702619548
450 0.0009485525911324162
451 8.468051406520806e-15
452 3.008166018078121e-13
453 1.7457870009002746e-05
454 1.2431193938066907e-27
455 1.4334028137593957e-05
456 0.0009156733928084674
457 8.43718775392542e-10
458 0.022034902874273038
459 5.592288207525117e-07
460 1.4404789763745972e-11
461 0.0005627375591998097
462 2.6725135137959645e-12
463 3.1357489146139026e-08
464 0.011692286873816186
465 0.001043598972637125
466 0.06379363378294628
467 2.4244282223624e-07
468 0.008232587611125813
469 3.1200360580103664e-20
470 0.010487424910011848
471 0.0008599513414634999
472 0.01800695493084863
473 1.2542314943232809e-07
474 4.4162192599204165e-26
475 2.333990143434842e-09
476 0.00019485537883520855
477 0.0001397397929135691
478 1.1964468928247262e-05
479 0.02801380753776491
480 0.1675452023243617
481 0.12351813550392705
482 0.0008332015955126859
483 8.627037060451305e-06
484 0.006506954834183459
485 0.356117834124548
486 0.04332343263850522
487 0.31374665211940694
488 3.061510408986831e-11
489 0.0001575725227450478
490 7.971375615005478e-06
491 5.808146354567537e-06
492 0.004460023398280649
493 8.863262202468741e-06
494 0.26568385811806966
495 1.7402408617613513e-12
496 0.0003004783494979987
497 3.947207115137326e-05
498 8.927830524013943e-09
499 0.010697072153672748
500 5.043265656279718e-06
501 0.010449876871279884
502 1.1336469846553636e-05
503 0.09958974580008022
504 0.07153548078973611
505 0.048983663601174586
506 0.007999325970876771
507 1.0496801344040971e-09
508 3.0980640497122035e-06
509 2.4768563424834716e-07
510 2.709533076518549e-25
511 0.002739060070080889
512 0.00011620988556542404
513 0.005278104872157619
514 1.5498884847921476e-12
515 0.006012623080770591
516 6.777983152969561e-05
517 1.7027427057128344e-13
518 0.0002935078231881602
519 3.8468398535166086e-06
520 9.65089098794676e-07
521 5.542305140923641e-07
522 2.5864300013693076e-11
523 0.0048274777308745815
524 3.3753223680084245e-06
525 5.124457781927216e-19
526 3.08298664284648e-05
527 8.325032592855349e-05
528 6.975875888981923e-14
529 0.0002804496662821064
530 1.2996130520440975e-06
531 1.1955968327619912e-05
532 1.423258713818645e-07
533 0.013071373677265552
534 4.4303553639419784e-09
535 0.012300095701768708
536 0.00931410251402858
537 5.865273606610211e-10
538 2.1840999879231975e-07
539 3.4687999353498307e-07
540 9.4177760377068e-19
541 1.7676777843764275e-28
542 0.00024247122961610214
543 0.0008490664773227399
544 0.661363317200939
545 0.0005057416973310581
546 7.13884485869949e-06
547 2.4441007476025518e-08
548 0.005250726714155396
549 0.003653949984984201
550 0.20595211036647415
551 1.6814373466084384e-10
552 1.1775743488535082e-20
553 0.0007215138335714092
554 0.026711294288964738
555 7.361819680321201e-07
556 0.19906588373770284
557 0.0024402784752463277
558 0.34075239245704814
559 0.00014604151388548077
560 0.0015991668449234588
561 0.003123886073581501
562 0.0009182380082939589
563 1.6119612767452892e-10
564 6.682522832593047e-10
565 4.1754421667333924e-05
566 4.944628249262612e-10
567 1.2597186532102493e-10
568 6.602576250616989e-21
569 4.826835120061038e-06
570 0.3493195885708422
571 2.033547115256344e-13
572 0.00019081012500373357
573 2.113835617826577e-06
574 9.142164195754977e-27
575 0.0004858863909095624
576 4.330403101207829e-12
577 5.258392955628455e-06
578 1.1080069085199439e-05
579 9.420186552307954e-06
580 4.7302601674062964e-05
581 7.061266714947126e-11
582 1.501534691126901e-07
583 0.0005406604683403224
584 0.0004694844167801051
585 1.4881012975645413e-15
586 0.35902889542081606
587 9.425051482716135e-31
588 8.130948978512412e-06
589 2.638723160396041e-11
590 0.2041859375293955
591 7.215173503965552e-06
592 2.174382691041194e-05
593 5.460533205713828e-09
594 3.072545399546331e-07
595 3.514867069169161e-06
596 4.2695353858730595e-32
597 2.276696580424735e-11
598 9.869117902231441e-13
599 3.6273301710450615e-28
600 7.98111554996408e-07
601 0.0008254438380388813
602 1.777898860813088e-10
603 4.575029866503565e-10
604 4.2322809508023154e-05
605 0.001333958076867142
606 0.0020654122023559757
607 1.5071850441192508e-07
608 0.0007909192384756308
609 3.648900855811219e-05
610 3.232869566444005e-08
611 0.003336192731568778
612 0.00037518891477340485
613 1.3288972395181447e-09
614 6.778171345879541e-15
615 1.1273258170927638e-06
616 4.320255515842438e-06
617 0.0034612677739603325
618 7.718617081344973e-05
619 0.005372700276524045
620 1.29768321451752e-06
621 1.4172570953441204e-18
622 1.9055277985710558e-05
623 0.28521395727102805
624 1.8913796166061654e-15
625 0.3536489303739837
626 0.3539725499514874
627 0.0003006784346871775
628 0.0003983210789928817
629 1.160012481183323e-14
630 0.012359727636633663
631 1.7168199485896068e-15
632 2.0908199168970975e-06
633 0.5214974753464148
634 8.967381594942287e-17
635 2.34694095230358e-24
636 0.00018566240486258588
637 8.806945782075899e-24
638 1.360281203858753e-05
639 3.22279112657677e-14
640 0.0017293517840558782
641 0.5598687342025177
642 0.000696770324914708
643 1.1168772158423476e-05
644 3.4182663264082394e-06
645 4.696079541169323e-12
646 0.00016733000549028337
647 0.0001069797776204115
648 0.5717548650510992
649 3.954765265038144e-12
650 2.1126938438360284e-09
651 0.5948943474184042
652 0.20781124176498775
653 2.9219339291815996e-13
654 2.5036105477323763e-20
655 8.293938017205152e-28
656 0.0003327998202908176
657 3.5019379230911335e-11
658 8.985695341730906e-15
659 1.5959055199523265e-16
660 1.4225544543048932e-09
661 5.035627147309711e-28
662 6.1043146515819124e-09
663 0.7252349581406833
664 3.3618078322092403e-10
665 4.915774910636308e-08
666 0.004926387670445768
667 3.122321623847944e-07
668 9.814085168031135e-07
669 0.014369411750238502
670 0.021660487411536346
671 0.010272542636275065
672 1.9001381325643256e-11
673 7.843499993559567e-22
674 1.0433905406757624e-05
675 0.000897319170393005
676 0.022757021074429253
677 0.0006813251123432056
678 0.0007209747521886241
679 0.05494024321127569
680 0.000522437995475693
681 0.0001745289678343217
682 2.7721298022679436e-22
683 0.018732864773112246
684 3.4619000975703427e-10
685 4.810854485236009e-14
686 3.198235411264624e-06
687 7.784385751978027e-07
688 1.918353893872741e-15
689 0.09612209000398811
690 7.899354286999123e-06
691 0.0004524885923678771
692 1.2400847310269766e-15
693 1.7151962562010637e-07
694 5.462097144138518e-19
695 6.613738553022835e-07
696 4.886644976914734e-06
697 1.8274533392884158e-16
698 0.5930279579605976
699 0.000658965189439907
700 7.926505602268952e-06
701 0.00022367888906016338
702 3.0692237660680627e-06
703 2.7721535752427547e-06
704 3.94182846058642e-10
705 0.00032774702734072856
706 7.272991063403517e-10
707 0.0004449648348952213
708 2.8162532885606472e-18
709 3.0982436440203317e-19
710 3.1722215303677e-10
711 5.066116926536721e-05
712 0.1175348559327879
713 0.0008881841697622693
714 6.738990811430052e-13
715 1.3949419539120695e-16
716 0.13167819517554233
717 2.787349501817651e-08
718 2.0946160469643702e-11
719 0.001090234637806707
720 1.5010028539158798e-06
721 0.00029938155663525973
722 4.1591828690457106e-07
723 0.33446733112160276
724 2.7750947733480034e-06
725 1.2780557330556455e-17
726 4.08552271722431e-07
727 2.3614800255153273e-10
728 2.9942186079570595e-16
729 0.06488430765523648
730 0.05182254891167491
731 3.889491434297734e-10
732 0.0006239610569093768
733 2.900395333703082e-17
734 1.1745065592064221e-25
735 2.0841956632851642e-10
736 0.14003033026392386
737 0.007521822149357769
738 1.9248381351338167e-16
739 6.58466969934489e-17
740 0.0003759719039023257
741 2.1547471239568343e-17
742 1.745796909446071e-16
743 4.367696237517906e-07
744 0.005804387021108527
745 1.2801142482850676e-18
746 0.14081914758081798
747 4.861650286288265e-10
748 4.055143194580435e-12
749 0.5441462347237475
750 0.05190724343720697
751 1.8122403791434595e-06
752 0.0004831389002548487
753 0.00039167579867797767
754 1.665245918675251e-16
755 0.00027555512904452054
756 8.850845285312285e-05
757 8.144103508728613e-10
758 1.5888873059928495e-16
759 1.1899987072229175e-05
760 0.45682141416125993
761 0.05889910083953317
762 3.515255226587114e-18
763 1.9242337782790592e-05
764 0.03427623159833351
765 9.572036582130293e-09
766 0.0003141808512031865
767 5.466511537597596e-26
768 4.683745904900806e-16
769 0.0005030855448159229
770 6.895981133642251e-10
771 3.796125980534371e-05
772 1.2603148371475348e-08
773 0.003539962739867196
774 1.8961767679810136e-15
775 0.0004907369806644087
776 0.0003669069780836083
777 7.767699073776745e-07
778 0.29365782513497707
779 1.7820143898562163e-05
780 5.376213915864199e-06
781 5.9422728812315305e-09
782 8.377725202561376e-19
783 2.0062531856731246e-09
784 4.130887736288055e-11
785 5.43212764756746e-05
786 2.9787515952333134e-24
787 1.6652692079115577e-15
788 5.620284897981198e-05
789 0.0377309019573978
790 0.007038018296523914
791 0.004960110562531132
792 7.028487832579347e-13
793 7.212070101812476e-06
794 6.29952603289666e-17
795 3.0231708821592275e-06
796 0.00491812396816058
797 1.0655134216076818e-15
798 4.83471335821462e-14
799 0.11252235832586328
800 1.471451352734635e-06
801 9.901950957083146e-05
802 3.9126292387623967e-16
803 0.00028919865654281724
804 1.7320489785386004e-12
805 7.598444289949686e-18
806 2.4082801994674815e-15
807 1.494834086918941e-15
808 0.0837933077593191
809 0.00014601836961906228
810 1.519210420674828e-05
811 7.235915816760168e-08
812 6.110477852671411e-14
813 6.05777655240831e-11
814 1.0738558582164477e-10
815 1.0291164618801217e-15
816 0.8127984949862892
817 1.2995216989309654e-21
818 3.7948742080610625e-06
819 5.254906295054475e-08
820 0.029200487394023655
821 1.4323553482289962e-08
822 0.0002055271419907132
823 7.84364464947567e-24
824 0.03552396793015248
825 0.7530294867802474
826 2.000000714376175e-11
827 3.3336412321492325e-18
828 2.6559580776525695e-10
829 6.993831935872752e-11
830 0.005794835590457273
831 0.10648136793885765
832 0.00582610146438229
833 0.7835773884954991
834 0.045364705024965715
835 0.7185406921613144
836 2.105135536194135e-11
837 0.40400663206234055
838 1.8960862529188692e-07
839 0.161099642906048
840 0.2174714618007549
841 0.0005260090771355638
842 0.0004446465293581845
843 0.07295636589639842
844 0.0008946975023707536
845 0.13817087916327808
846 0.00016881389211753525
847 0.27655761076679525
848 3.4193042420776275e-20
849 4.35189572105998e-12
850 0.0039659714386192455
851 0.0017911493478237955
852 7.526051605336883e-07
853 0.05630975533485421
854 1.227446785507591e-15
855 7.75279608540476e-16
856 0.300207115024148
857 1.961652119428239e-23
858 9.631634698829188e-27
859 0.08158538576679152
860 2.830404069321508e-09
861 1.2403162781795597e-10
862 2.4333857326857794e-08
863 2.647791405824874e-06
864 0.7486222116319701
865 0.9014604536607809
866 1.0568242334771556e-09
867 4.5035283945908305e-06
868 0.003385388305092874
869 2.561927030501436e-08
870 3.021262810913554e-08
871 0.012785662612167244
872 1.7842831841060768e-08
873 2.983113582694476e-09
874 4.526423265312426e-06
875 8.001393841742834e-12
876 0.11093956425951676
877 1.4086317648935644e-07
878 0.00019328792186368047
879 3.910893030536511e-07
880 0.19697659012241925
881 0.10632622226215638
882 1.9462534322831617e-08
883 1.3085624095371823e-05
884 1.2711888302893747e-09
885 7.722281920320754e-09
886 0.8630321178254327
887 0.0001617074623988114
888 1.233570423080804e-15
889 1.0934931680957566e-08
890 0.01831928021401987
891 1.249176699311798e-10
892 0.0059329475804413495
893 1.4644444348659124e-06
894 1.6111086728922854e-08
895 2.458603026987761e-08
896 9.584066716932769e-09
897 0.9387696028203117
898 8.053243354482391e-11
899 0.0033603181452669644
900 4.019843735519377e-09
901 2.7319036535330702e-11
902 0.7214987512500296
903 0.0005965130680945104
904 1.962622082952459e-09
905 0.00026227103817447997
906 4.5046341272927204e-05
907 1.162953745179171e-30
908 0.001674178902860641
909 8.825094602900203e-07
910 0.003939392195116887
911 5.0320343149124646e-06
912 7.856029944068134e-14
913 1.4457322873411282e-21
914 7.902405693849675e-10
915 0.0031202573958147733
916 1.304740147789133e-10
917 2.449499887720003e-08
918 2.701848284039112e-08
919 6.143169285167693e-16
920 0.30156422384823894
921 1.8175686135426055e-07
922 2.956285810893426e-07
923 6.010394575264869e-07
924 2.6091545839263945e-06
925 6.685228002114694e-19
926 3.997958474033252e-19
927 3.1651098901745196e-08
928 4.8222606570629476e-06
929 1.8502243685690486e-06
930 0.004137325903251223
931 0.00023962809071121543
932 5.886646231599384e-07
933 1.2684184269504472e-07
934 0.14222554868663528
935 3.290569067111195e-07
936 7.579760001744056e-07
937 3.0558742936378667e-06
938 3.1822012447259984e-16
939 5.709309014593679e-13
940 0.5734853124559316
941 0.0260982104706359
942 0.09010771975299849
943 1.2800681142494349e-06
944 0.0002593425773422708
945 2.2031385727664054e-06
946 0.48473190061738375
947 2.0850915679582077e-07
948 8.745406645322501e-07
949 1.4418817025693006e-06
950 2.0242966021356803e-06
951 0.23680036472563903
952 4.5077574879907254e-08
953 0.11348907747487377
954 2.9160360039732967e-06
955 0.10121923686283563
956 3.3718737418213933e-10
957 0.00038277185161484983
958 0.0015133440458658914
959 0.06304086048483687
960 5.300511975033868e-07
961 2.8998497508920226e-05
962 0.3243553757735839
963 0.002120007014699325
964 5.6837399301925505e-25
965 0.022750395242380223
966 0.29691700289970263
967 1.407205488014671e-11
968 5.716955891840084e-18
969 0.0010459226644252639
970 0.00028768234500009917
971 4.374116630492761e-09
972 1.060189742222108e-06
973 0.00010126385426375369
974 0.00018090980690375582
975 0.06374325795235612
976 9.020051436234366e-06
977 2.5429381931703078e-05
978 1.7898510149334932e-07
979 0.002824900666625451
980 6.14482481072923e-16
981 0.00012730284468765186
982 8.804717322721864e-05
983 1.7870996862284183e-19
984 4.321251922691782e-07
985 0.07797552963990025
986 0.005151320974706271
987 0.0004142362349661305
988 1.8780580192523024e-17
989 0.007769557924006459
990 3.0733937975428393e-12
991 0.00030080382853924306
992 0.0002665173745784509
993 5.0507382726551975e-06
994 1.0544018039932914e-10
995 0.07453752963004474
996 9.452416973268127e-05
997 1.5764971788962525e-07
998 0.4905506962199718
999 0.1184698449370622
1000 0.14695761618369485
1001 0.00026707823151768796
1002 9.885827030748345e-08
1003 0.0001828752886950177
1004 0.005383100026637548
1005 8.180325255220055e-08
1006 2.3047247335776715e-07
1007 5.121086445674278e-10
1008 1.6009676101142345e-05
1009 0.0026789628860736806
1010 0.00022077592713830356
1011 2.3526332433769917e-14
1012 7.576619876567627e-11
1013 1.2036324211710535e-05
1014 1.6162932298718966e-07
1015 2.7187186152638293e-05
1016 1.6721894643556759e-18
1017 1.0365270420043321e-06
1018 1.3507062611277677e-07
1019 0.0012029697989589313
1020 0.019189370369348573
1021 0.00010507472381827455
1022 5.2556201101299455e-05
1023 0.07525187343487647
1024 0.0013055792144046508
1025 1.8033243469334737e-08
1026 0.002117991274343082
1027 0.003330293740325951
1028 0.07059881440479439
1029 0.003703596091187829
1030 0.00018533328227204939
1031 0.182481052602214
1032 0.018934810869656135
1033 0.002206180755276577
1034 0.00016132886208493545
1035 0.004193333483356307
1036 0.0035802932498696935
1037 0.0030412969183689987
1038 9.398475951604867e-05
1039 0.6121057520484285
1040 4.5847468795170906e-06
1041 3.6746599544731464e-05
1042 5.180269584088192e-09
1043 2.0526974967585164e-05
1044 2.6520289865031214e-18
1045 5.3372273107768795e-15
1046 6.099184901042198e-07
1047 0.1292275093169241
1048 0.0014391859685893341
1049 0.0025726432231355802
1050 0.0004955160228893399
1051 6.315772938512435e-09
1052 0.0918744379091084
1053 0.036834585549640385
1054 0.06395642317630486
1055 0.000777334124783742
1056 4.3436176013324925e-07
1057 5.2177107121832947e-08
1058 0.043778023873884984
1059 0.4807099002395068
1060 0.011230790714200327
1061 1.3579942116091419e-06
1062 8.529640712127632e-08
1063 2.687848074143448e-07
1064 6.831586748886513e-18
1065 0.018852044872237173
1066 2.144186695005117e-18
1067 0.07986405258879894
1068 4.942043099014246e-07
1069 0.0028922916566461424
1070 4.2483036859477234e-15
1071 6.908802297792021e-08
1072 7.0894607682325474e-06
1073 0.003216510421999849
1074 3.3917516000674925e-06
1075 8.129600911029664e-15
1076 0.003235538266695444
1077 0.0008908265023057218
1078 3.1582238970195655e-16
1079 0.029477972841476716
1080 0.005147143014186379
1081 0.06426727350335591
1082 0.0001667078757840537
1083 0.002351397080321628
1084 0.04282727440195739
1085 0.13055313775610977
1086 0.09372065941703067
1087 1.7145293882458625e-16
1088 0.006344024998525461
1089 1.1454072640004737e-06
1090 0.0790320908199289
1091 0.12385243988374632
1092 0.17657693791401613
1093 2.6906679563512032e-08
1094 0.0006460005893545351
1095 0.00950183433042959
1096 0.02518327473590469
1097 2.718133407788258e-06
1098 0.016299239609274572
1099 7.19333545125966e-05
1100 8.944716527500753e-11
1101 0.006319826297823209
1102 0.7620407975057786
1103 0.0010024701807343273
1104 0.00031646792302603594
1105 6.945803834062188e-17
1106 1.9819675669203044e-06
1107 0.8251946769007728
1108 0.0006485814928635838
1109 1.847617182373913e-09
1110 0.30210716877425486
1111 1.4275078835485344e-10
1112 3.9751674933889056e-10
1113 0.10725910001963776
1114 0.10049582880280696
1115 6.524855411673333e-05
1116 0.025162816643318764
1117 1.8623671380483971e-09
1118 2.2428090244851993e-15
1119 0.003814927851556877
1120 0.0006924967717186941
1121 3.331783823292747e-05
1122 3.428719056420944e-07
1123 0.0032627710647032526
1124 1.3885283552277717e-05
1125 0.7751972635322276
1126 3.854081617122911e-05
1127 0.12495948690186867
1128 1.638440833311766e-15
1129 4.1518025062190236e-11
1130 0.8346009135003927
1131 2.502484380887223e-15
1132 0.08457588463731006
1133 0.09761793804371831
1134 3.4720792133602827e-15
1135 0.00015276211685779118
1136 0.001194947674987187
1137 1.6113938329917399e-09
1138 0.026056417564883888
1139 7.104679343101039e-11
1140 3.158471567849907e-07
1141 1.0964255417375348e-10
1142 9.204975311892943e-13
1143 0.03982203041714338
1144 0.00030515826538485285
1145 2.0874316644101893e-07
1146 0.016124726975547066
1147 0.0932435396521531
1148 1.9938511669612596e-07
1149 0.08557275806852432
1150 0.08545164225793195
1151 5.546713576642735e-05
1152 2.3723161197476522e-08
1153 0.0017208708765288328
1154 4.376967272163529e-06
1155 0.05439241810055289
1156 0.0024411108573497518
1157 0.41785518645450315
1158 0.0012814548633698394
1159 9.990254119341298e-07
1160 1.6386612393976939e-16
1161 0.038742863891682064
1162 4.620537017537428e-11
1163 0.07490475325167781
1164 0.12504449039984178
1165 0.053696030722881406
1166 0.4744435765456814
1167 0.001924621312497101
1168 5.662602466508928e-06
1169 4.172348713877154e-07
1170 0.6240107402435019
1171 0.15176449737722805
1172 0.6214798295690297
1173 0.03502912305377418
1174 9.356962881107118e-11
1175 0.10276061467894355
1176 0.16835051755202066
1177 1.7990964697811654e-05
1178 2.9113434313740107e-05
1179 0.002812847172010093
1180 0.0023868948029129445
1181 0.018120246677766787
1182 0.07072750765582525
1183 0.2896264869379365
1184 8.123901531042973e-07
1185 0.7794310619269078
1186 0.006301631568375555
1187 0.003245234412256565
1188 0.0010150234567141165
1189 0.093702312397314
1190 0.04060479668555218
1191 0.003064832227056291
1192 0.18768445301240988
1193 0.8552834786174738
1194 4.220445329359099e-05
1195 5.717686918610074e-14
1196 0.8982897410205187
1197 2.6163893757554247e-15
1198 1.201574932677174e-07
1199 1.6378197826535343e-10
1200 0.00013259693196760694
1201 0.08081465502810338
1202 0.00030779319004668065
1203 7.334877961403898e-16
1204 2.2879566966564072e-10
1205 0.009423355707610484
1206 5.8742272784577845e-05
1207 8.966591400157506e-05
1208 6.377433311819439e-09
1209 5.4108627713691164e-11
1210 0.15038250461896485
1211 0.005451619615589073
1212 0.1169791868145953
1213 0.0010888091257784428
1214 5.397292200450798e-19
1215 0.00010517007747534341
1216 3.088535505223262e-06
1217 1.3997511510642493e-11
1218 3.023519118772596e-08
1219 1.0733029582764531e-08
1220 0.181553819032635
1221 0.1711837258799614
1222 0.027317772894244596
1223 0.2489991924235484
1224 1.3063000022954505e-07
1225 0.14473586004547961
1226 0.029111397910404246
1227 0.038772409029728616
1228 0.0015627095183642005
1229 1.2279551038436489e-15
1230 0.0005791374291812121
1231 0.0016817303867631911
1232 0.07868696521687817
1233 0.07621738528749253
1234 1.2582189834718774e-09
1235 0.46026167101395055
1236 4.049462534463408e-12
1237 0.0016798850975553784
1238 0.013198294230004
1239 0.43723921735076665
1240 4.1139425355292415e-18
1241 4.643882832414265e-08
1242 0.00047977083298307945
1243 4.800184886910787e-08
1244 0.00046127718480625283
1245 0.0037639237572028358
1246 0.00023208373752570734
1247 1.9668906149534373e-12
1248 2.090826130581737e-06
1249 0.060012435079126264
1250 0.9246169077620336
1251 0.08946280133338422
1252 0.5177472092731182
1253 0.051797920921910316
1254 0.8762767041959914
1255 0.00028389086878838213
1256 0.00017863451602982184
1257 4.3254187247117374e-10
1258 1.5920117099385593e-15
1259 0.11608855115106113
1260 5.21425675286467e-09
1261 0.0185797816896987
1262 0.41120342274659666
1263 3.027424078695568e-09
1264 0.08773127175786329
1265 0.011317026206719734
1266 0.0006808911863277674
1267 0.004954825979275368
1268 0.15161151890686805
1269 0.0002570732514180922
1270 6.120368915319006e-05
1271 1.8165285252366248e-09
1272 0.1539577734647678
1273 2.912989306894318e-14
1274 0.7690645882375036
1275 0.6760408044649109
1276 1.1298623369379978e-09
1277 0.00016476059254426803
1278 0.6604834018549646
1279 0.10018875182785815
1280 8.710176955326118e-07
1281 3.140969166670918e-05
1282 0.9599621366348434
1283 1.1606349262104637e-05
1284 0.0010719816354555134
1285 0.2096249280561156
1286 5.7165538845408817e-08
1287 2.583605395328383e-10
1288 0.1942668708861734
1289 3.011079594119322e-07
1290 0.46772965371033287
1291 0.7323263264278488
1292 0.3262630434070313
1293 0.6224738205387256
1294 2.0011915732751165e-09
1295 1.9855082490327396e-09
1296 0.8140886257303778
1297 2.155233868496046e-17
1298 0.00016228512135639146
1299 0.09053867547903502
1300 1.3739621232602931e-09
1301 2.3979157834262873e-05
1302 1.3412642885374055e-05
1303 0.21564517147452641
1304 0.1598521614592907
1305 3.985046300364756e-09
1306 7.081204750661333e-10
1307 4.197880074725796e-10
1308 0.01182584817079044
1309 2.505460226534152e-09
1310 0.09420868718861143
1311 0.008662579058073366
1312 6.8188616222077195e-06
1313 0.23095309660417043
1314 4.197345782784628e-07
1315 0.2305067789684157
1316 0.00027288726520925997
1317 1.992843508716608e-05
1318 0.07474527366212534
1319 0.001320378364866476
1320 0.2228605355367703
1321 8.93395194642924e-10
1322 0.24463263348546477
1323 0.07555867831208479
1324 0.00039663630701848346
1325 0.044221977988252004
1326 7.554615485378912e-18
1327 0.00017908191707699498
1328 0.29270164959284906
1329 2.345377203166821e-06
1330 0.011829986772224448
1331 1.1401084843861216e-14
1332 0.17682246509926103
1333 0.09795171362596372
1334 0.21029359821916668
1335 0.21159766465117028
1336 0.0032908594866716875
1337 0.013812541177467412
1338 3.6553917816632873e-06
1339 0.08323839880468155
1340 8.508694986610432e-05
1341 0.0010907707685762493
1342 0.03161120581900907
1343 0.32431605245105827
1344 0.05505951463606666
1345 0.1168878602754965
1346 0.047120339422135615
1347 6.103928939929561e-05
1348 0.0004971936805247348
1349 0.006378641937908935
1350 3.791493208813773e-05
1351 6.168260210527753e-11
1352 0.0001826419721092847
1353 0.2629861737170606
1354 1.0893732620090796e-13
1355 5.155775982881217e-07
1356 0.00693306430213507
1357 0.00017013186757689562
1358 0.0025575694951780765
1359 0.491636344514477
1360 0.0013101398355668287
1361 0.0003270527493035721
1362 9.24316095072105e-08
1363 6.139389327157108e-13
1364 8.645338383458958e-07
1365 0.000610681492367137
1366 0.08307048500304677
1367 0.885109959977918
1368 3.110209574445632e-16
1369 0.0511428652839246
1370 0.9208840824901615
1371 0.10851936989830768
1372 0.183812520730899
1373 0.027264637180857716
1374 0.0008888061065400909
1375 0.14730443989657452
1376 0.014331227630204666
1377 0.0008225871741441161
1378 0.9423642456551863
1379 1.3585822498704482e-15
1380 0.010977702043939377
1381 0.07279125074128684
1382 0.0396104735959888
1383 0.04402900960286121
1384 1.313778047948554e-07
1385 0.0001424082412374567
1386 0.00011790960852839744
1387 1.0995279428305378e-08
1388 0.4205712197799597
1389 0.6290112097769495
1390 0.00018522217391051015
1391 4.4027268610552915e-07
1392 9.12818957737027e-10
1393 4.5385864649960886e-07
1394 6.962449133946424e-07
1395 3.224917015636223e-08
1396 4.10909069010883e-07
1397 0.27970435942218125
1398 0.020156012183538144
1399 0.17110147832691505
1400 0.229598813891748
1401 0.0008369993532952011
1402 0.00011418474894663049
1403 5.351307610461256e-07
1404 1.559127755619288e-10
1405 2.1650244919455995e-09
1406 1.005191489848868e-10
1407 0.02679353557425529
1408 0.01610490261152302
1409 1.3085335187132042e-06
1410 0.1326097931868691
1411 2.2809485391066957e-11
1412 4.394459467010354e-08
1413 0.023854257219071966
1414 0.003729336337699766
1415 1.7894641475906713e-06
1416 0.12022235378688066
1417 1.9219221092613125e-15
1418 0.0003090818701651758
1419 6.154879400191988e-07
1420 3.366630566757448e-08
1421 0.1289000477609803
1422 2.6083581863806446e-14
1423 0.5561883714357693
1424 1.5116905184868365e-07
1425 1.1085410607531955e-09
1426 1.527047919647069e-13
1427 0.0121314315627471
1428 2.8570347710851715e-05
1429 3.907177647498411e-06
1430 0.1479169782238319
1431 3.222266374317482e-10
1432 0.00013753455599469297
1433 0.008931114306643782
1434 0.8465397489511314
1435 0.2109620381650292
1436 3.1412844465646944e-10
1437 0.007243769602489138
1438 0.002286540722568331
1439 0.0015886342877282687
1440 6.685648484797996e-10
1441 1.0371437438555198e-05
1442 2.473126864255219e-15
1443 8.197010301603263e-11
1444 0.0011618670603856373
1445 2.112863208281546e-12
1446 1.2472933252369333e-06
1447 6.066118051519672e-13
1448 5.467435782028519e-16
1449 5.611251690345852e-13
1450 0.12500756031966456
1451 0.9238119940824059
1452 1.4271721069819791e-05
1453 8.744632996302217e-08
1454 0.29758143515133756
1455 1.8365432907154387e-15
1456 0.8732331117066492
1457 1.023649673315615e-09
1458 0.019995785336145353
1459 0.0169274085540484
1460 4.2623088013013085e-09
1461 3.296006819062943e-06
1462 0.023837244336455777
1463 0.33666097298759357
1464 0.006613080401088819
1465 3.023525163215474e-06
1466 1.3241997997219732e-15
1467 2.2253806650518755e-12
1468 1.6536743847851944e-08
1469 0.1248654844825916
1470 3.781932334602994e-11
1471 1.6115685245635692e-10
1472 2.0253175800942814e-07
1473 3.66410710265393e-13
1474 0.002345599368796061
1475 0.6450675046824025
1476 0.0012703481815941882
1477 6.572682272515265e-05
1478 1.2922763392069079e-14
1479 9.388781502203206e-06
1480 3.666987042562679e-07
1481 3.138726981563296e-05
1482 1.1750288656042937e-07
1483 0.0535858242357614
1484 3.184075358047643e-16
1485 5.179625314418427e-09
1486 4.467036938280584e-06
1487 4.534450468137934e-15
1488 1.1575297040686134e-06
1489 0.011225353271120357
1490 1.8485517975114346e-14
1491 3.5032433730204505e-07
1492 0.6819744021882784
1493 2.018422332456517e-06
1494 0.004164682452311403
1495 2.195750157199677e-14
1496 0.748267593233881
1497 8.009629436584942e-11
1498 1.677086980017768e-05
1499 0.0004405039772103607
1500 2.660117116793935e-15
1501 1.6077697027402173e-06
1502 0.0681108950295008
1503 2.3646549385666542e-11
1504 0.1848396266030847
1505 0.03538648797257217
1506 0.602719978494521
1507 1.5162853805596393e-14
1508 0.09273575445771885
1509 0.22907810157544825
1510 0.4343605412696171
1511 0.5919851150470782
1512 2.8770390566851e-10
1513 0.07318790748749995
1514 0.04143331658647424
1515 0.2952826238792335
1516 2.1270772224326976e-11
1517 5.430362771957397e-09
1518 9.709253888311247e-12
1519 8.52979129411745e-05
1520 0.12728698915890652
1521 0.257915139476479
1522 5.6269241994120725e-05
1523 9.380393675034845e-08
1524 0.16202008102313648
1525 0.26356198809018294
1526 4.443448345008005e-15
1527 0.010157543305987348
1528 1.9643345596288426e-15
1529 2.423883059338394e-13
1530 2.8102159689132805e-12
1531 0.1779990765338587
1532 9.922293624810108e-15
1533 0.08251928612139145
1534 0.1917297943550978
1535 0.0001718733729733883
1536 6.608149758962231e-15
1537 1.1343909998995475e-13
1538 7.117727979032623e-08
1539 4.205155374780937e-08
1540 0.19143102187884753
1541 4.2583837027474977e-07
1542 2.304859729674068e-06
1543 0.0025674559942200693
1544 2.1647483922694083e-15
1545 0.15692704759810924
1546 0.6658520945169045
1547 9.90488243834727e-16
1548 4.918191388489933e-05
1549 0.01371079534560621
1550 0.20884392645538527
1551 8.586258389303186e-14
1552 0.2444701878018702
1553 2.8446804279351432e-11
1554 6.0788593598096415e-06
1555 1.3231320865163611e-15
1556 0.05824603790902901
1557 1.0308948534065199e-11
1558 3.837409456182463e-15
1559 9.007027377183066e-06
1560 0.20133444421262248
1561 9.597274508013773e-10
1562 4.973396969103127e-11
1563 0.00040629692718688245
1564 9.740151237558658e-13
1565 3.7590322990594226e-13
1566 3.6808857993529498e-06
1567 8.630929274905819e-12
1568 6.245247603406786e-13
1569 2.881947824167866e-11
1570 1.6773592024677478e-18
1571 3.5511666654366843e-14
1572 0.2456090691482725
1573 1.2764117803993764e-11
1574 2.660776579597114e-10
1575 2.6560772098295167e-05
1576 4.6165840508551364e-07
1577 2.117665166910434e-11
1578 0.00023844720059245465
1579 1.0019834072653077e-11
1580 1.8091027624058858e-07
1581 0.002814670109359341
1582 0.0013157067949432606
1583 4.173878926297131e-11
1584 1.5444328535926664e-08
1585 0.0010882910435558745
1586 0.2088373936114369
1587 0.001375991880803689
1588 7.160139143036195e-11
1589 0.0012422409372784605
1590 5.043511354885958e-08
1591 8.737734884616959e-16
1592 7.373080805859525e-11
1593 7.355646111604387e-05
1594 0.16472133954753757
1595 0.00014776014520038265
1596 5.4642752643927386e-09
1597 9.725550007744274e-07
1598 0.007016558940948832
1599 0.0012963956022789536
1600 2.4730631335790356e-06
1601 2.6119890232525728e-15
1602 0.1197248351950781
1603 2.935427288638184e-12
1604 3.972633020494214e-19
1605 1.4675150234132092e-15
1606 1.5445768579686597e-13
1607 6.106364339051898e-10
1608 5.828785508744981e-12
1609 0.0025319067611508025
1610 0.31039289716497453
1611 3.259473029893638e-18
1612 4.627530309674269e-05
1613 1.0361482075243845e-15
1614 7.924188797321719e-19
1615 2.2282361259317182e-11
1616 0.00010732011773664923
1617 5.098581817253346e-12
1618 0.0030760850715954857
1619 1.9034136012168702e-05
1620 0.005125413780705909
1621 1.5016523829674253e-15
1622 5.616235031169791e-19
1623 1.299523763217439e-12
1624 7.282205890201893e-08
1625 8.332321307298859e-21
1626 0.5555121295460336
1627 0.0005276752866637841
1628 0.0012196395062355765
1629 4.957219134979689e-10
1630 5.805706609812812e-16
1631 1.646981007224592e-09
1632 0.04413693730114256
1633 0.07952339445883458
1634 2.244302061221696e-11
1635 1.8863197319013687e-10
1636 0.047512356404680836
1637 1.225714449909678e-14
1638 0.028409265224132653
1639 5.365546488902726e-10
1640 3.5765992409355906e-18
1641 1.8988236797769587e-18
1642 2.1782952507020802e-18
1643 6.303509965026398e-11
1644 1.9127044200322836e-11
1645 9.505439496783615e-05
1646 7.270861840956071e-11
1647 0.00133996832844382
1648 0.004461756926853754
1649 5.351937912553986e-16
1650 0.014704461096260099
1651 0.1453137956170802
1652 3.2710570571417483e-13
1653 3.455662631421567e-06
1654 1.3100462938533644e-10
1655 2.091865834093533e-08
1656 5.856339173408319e-14
1657 3.403890918876166e-17
1658 5.731109973483115e-06
1659 0.4323173399458886
1660 1.5053329216055358e-05
1661 0.0007961892039227305
1662 1.2296724410966786e-12
1663 2.5587329247342275e-12
1664 0.0005626630553924882
1665 9.369228466621378e-20
1666 1.0783906628405007e-05
1667 1.0118199668588823e-16
1668 1.4324976916794803e-16
1669 1.403626443162868e-17
1670 1.8146421099776816e-13
1671 1.8784281002947515e-19
1672 4.224425372512953e-10
1673 7.757229887583529e-13
1674 1.961633484854381e-17
1675 0.16951118494012105
1676 0.020945804621787738
1677 5.762958794063458e-13
1678 6.008774521935343e-17
1679 1.2435377262204099e-17
1680 7.890918224920735e-18
1681 0.0036002910912855467
1682 1.9624274354803284e-20
1683 8.295907926315352e-15
1684 6.863727580701907e-18
1685 1.6000999166423162e-18
1686 2.0873265445753757e-17
1687 7.313038135380681e-18
1688 3.225798942981783e-19
1689 6.474394663002746e-19
1690 8.032138929785193e-20
1691 8.543452923224005e-19
1692 4.710545505336857e-18
1693 1.5957936559460268e-19
1694 3.8628599318618154e-20
1695 1.2973609615001478e-20
1696 0.013954080419109192
1697 0.962996657551515
1698 5.383607745665772e-13
1699 3.092019904863294e-07
1700 3.231820187534314e-07
1701 2.8352081245740078e-06
1702 1.377935805025066e-09
1703 0.2499572430867775
1704 3.118890846296401e-19
1705 0.0004886660285496457
1706 1.516530202638224e-07
1707 0.12750392294064197
1708 0.0026895544778648187
1709 1.948505456199003e-11
1710 0.0002255672914831422
1711 2.0877586440970526e-12
1712 1.0970212072204365e-14
1713 2.8479258832770383e-07
1714 0.0012084843109812478
1715 6.75929136093373e-08
1716 0.0018737483314577692
1717 3.3314155748535863e-16
1718 0.0002034483332039985
1719 2.437763180784062e-09
1720 5.057589048564217e-11
1721 3.610055777314362e-07
1722 1.8237475606360263e-05
1723 1.345821718128567e-10
1724 1.5054256281661258e-08
1725 0.33085583504695054
1726 0.00121242727663888
1727 0.3935993060736326
1728 0.00015464218030602914
1729 1.504619380456882e-05
1730 1.552345848335425e-13
1731 1.271306327198884e-07
1732 1.0085947980510304e-10
1733 1.3423183254241103e-07
1734 8.035687328281562e-08
1735 0.003246539284523285
1736 1.0740834224224567e-12
1737 0.0019438582295956896
1738 6.177446636994706e-14
1739 4.38702241239676e-05
1740 2.895733381223068e-05
1741 6.03145246383528e-16
1742 0.0013027038362759392
1743 2.7804401298555313e-05
1744 6.396697277090765e-08
1745 0.023537593941165117
1746 1.68819295678583e-05
1747 9.444529037178145e-16
1748 9.034336034987276e-07
1749 1.1477790745201694e-13
1750 0.11875326775617134
1751 0.0007322821720593057
1752 5.180567664429122e-07
1753 8.999587636524066e-07
1754 5.842012260974937e-16
1755 0.034080714355852935
1756 1.4291647535777615e-05
1757 0.19516367570313775
1758 3.112972967845985e-08
1759 4.7922390159042e-09
1760 0.0017386129984747617
1761 9.756064015562692e-05
1762 2.7845635964557888e-08
1763 0.6275292380816245
1764 0.04552282085526165
1765 0.2700976807729756
1766 2.628245877847226e-16
1767 1.7216919616176765e-06
1768 0.00040779150500859377
1769 4.944444333382653e-16
1770 3.6867108408283537e-17
1771 1.0302012394311191e-15
1772 0.31298507423891425
1773 4.117180435484946e-09
1774 2.104609743083516e-06
1775 0.05800055433159764
1776 0.00014733532241210267
1777 3.861010944465034e-12
1778 0.27299179259051404
1779 1.4786780188065783e-09
1780 6.074815379295258e-05
1781 0.001531562868287356
1782 0.19212727378357877
1783 9.674933513148127e-17
1784 0.0002118267957209122
1785 5.2661050781136975e-11
1786 4.246010214024842e-10
1787 1.4814947622549497e-11
1788 7.74540958294769e-08
1789 0.03127760698782655
1790 0.26180030294253603
1791 0.23330771335910547
1792 3.620116149219037e-13
1793 4.195050203015611e-13
1794 4.6394950526423185e-08
1795 0.06648510848949857
1796 0.1455212189538004
1797 3.9802249256176265e-15
1798 3.0114625282875214e-06
1799 1.4516086726496593e-11
1800 1.4360576853597197e-15
1801 3.3578589899094344e-07
1802 0.09429056086681484
1803 3.4113425259450835e-16
1804 0.007346305144990079
1805 3.2586271807546066e-16
1806 0.00043993426589101836
1807 1.456673830071032e-16
1808 1.5465956643106804e-10
1809 6.559963145057612e-17
1810 3.9011555927598255e-16
1811 0.10860972713772539
1812 2.5888629611796233e-17
1813 7.972608499954086e-05
1814 0.0012776420409590385
1815 0.0706192310260048
1816 9.537788431394872e-05
1817 0.6871629292642529
1818 9.257940146281739e-14
1819 3.4311763822507036e-10
1820 1.759788460041299e-11
1821 0.1577268592818944
1822 0.11513528953516933
1823 0.012294088414441547
1824 4.1992343976877733e-10
1825 0.2799039751586063
1826 2.918329956500269e-10
1827 0.19681573047300008
1828 6.734305198491508e-08
1829 0.00011353723020133746
1830 3.581571207871376e-10
1831 1.0890304109199909e-16
1832 0.0010662574680815442
1833 0.3653573368846509
1834 0.948631105927269
1835 0.00010939890742389367
1836 1.3926690428990695e-12
1837 2.283787203157051e-21
1838 9.951818190811748e-07
1839 8.326776603526987e-12
1840 7.288597764903026e-07
1841 6.931012959957845e-16
1842 0.00017671394442718525
1843 7.246779667392941e-07
1844 8.204611355449795e-14
1845 0.00010802247936280877
1846 2.938973314412816e-16
1847 0.07051481858807655
1848 2.8657534078547985e-09
1849 0.44060431623384755
1850 0.9128979130866858
1851 1.589679895307048e-11
1852 0.015454105256544845
1853 7.600751943293179e-12
1854 0.37327930235974405
1855 4.892880689911637e-15
1856 3.105729690882387e-11
1857 1.3329426512389281e-08
1858 6.832592214344011e-13
1859 0.06703844564101838
1860 2.0700443390366648e-06
1861 4.82914096840326e-15
1862 2.8050418019224956e-07
1863 0.06956980453027738
1864 4.797831425181451e-08
1865 2.0645226736036455e-06
1866 0.01885200698283196
1867 1.3139202138959916e-15
1868 6.441080798347581e-15
1869 9.046845227442015e-14
1870 3.077434291269309e-13
1871 0.00028000069860303954
1872 0.49475009303681877
1873 0.04539344172879519
1874 0.07848953792736747
1875 2.2722406809832305e-11
1876 1.2120857536657297e-06
1877 2.7304877542649423e-08
1878 0.7337187946405442
1879 5.757407026219742e-06
1880 0.13217710371189287
1881 1.070673865304596e-12
1882 1.2292625653688239e-11
1883 5.351091497175782e-14
1884 0.00013006496839042454
1885 0.06518141013184449
1886 1.1062628033334897e-08
1887 0.5171129833792394
1888 7.641574798722715e-05
1889 5.772927039579911e-05
1890 2.3923668698029856e-07
1891 8.245219313990568e-13
1892 4.654814708758652e-09
1893 0.0003265337055507861
1894 5.210628372628617e-08
1895 7.26915434871887e-05
1896 0.04588179077236711
1897 0.0004542901458728096
1898 0.8382351018553399
1899 3.9917418982527967e-13
1900 0.2989212922459526
1901 6.962733459625292e-14
1902 1.8308475819448923e-13
1903 5.025370448422255e-13
1904 3.47407471722572e-13
1905 9.485982620648171e-14
1906 1.1974917996912307e-14
1907 0.0016841112901460832
1908 0.00020780078854300374
1909 8.495349348657568e-14
1910 0.003657667812237002
1911 6.239555089824646e-13
1912 6.686305767970266e-05
1913 2.7773546531755307e-06
1914 2.6247649135545346e-05
1915 4.351439306046407e-13
1916 3.381646120038826e-10
1917 0.4171850638083387
1918 1.4709791444239686e-10
1919 7.46380444633892e-17
1920 1.9102773868965028e-05
1921 3.855298746057643e-06
1922 4.297775777032066e-07
1923 0.05438503541135369
1924 0.49901636529131066
1925 1.4829368244821107e-12
1926 6.470641378678807e-11
1927 0.3189430946464213
1928 6.492948134356411e-13
1929 9.245621483787957e-19
1930 3.233749252195142e-08
1931 4.227025264319353e-05
1932 0.003899449739926446
1933 2.652372871303681e-12
1934 4.5341791123308556e-12
1935 1.2540858600811968e-14
1936 3.524553965868334e-12
1937 2.5995937790975514e-12
1938 0.005040756015191657
1939 1.3192724056052834e-06
1940 0.0004226771451062729
1941 0.00010335708250151604
1942 1.0605969766860142e-05
1943 2.6803622926452786e-15
1944 0.009035750580285237
1945 8.914181446677811e-05
1946 0.3914048656010034
1947 5.51277843100872e-05
1948 0.23965522859944807
1949 0.565283729964127
1950 0.14847526694355556
1951 2.3025859381125912e-06
1952 0.8301026760883171
1953 1.4085217670781672e-16
1954 1.83599486077875e-14
1955 1.4226880488054138e-11
1956 0.4737613070130376
1957 4.3062587147900007e-10
1958 0.0025538219194172107
1959 3.4376670670872485e-15
1960 1.797714063996383e-11
1961 0.9515804456489463
1962 1.0966917069943169e-11
1963 1.4312228980002827e-08
1964 1.782236634801357e-10
1965 1.5926350102841285e-11
1966 2.6917851066768987e-12
1967 0.44605095159532526
1968 9.137050555561724e-08
1969 0.0033014846930866804
1970 7.940583835326747e-06
1971 0.0012042015601770467
1972 0.05571204969170932
1973 0.4302331788391692
1974 1.1982832180352279e-13
1975 9.318068534049902e-11
1976 5.250295298506064e-07
1977 1.51754623222452e-08
1978 0.0005650232743420377
1979 8.378368847305747e-14
1980 1.4445684194263163e-13
1981 1.1446817433351542e-10
1982 0.01355585944820534
1983 2.6311639569451374e-25
1984 1.6882842318298536e-16
1985 0.043096802558984314
1986 0.0222394650028195
1987 4.797740375442008e-13
1988 0.014992832279891878
1989 2.1902788693062126e-14
1990 0.002763352467526277
1991 3.11537709397642e-07
1992 1.4343104882920445e-13
1993 2.317906292806425e-06
1994 0.1480399864822982
1995 2.856965320940009e-07
1996 1.0630614091712113e-09
1997 0.001038567536398424
1998 4.327557998141926e-12
1999 1.4115122745575048e-15
2000 1.8834225279961092e-10
2001 0.0021444917287625964
2002 3.7504208329239515e-14
2003 0.0015468894274942176
2004 0.24016557489144919
2005 0.03078949098586076
2006 2.4922888891989302e-08
2007 3.021259767246632e-14
2008 7.384170848054908e-13
2009 1.306886371458357e-06
2010 0.006988959454075461
2011 1.1045570744070817e-07
2012 6.87619065819849e-13
2013 8.532487899360161e-12
2014 1.4693777934571702e-13
2015 2.765312405206693e-12
2016 4.9103030747341923e-08
2017 5.153197585036545e-20
2018 1.3000822512025107e-05
2019 0.040155056673945824
2020 2.36481857542539e-10
2021 0.000649551440378828
2022 0.00014802226778300474
2023 0.2422303251127724
2024 0.008664781716912106
2025 0.14824819180334148
2026 2.688410490678535e-09
2027 0.21606883247231753
2028 1.345101418330052e-08
2029 6.627657891552353e-11
2030 6.111608990291784e-09
2031 3.500922715949096e-11
2032 3.758864899872489e-11
2033 8.358323721360619e-07
2034 0.0013517190549217795
2035 6.039020534699034e-12
2036 1.0958797604455261e-10
2037 0.14786568652055898
2038 6.795670488762205e-11
2039 5.957457522061051e-10
2040 5.397942673932052e-06
2041 5.8121955489116297e-11
2042 3.7542757837444605e-10
2043 1.7010928877344803e-06
2044 0.20162074591172435
2045 0.2909945798549219
2046 0.002114780021822365
2047 7.576680142020296e-06
2048 0.24940550343656312
2049 1.3565340981279959e-07
2050 5.289631442819702e-10
2051 1.6187110424163126e-14
2052 0.0027102558312133225
2053 2.2220105820973663e-10
2054 0.04822628802912703
2055 0.00037753123141332846
2056 7.479540647847759e-08
2057 3.2325067596125304e-15
2058 1.5551314667739962e-13
2059 1.0018840413623705e-13
2060 2.0450527354936405e-06
2061 4.586458978081323e-12
2062 1.295207897064868e-14
2063 0.08567943235142192
2064 0.00020359535023642435
2065 8.614710201321477e-05
2066 0.3612738863196032
2067 1.948744038093018e-09
2068 3.029161834297684e-07
2069 3.88727412400714e-06
2070 1.0755953341950235e-05
2071 0.00010201676494633899
2072 1.0293889715787977e-10
2073 3.215402037573942e-09
2074 8.491053015075773e-13
2075 3.130998835746093e-05
2076 0.03146923943474377
2077 1.9220467329175708e-07
2078 2.8515683300474638e-11
2079 1.852983587494718e-13
2080 2.0540297316631309e-13
2081 0.015331791144435664
2082 9.004317592392024e-10
2083 0.05303182409672404
2084 8.646396997315391e-11
2085 1.0956991746338576e-10
2086 1.0697102685411593e-06
2087 0.41663410730382133
2088 3.679333882897262e-06
2089 4.262211480261283e-12
2090 0.1277153343013236
2091 0.31656541338278604
2092 4.927858391658661e-14
2093 6.247512346523624e-09
2094 1.555121494995654e-08
2095 2.2511882858451998e-14
2096 3.27071512352496e-09
2097 1.014044181146523e-08
2098 2.5212697267016175e-10
2099 6.71480899163382e-08
2100 9.059001159418644e-10
2101 0.0007460510462040016
2102 0.0012167160240177494
2103 1.481843014304092e-12
2104 6.282617680767321e-10
2105 5.426432586862009e-09
2106 0.000650523845000282
2107 0.054449516653876595
2108 0.0014187889412288742
2109 0.46120891763627864
2110 1.9738681268075962e-08
2111 0.002883108721632723
2112 4.112570295959532e-23
2113 0.44537415000107744
2114 0.12394008563793694
2115 0.05451316196155155
2116 3.808570132280599e-08
2117 0.44753629729197186
2118 3.186820859748226e-12
2119 5.064025863600891e-09
2120 7.053418371965799e-08
2121 3.6677091843174767e-09
2122 4.673155511759264e-08
2123 1.9595711832545927e-06
2124 5.832237144300671e-09
2125 0.030884533922431127
2126 0.0006454442324908045
2127 6.317980719952124e-05
2128 0.22347670525617144
2129 0.5435370293094339
2130 0.5743377469266089
2131 2.8402699519874247e-08
2132 0.005367556864438834
2133 3.974325540646029e-08
2134 0.7087532202557839
2135 2.8359997582364074e-11
2136 2.128624280751202e-05
2137 3.975882331193924e-09
2138 9.787973669351945e-07
2139 0.24667376062366478
2140 0.32242429876187906
2141 3.4686541041340225e-09
2142 8.403258157950944e-07
2143 4.957285964196771e-07
2144 2.5620106837522014e-06
2145 2.255843541196497e-11
2146 2.4674405689559996e-10
2147 4.472068198543124e-30
2148 3.1079581900887665e-12
2149 0.0001776223942384331
2150 4.602351906571353e-12
2151 4.773032131682566e-05
2152 0.0002298945435462539
2153 1.51556661926599e-06
2154 0.28807386883506764
2155 4.722271263838758e-09
2156 9.507947939433507e-11
2157 0.044253957944070034
2158 0.44486754927657357
2159 4.1720415159742396e-08
2160 5.487940319702475e-15
2161 0.0004843769911223344
2162 2.2759674393251974e-13
2163 3.9148436866474603e-13
2164 7.381299045344035e-09
2165 7.702102593705367e-07
2166 7.16005104790874e-11
2167 0.0001399749829120225
2168 0.02090684041823378
2169 0.009390122873613729
2170 1.3670510909226481e-07
2171 1.3004584678579498e-11
2172 0.10333549182139218
2173 2.254659502873866e-06
2174 2.5144935202494644e-05
2175 0.548007047136185
2176 0.09884429157821259
2177 5.631417367821101e-07
2178 3.5509123399383563e-10
2179 1.1654233429144977e-05
2180 9.371315625671566e-06
2181 0.35717137274434946
2182 0.052211186823596864
2183 2.5077970939109155e-07
2184 8.715649461641424e-12
2185 2.3047230894186625e-14
2186 2.230180825875547e-08
2187 4.312266445947926e-05
2188 1.3232579147088356e-07
2189 0.08897428480849601
2190 0.8761710593103261
2191 3.945570184029436e-06
2192 1.478388748647521e-08
2193 0.15372242557410293
2194 1.9139980214914167e-07
2195 1.9401034928990876e-14
2196 4.556224102010095e-06
2197 1.2912994577071248e-07
2198 3.013104785023545e-12
2199 6.283828499310486e-08
2200 2.8763369586149005e-14
2201 8.153447844161838e-06
2202 0.9185162452215512
2203 8.268449199121454e-05
2204 0.00018647307935377408
2205 0.00024270179245118088
2206 6.574579493599518e-11
2207 9.210066927215878e-08
2208 1.650980915310787e-07
2209 2.744826264524261e-12
2210 0.38688777270831254
2211 9.220417933387581e-07
2212 1.3339471326260654e-09
2213 4.2064755090123e-08
2214 2.1241984489599755e-08
2215 0.6857089275541735
2216 0.40892143949761645
2217 1.734754323658725e-10
2218 6.651562969428156e-14
2219 1.6977706283994865e-08
2220 6.102748690903984e-13
2221 5.59812421217531e-06
2222 0.8119258354230109
2223 6.925593691781732e-12
2224 0.8670442960838852
2225 1.4057629544704285e-05
2226 2.758842616619227e-05
2227 2.394386341763391e-13
2228 1.9525212076757993e-07
2229 0.04553399362718755
2230 1.6425091079714527e-05
2231 0.002155071491487955
2232 0.1310185005937906
2233 4.698365786722932e-05
2234 4.0409791646522854e-07
2235 0.12531753377032176
2236 8.384640116082128e-13
2237 6.833069204544981e-24
2238 0.5239395499728263
2239 3.2655318342399865e-09
2240 0.9301473093515145
2241 1.932256809145607e-05
2242 4.334308300312921e-07
2243 0.8303899413266411
2244 8.624913150249002e-05
2245 0.0002500015042391566
2246 0.06536595601039712
2247 1.1537466367704656e-12
2248 2.843981521766401e-10
2249 3.366169497886886e-05
2250 0.35822715188878707
2251 1.8351117360438592e-10
2252 1.2837557029903432e-05
2253 7.006328438034626e-11
2254 0.00018268865556062192
2255 0.013014018426154234
2256 0.41237974341161104
2257 2.3939506867175163e-15
2258 7.040063764010267e-05
2259 1.5503643237531176e-15
2260 0.3758418401597153
2261 6.170987849014402e-05
2262 9.114662203563881e-08
2263 0.5524322475405541
2264 2.021540036081452e-08
2265 8.175323604314737e-09
2266 1.0308359175510248e-08
2267 0.3637899512319626
2268 0.03691004796608177
2269 3.838820192331748e-05
2270 0.0007393423472068784
2271 3.0487630541770925e-08
2272 9.436551310253977e-06
2273 8.401208037478922e-08
2274 0.367286640742194
2275 9.717105329810008e-10
2276 7.532612111444013e-08
2277 0.00027012212275705563
2278 2.9930031902152257e-12
2279 1.1521713445881672e-06
2280 0.11424530393772912
2281 2.0346154443385357e-08
2282 6.186744575343675e-12
2283 9.795480155806473e-09
2284 0.010521105262000424
2285 4.562927279593101e-06
2286 0.43282928235641216
2287 3.712087795007986e-05
2288 1.5376949969397318e-12
2289 1.1507849017696555e-11
2290 0.0004483169576391075
2291 2.15822533623748e-07
2292 1.3190581840869683e-05
2293 0.12871858193618496
2294 1.8573340267779294e-12
2295 0.004006556012879165
2296 9.65997294421391e-09
2297 1.1504826094513447e-07
2298 0.0007193368891705829
2299 1.4156232427495398e-08
2300 0.00011722873660865941
2301 0.007049794787868214
2302 3.6859673599454007e-13
2303 2.1633415431839115e-07
2304 0.03039850702712716
2305 0.1371397444159543
2306 4.7071446583597714e-14
2307 0.005112314134388232
2308 0.3459561285040077
2309 0.01676912614382589
2310 0.4015623187219694
2311 5.165859198076156e-07
2312 4.774707943423568e-11
2313 0.0010677669622738402
2314 0.000544493339070767
2315 0.007302828960234591
2316 0.3228507616162095
2317 1.5269568912865658e-09
2318 3.8620712731592473e-07
2319 1.8222443915564463e-06
2320 2.3908613419854716e-09
2321 7.529648569719854e-10
2322 2.3122204955741758e-09
2323 5.7430570731983416e-11
2324 0.02796257941527794
2325 4.31341344956983e-12
2326 8.79959146537205e-11
2327 0.007277078665234272
2328 4.758061033890044e-14
2329 0.0009203451885875121
2330 0.00010182935933274992
2331 4.850979070068277e-09
2332 0.0019021950188194317
2333 6.0967610518756634e-15
2334 6.399892659738062e-09
2335 0.00167664826671313
2336 6.79873032360354e-05
2337 4.779163409947508e-08
2338 7.14142703215558e-07
2339 0.040288302353598954
2340 1.709832883813277e-11
2341 1.5234191567132643e-12
2342 8.582790028108516e-09
2343 6.12907392589479e-08
2344 1.0351052221405615e-12
2345 0.0001792208093121335
2346 7.673315940133655e-07
2347 2.585564726743078e-11
2348 1.4850361592909852e-06
2349 2.303949142619903e-12
2350 1.0451365813153829e-14
2351 9.420883260929537e-18
2352 1.3068524834959793e-11
2353 2.458123086281722e-08
2354 1.1581251337907133e-05
2355 2.7363597963859996e-08
2356 0.9069808297523817
2357 1.5938090918142097e-13
2358 1.8136220201035212e-08
2359 0.5097809229810591
2360 0.0005735259122289473
2361 1.2066720710508822e-08
2362 1.8502896217036437e-15
2363 1.464967786001634e-12
2364 0.4334485412627398
2365 1.861827974127225e-08
2366 6.153333070517918e-05
2367 3.479477268886558e-05
2368 0.019401431831161466
2369 2.945956615402977e-09
2370 9.087656176102199e-13
2371 1.5411320135221553e-06
2372 3.335387266036917e-12
2373 1.4959135640350547e-06
2374 0.0007198058097420929
2375 6.081561364667599e-10
2376 3.454577002706933e-12
2377 9.262786550131522e-09
2378 1.6553252416834114e-05
2379 4.893452818913937e-05
2380 2.123034029294998e-05
2381 6.614203051345396e-05
2382 1.2193329056763157e-05
2383 2.5402401107841398e-14
2384 1.0920707746348829e-09
2385 1.9300547899946006e-13
2386 4.989505601439033e-11
2387 1.5205233270942927e-06
2388 1.581929230772438e-06
2389 2.7483794513306e-09
2390 2.4777115693665714e-05
2391 1.9333494174304684e-05
2392 0.039802516607600556
2393 1.5960885904174712e-12
2394 6.042169452686289e-07
2395 1.5380776669768722e-10
2396 3.6226210450472345e-07
2397 0.015028776889628906
2398 1.3135654794041029e-08
2399 2.091487463182648e-16
2400 7.66835182192918e-06
2401 1.1519696566189989e-12
2402 9.562820781617384e-05
2403 7.621868145525495e-12
2404 0.012425619125932107
2405 1.245921124467593e-07
2406 0.1332656732194378
2407 6.227062206379343e-09
2408 0.18215771444796858
2409 2.170856062368018e-05
2410 1.0506732758702509e-06
2411 0.0015841819587476694
2412 0.18808370821628798
2413 5.85668511771971e-13
2414 0.0005612201431821204
2415 7.952793048203154e-05
2416 0.000510963065546681
2417 1.7545425148913361e-06
2418 3.473544778246637e-05
2419 4.260208526658727e-12
2420 0.1844568142188169
2421 3.050998672620716e-11
2422 4.544204123555314e-06
2423 6.395430533676686e-07
2424 0.24013731504478783
2425 0.307955355853136
2426 1.872211883237172e-10
2427 8.20259260614628e-09
2428 0.009691485390014269
2429 6.912259897040236e-16
2430 5.91163454097014e-07
2431 9.865841486279558e-15
2432 0.00012018608446119439
2433 2.175935080321666e-15
2434 0.28914808736881775
2435 4.980959701773426e-22
2436 1.5764134139393676e-11
2437 3.741287889516203e-08
2438 1.5419716871568316e-08
2439 8.053756346969373e-06
2440 0.0002867603322903819
2441 2.0813357077986837e-07
2442 4.303794363293773e-12
2443 1.1739334749210925e-22
2444 4.2512768992364985e-13
2445 2.7811739897546994e-05
2446 0.021465704274448542
2447 0.007317302618907214
2448 0.31901558811221004
2449 2.0255963897557726e-11
2450 2.4758194744787295e-12
2451 0.33060877217944196
2452 0.38612952558610125
2453 1.8642712008313833e-15
2454 2.856312209907131e-05
2455 0.00010939065575364924
2456 2.6998757063224156e-07
2457 3.8406300007237514e-07
2458 1.1204486821426288e-15
2459 2.6514379087657226e-07
2460 5.550800226969011e-13
2461 0.002507915248999705
2462 7.857848272153811e-06
2463 4.195762918386562e-14
2464 1.1757370107778983e-12
2465 0.003999393438814514
2466 3.162755113293201e-18
2467 1.2189152024101485e-15
2468 2.2747424801447932e-05
2469 0.00013644930096511635
2470 1.4093165374458014e-06
2471 1.79162862364487e-11
2472 1.3623357095214247e-05
2473 0.0005649104160301834
2474 8.990774551691684e-06
2475 3.3533149536027145e-18
2476 1.1710753236120528e-11
2477 3.965822842939202e-06
2478 5.0400566246279546e-05
2479 2.8657906913102796e-06
2480 5.793695700294825e-05
2481 4.862630959747558e-16
2482 1.5294446823960756e-12
2483 7.009395693019521e-05
2484 1.6461322449833398e-15
2485 8.187910630882664e-25
2486 0.5749649331083394
2487 3.3788254498197448e-12
2488 6.06890527101536e-08
2489 0.0014773835234561123
2490 0.005695597402978608
2491 7.732612995456905e-13
2492 5.0946812626015015e-06
2493 9.833099150695154e-08
2494 1.379108700440022e-09
2495 0.7085467587095651
2496 5.974648630647926e-08
2497 0.5619300356739987
2498 1.854454264673286e-05
2499 2.3599669310136566e-06
2500 1.0634884080209344e-12
2501 2.468652943866517e-11
2502 2.4183755660945573e-05
2503 9.88108620406651e-19
2504 4.685565591076521e-13
2505 7.727804137915842e-16
2506 9.932664537939787e-15
2507 3.729574473564971e-18
2508 4.2597968409493257e-16
2509 4.196746198023918e-05
2510 1.3709284287522786e-11
2511 6.910976986261872e-06
2512 3.618903684180491e-17
2513 7.678569886720655e-22
2514 8.787409567492186e-13
2515 2.4936409638039905e-12
2516 4.194609046571381e-05
2517 2.929104824790288e-09
2518 5.07384601664799e-06
2519 2.5069703775004e-16
2520 3.4836665630418113e-09
2521 1.2783849647135527e-15
2522 0.2651489203844517
2523 4.340334972346076e-06
2524 4.790132625345802e-07
2525 5.951669757209889e-15
2526 1.3442060582287513e-13
2527 9.575723441813719e-14
2528 0.0005975401618492632
2529 1.5877704425980393e-15
2530 8.149128443758496e-10
2531 7.499576376207941e-14
2532 0.0002661932585923082
2533 1.306894452878158e-07
2534 1.648292711786597e-26
2535 2.5078345368121295e-12
2536 0.00019727134157560266
2537 5.96213950522158e-10
2538 1.6874109460437098e-05
2539 0.0005831103351926997
2540 7.764292607981469e-09
2541 0.0031191518445807614
2542 1.2907427098048065e-06
2543 4.5448724934129315e-06
2544 0.6521455038959327
2545 1.1770482140815877e-07
2546 4.208209667474945e-11
2547 8.941813185305805e-08
2548 2.555214035748906e-11
2549 0.0015354163112176055
2550 0.0013760365531732138
2551 0.0005519615420949393
2552 5.849815958279003e-13
2553 7.98732451543687e-05
2554 9.545811639471442e-10
2555 2.6278931021601e-09
2556 3.150858659883721e-18
2557 2.040212454767303e-06
2558 1.564898043203721e-13
2559 1.2018401801191316e-12
2560 1.8051417172947716e-10
2561 5.1069913675895096e-14
2562 4.663475139112114e-06
2563 1.4762582851581795e-06
2564 6.057822557420422e-05
2565 5.02044076301866e-24
2566 6.868294206123052e-19
2567 0.0022683844684697778
2568 3.3024373891692803e-18
2569 7.684287965178521e-07
2570 0.28087283560466
2571 9.607964776822989e-08
2572 0.0019598037383814684
2573 0.001599057284487358
2574 1.0037233250821594e-13
2575 3.964990513167212e-12
2576 2.2408408145776812e-07
2577 0.0006616092472814896
2578 8.548882433733217e-10
2579 0.001785792630393564
2580 3.2143861193149254e-06
2581 1.5559237729521786e-06
2582 0.0020685485577277302
2583 0.0016055156344589694
2584 0.0004092876471277772
2585 4.583636209507232e-13
2586 2.448685344963461e-09
2587 5.882191198656235e-07
2588 6.903328401571952e-14
2589 3.303806127364867e-05
2590 9.517530833149747e-19
2591 2.4602825148761436e-06
2592 1.0821512757699547e-07
2593 0.7584122318405145
2594 9.466845224226201e-06
2595 0.8056430225682596
2596 0.015054238044370274
2597 7.377618429957907e-06
2598 1.438952849717506e-07
2599 6.17632484662716e-05
2600 2.1223588561553623e-12
2601 4.1240745339808486e-05
2602 8.852072963846167e-08
2603 8.438232928594318e-06
2604 6.968737770279905e-14
2605 8.77519788887678e-15
2606 7.3865511776328666e-06
2607 2.5355030707584544e-07
2608 4.503860901337202e-12
2609 0.00011421236462198312
2610 3.453631889804341e-16
2611 0.0030823824056639766
2612 1.0232959738989805e-29
2613 5.1641859605453944e-09
2614 1.218590819389128e-10
2615 1.5590171637180662e-13
2616 0.0008273521425009385
2617 2.641050678677466e-05
2618 0.0011036922105238875
2619 3.703195775750648e-16
2620 2.6683925193283037e-21
2621 6.837895043554262e-26
2622 0.001202354804619313
2623 8.750243914821012e-15
2624 1.6876567661426046e-05
2625 5.504973179294314e-11
2626 0.5660314848049691
2627 0.0007862329893727714
2628 1.0853916037933982e-14
2629 0.5080605480410365
2630 4.118874356089013e-09
2631 1.8795244583128987e-05
2632 9.433328796324537e-19
2633 0.0002286896578579917
2634 0.017395283560790495
2635 1.835810043453527e-08
2636 3.6164605666487164e-17
2637 0.5857954831416888
2638 1.2081670054401954e-06
2639 1.126662988376221e-18
2640 0.8003151752701761
2641 1.4882542562150112e-07
2642 1.0352723715945332e-09
2643 4.0116223182190187e-07
2644 4.241609606226422e-17
2645 9.382207447611112e-12
2646 1.3212777456594447e-05
2647 0.8392106822584082
2648 3.18526863526752e-32
2649 4.070059966322177e-07
2650 1.404595502831157e-23
2651 3.510836144070231e-06
2652 0.01588278444522014
2653 0.00011559499805640295
2654 1.5272930470719827e-07
2655 4.01024510621747e-12
2656 0.0003712645311424954
2657 2.1987079907290083e-07
2658 1.803463185415464e-09
2659 7.84543908069893e-06
2660 0.7065942104471501
2661 0.0005736257832765358
2662 0.680133803855417
2663 1.2316450167839362e-09
2664 2.856463380069238e-16
2665 1.0955931582593887e-08
2666 0.6023840501496434
2667 5.152926023104138e-33
2668 0.0003093023850078298
2669 0.0014789362051689872
2670 1.0517225890685922e-08
2671 0.0005517378593354941
2672 2.0995496224467554e-09
2673 0.45984104200140075
2674 1.8448725256400366e-05
2675 0.7863157318199937
2676 0.00026314713613707094
2677 4.092203304073094e-06
2678 0.001170142042782562
2679 0.00022257406240220898
2680 0.3267195261129745
2681 0.8232661837421179
2682 1.2989233771741965e-05
2683 0.8548089470735594
2684 7.732066929071149e-29
2685 2.7985228494309337e-06
2686 5.067870926822284e-12
2687 3.1350300013259526e-16
2688 6.60142886087704e-14
2689 6.3242132416300954e-09
2690 7.664163312419214e-12
2691 0.3711135007663694
2692 0.00023650051244377185
2693 0.3068173278069904
2694 2.7216348001767644e-13
2695 9.003585698540602e-05
2696 0.8017996380221828
2697 0.19463378425440445
2698 0.00022378320747884289
2699 8.27897386649986e-06
2700 5.119904313123385e-10
2701 2.5657313088990564e-05
2702 3.6885473178228365e-06
2703 0.0014005275226405935
2704 6.385078225343264e-06
2705 2.5014627314157345e-12
2706 3.765200072187366e-17
2707 2.861459788545566e-17
2708 0.0003120346187218996
2709 0.6494493954684728
2710 2.7845142464790607e-05
2711 1.0423199741539093e-05
2712 6.500808294314267e-05
2713 0.13364635011651602
2714 1.3274042322250307e-05
2715 3.1226710543636086e-10
2716 6.373482212571993e-15
2717 1.2452189194705013e-10
2718 3.7150640846785396e-05
2719 4.025563417171795e-13
2720 9.255601417026315e-12
2721 5.696090333089336e-08
2722 3.826030608225615e-10
2723 0.39442273739754313
2724 2.639094976691291e-10
2725 1.528214063082832e-09
2726 3.2758081839108088e-06
2727 5.684601654348325e-06
2728 1.906146350842133e-09
2729 4.208695348684947e-10
2730 1.4878754684575853e-06
2731 0.8845625855710858
2732 1.2362422924979328e-08
2733 0.000717022283956119
2734 2.785034562703645e-16
2735 9.071803367023074e-10
2736 0.00012664703145096333
2737 4.437326925499626e-05
2738 0.010810409326396183
2739 7.303962259854331e-12
2740 1.4324146670543175e-17
2741 0.07698642267541693
2742 1.996076625166533e-11
2743 1.5360844733643919e-10
2744 4.543307424052702e-06
2745 9.85412012920663e-07
2746 1.1645063481489965e-06
2747 7.046268699194727e-10
2748 0.5400938016730652
2749 0.7117709779860684
2750 2.253966795706441e-18
2751 0.6533162388002982
2752 1.5876070627884578e-14
2753 2.5398357136895365e-08
2754 3.260858432213186e-05
2755 0.0010581833718696309
2756 8.433863117129531e-05
2757 4.3916310477102016e-07
2758 3.131835164371685e-08
2759 0.073534568041621
2760 2.2606073776111007e-12
2761 4.1388154586101804e-05
2762 0.033572004811827406
2763 2.4007507716618022e-11
2764 7.578412170430006e-10
2765 0.22665092817613788
2766 0.7352865792969605
2767 1.9542534875898297e-08
2768 0.0002607118797846386
2769 3.3608245687252968e-06
2770 5.0150082271749105e-05
2771 2.0495188443071658e-12
2772 2.065577829433584e-09
2773 2.2712398039377926e-06
2774 7.938831930353935e-14
2775 3.5730264248185916e-08
2776 0.004691521276866276
2777 0.003119067490023147
2778 0.008424455677763792
2779 5.900681810246219e-07
2780 0.0019704358407908237
2781 6.941334804297056e-11
2782 0.24309498543660601
2783 0.006446240448711084
2784 0.09413146310237264
2785 4.479253717537559e-06
2786 0.011279214899887547
2787 0.75259454375684
2788 0.0011279936962247169
2789 0.009953348996498721
2790 1.0557667106734626e-12
2791 0.7190533406537598
2792 0.01111349810046329
2793 8.440913631735008e-07
2794 2.2879715361874672e-08
2795 0.000610343161413363
2796 0.00014055594997469106
2797 2.996546146456167e-05
2798 0.0001276593118167433
2799 0.006292888045012444
2800 2.5259208867445498e-05
2801 1.7553820869496793e-06
2802 5.182028106406734e-10
2803 3.235448760177295e-05
2804 3.5807707263720346e-09
2805 3.709581338788713e-10
2806 5.9625313768433964e-05
2807 0.005748938285911535
2808 3.201097645626982e-08
2809 0.6883562396831632
2810 0.007647268784073858
2811 0.1463136443372778
2812 5.232659219116161e-16
2813 2.1002200504502117e-07
2814 7.372741032292406e-12
2815 1.15491781045099e-14
2816 4.85097504422752e-08
2817 2.915266761282026e-07
2818 5.581357416048897e-09
2819 3.3655171312107175e-11
2820 1.1140642031969863e-06
2821 1.8652188620846707e-12
2822 1.6981808065672485e-11
2823 0.13185128033074378
2824 7.120138556152893e-06
2825 6.827647749046171e-12
2826 0.006737326411361405
2827 0.0022430327987304727
2828 1.4218008884833992e-13
2829 0.010412510001240972
2830 0.058798299242316804
2831 0.020034097719990155
2832 0.014847298513257485
2833 1.326423899592012e-09
2834 0.004074622342791065
2835 8.451042018568207e-12
2836 0.024927714316570135
2837 5.7293592114113484e-12
2838 1.2039599020929496e-09
2839 0.028654477513066212
2840 0.0003907068870058667
2841 0.030413004436694927
2842 0.22549388880494847
2843 0.08670529335150891
2844 0.030218149319982165
2845 3.664115024628003e-12
2846 3.0147437553888792e-12
2847 7.726598971279886e-06
2848 9.946440874992254e-09
2849 1.4907906451219782e-09
2850 1.0598383655848252e-05
2851 4.1408741465300766e-05
2852 4.008154096302034e-12
2853 2.1083034483789423e-10
2854 1.0752967447493731e-10
2855 9.058467885323448e-05
2856 0.02765886963402252
2857 6.485053077365344e-19
2858 0.012585461354446216
2859 0.00560521030400566
2860 2.5379071025423656e-05
2861 2.9649960748513595e-06
2862 1.1371331212812235e-14
2863 0.018225443899504815
2864 1.0997434674022155e-05
2865 3.134323315338936e-13
2866 0.024993475539807086
2867 2.8410968594282736e-11
2868 8.77737658675163e-09
2869 0.00644581096195446
2870 5.0110255003448015e-14
2871 5.1496834047687045e-05
2872 0.013256896481792523
2873 4.00085789353937e-09
2874 8.90503583096964e-16
2875 0.00045215612859331536
2876 5.838186275354749e-05
2877 1.2882136062600159e-10
2878 6.00756516039421e-09
2879 5.173086741072031e-13
2880 0.005391229899339807
2881 1.5239295580969417e-05
2882 3.6782997261812805e-07
2883 3.551436565700991e-11
2884 1.909759378789533e-05
2885 3.862904293546363e-12
2886 2.5053872513206653e-06
2887 6.372201503369518e-14
2888 5.178547674456109e-11
2889 1.5644239015328513e-10
2890 0.653846689869621
2891 3.805967509594092e-09
2892 6.399723348463336e-07
2893 5.477069069806818e-13
2894 6.130770446893743e-08
2895 3.0711141612810116e-11
2896 6.422682708801282e-09
2897 0.1864022317210661
2898 2.5610420083330317e-11
2899 0.07466042520646758
2900 8.425427378250907e-08
2901 1.3091473601473034e-11
2902 9.479364548430212e-08
2903 0.09612871933053033
2904 1.3317354410728064e-13
2905 4.579748514622193e-06
2906 5.218913258443184e-09
2907 1.9660660739681818e-10
2908 0.039017907984877455
2909 0.5854645629091197
2910 1.35541060044871e-05
2911 0.49481461043604114
2912 9.262986177700026e-05
2913 0.0002091018425280551
2914 0.0469536958011827
2915 1.1216253512859416e-17
2916 3.384800961135632e-10
2917 6.464046353116604e-11
2918 0.4316485589282378
2919 4.35779523438898e-07
2920 1.3866158455624263e-06
2921 4.4509324278491563e-13
2922 4.840406216431362e-09
2923 0.05362594241606099
2924 2.188272740372764e-09
2925 1.4899074293029522e-05
2926 0.1315284732625787
2927 0.016518080646183538
2928 1.9944672471602923e-09
2929 2.6271423922268125e-13
2930 0.011269267199165205
2931 0.0027346094865228396
2932 0.001072161600120817
2933 0.023245683471630557
2934 0.027862350302151728
2935 0.06441018711534008
2936 0.005249383274128836
2937 0.004017492939346636
2938 4.120364166464838e-09
2939 0.040207191750919094
2940 2.3161697600532733e-08
2941 0.03653804440350793
2942 0.17410000744267282
2943 0.007477757115343154
2944 0.00031097315663413554
2945 0.3473516054340909
2946 0.041437716162401085
2947 2.6925138903123017e-07
2948 0.00786468104853626
2949 0.02333586557297414
2950 3.102378821354603e-14
2951 1.3502090593663286e-19
2952 0.16868091033015925
2953 0.015611917882605875
2954 7.090490981199088e-10
2955 1.9258473620871387e-13
2956 6.52231360483442e-13
2957 2.0178383756472976e-08
2958 1.3014363017517248e-09
2959 9.610478474355063e-12
2960 0.07531321535565008
2961 0.03482490309031145
2962 8.753692397824918e-06
2963 0.028263404646982727
2964 0.00799817025654538
2965 4.1277233106727067e-10
2966 0.004757558698288386
2967 0.02345462951681363
2968 9.766140194293059e-10
2969 2.7572959703754844e-08
2970 9.39359821861176e-10
2971 1.0373770908560589e-08
2972 8.824795230925551e-11
2973 8.090863474570321e-09
2974 0.014957874653985645
2975 3.031969511757767e-11
2976 8.410017188896414e-15
2977 0.02943839851229613
2978 3.675304868429719e-08
2979 0.009598258613419546
2980 1.350437656008706e-14
2981 2.6525337601328643e-12
2982 0.008878397121732953
2983 1.0755842727080237e-12
2984 3.0451709537247574e-10
2985 2.908294638016154e-09
2986 0.10801328510303214
2987 8.32164432918804e-07
2988 0.05269197191637618
2989 1.1681876302342051e-07
2990 7.331305234449914e-07
2991 0.04519906811388972
2992 0.03104723510144681
2993 4.927130281321068e-06
2994 3.4865678450513915e-14
2995 0.00015937178116984713
2996 8.397648567839295e-08
2997 3.823419293669993e-14
2998 0.001077766015449245
2999 0.025604355171810776
3000 4.6318240818001205e-25
3001 3.429281639148881e-08
3002 0.0005430779651797707
3003 0.05085439842039496
3004 4.396597526425146e-05
3005 0.0004316177368576725
3006 9.081958202102853e-09
3007 8.431284300921784e-05
3008 2.4932742485968665e-15
3009 1.6228431029394137e-09
3010 1.2769411357666749e-07
3011 5.125522496772959e-12
3012 3.1515483058945384e-07
3013 0.03255187419070496
3014 1.338530670765356e-07
3015 5.934378257400718e-09
3016 9.501658757897144e-08
3017 6.957910393550168e-10
3018 0.204550579875528
3019 5.079545070508825e-10
3020 5.2578268528722586e-11
3021 4.5785879101723194e-07
3022 4.971058447522079e-09
3023 1.69051272615102e-09
3024 0.37685960119535583
3025 2.186662747452813e-10
3026 0.5203763003441118
3027 0.5022483074072821
3028 0.44333932109626895
3029 0.5750305220458957
3030 7.261588631359185e-31
3031 1.6253524289179277e-10
3032 0.4753045712452981
3033 0.26920997783127326
3034 0.6143879184307747
3035 2.8424901677188753e-11
3036 0.41783842684445094
3037 2.605368426503092e-07
3038 0.40096731822067044
3039 0.401963185861533
3040 3.3563615891422105e-13
3041 0.4997208359502372
3042 2.128183078043785e-08
3043 0.3996276081280319
3044 0.14431829201317642
3045 0.0008037658870268882
3046 0.3647781156710504
3047 0.3130063735025662
3048 1.2728462048017532e-10
3049 3.4836961812863975e-22
3050 1.658324533079831e-17
3051 1.9271840556834638e-13
3052 8.800744577823614e-14
3053 2.1924819901391163e-29
3054 0.24491206562830253
3055 8.607245749110595e-10
3056 0.17470371609559257
3057 4.796539332461874e-21
3058 0.10172933839673501
3059 1.852106289262212e-08
3060 0.23685187317236792
3061 6.431169368856295e-09
3062 1.2380964270693325e-06
3063 2.277016968454238e-12
3064 4.24610170716098e-09
3065 0.0015367993272689267
3066 6.023449708312725e-10
3067 9.686025152754578e-12
3068 1.8339903256879823e-10
3069 1.4289228419496023e-10
3070 1.157199190646248e-10
3071 5.4021605310545586e-12
3072 4.0211693878287176e-11
3073 1.1615571529084868e-11
3074 1.0109899975389238e-11
3075 0.0023097576131521015
3076 3.0146285105790992e-05
3077 2.1682399268172693e-07
3078 1.419740954686691e-31
3079 4.5041070588290245e-13
3080 1.1539754509136191e-24
3081 0.011767263190980152
3082 7.84133109317849e-09
3083 8.666151054472343e-08
3084 2.738904997698217e-13
3085 8.224177425102574e-15
3086 1.0437751882423982e-14
3087 7.044346664430839e-15
3088 3.280586805497621e-14
3089 1.7103114392753935e-15
3090 2.6990976588734264e-10
3091 2.127041041598626e-17
3092 0.09026783042865409
3093 2.893684783800389e-18
3094 8.29653923515549e-18
3095 3.1475615943019045e-16
3096 2.642928961670394e-07
3097 0.0021837076052262216
3098 2.302146876551169e-15
3099 8.357338945883743e-06
3100 1.4877567634122128e-05
3101 4.8123899601871535e-11
3102 1.961332256311598e-21
3103 4.2554186355572675e-20
3104 4.127982730692583e-13
3105 1.0928047161178978e-28
3106 1.405970166957391e-15
3107 9.978908194685013e-14
3108 0.001958337724256025
3109 0.01882475552900561
3110 1.4903647808659144e-16
3111 7.817651191748204e-14
3112 0.4974658688882929
3113 0.5750217872772954
3114 0.6151630750020455
3115 1.2161250511111723e-22
3116 3.89073960035477e-23
3117 5.62407264572237e-07
3118 6.951882573671128e-06
3119 2.83488200738922e-06
3120 0.3366257907970446
3121 1.4539953226652156e-06
3122 0.6742414331625477
3123 2.5454288422731847e-13
3124 1.0893622214825934e-07
3125 0.27703936584473937
3126 3.008567340975226e-20
3127 0.5289831846236175
3128 0.009868295667851048
3129 0.1658267840546597
3130 7.428434551257546e-22
3131 1.1664200671593981e-08
3132 2.8034957567245245e-08
3133 0.0028602947035262175
3134 3.0394486859741174e-09
3135 0.001121514335799675
3136 4.058843071484027e-14
3137 0.007236608725058844
3138 3.333033249839977e-12
3139 7.993521795366804e-11
3140 2.802384815731916e-21
3141 8.339361780049436e-10
3142 0.02039949999316729
3143 2.0371715288389946e-11
3144 0.0012092969750344376
3145 1.3043490003425163e-07
3146 9.57426662390458e-16
3147 8.78489159987884e-10
3148 1.242991113296428e-13
3149 7.990421702219688e-16
3150 2.2368841835040107e-14
3151 6.1299029490375996e-18
3152 1.3896699947522998e-22
3153 0.0008665720303607876
3154 2.1655740461844822e-29
3155 7.193610811563037e-40
3156 2.479275575487018e-07
3157 3.905769382472594e-14
3158 0.006493258674101568
3159 0.0023858071332909098
3160 0.004875506641029534
3161 5.021945197031427e-14
3162 3.892608483879528e-06
3163 1.1681376855895705e-14
3164 2.971097574626134e-23
3165 4.679772518351577e-12
3166 3.902195276416199e-15
3167 1.979847323233222e-07
3168 1.234492232775073e-06
3169 5.327096319083671e-16
3170 4.9295097770316454e-17
3171 0.0004351025893572449
3172 1.5919115514746067e-19
3173 1.3607357796168566e-13
3174 3.3464588997220415e-15
3175 3.1767133088701333e-09
3176 1.3857749792348713e-06
3177 2.6004399457566604e-05
3178 2.172532851326012e-14
3179 2.3228999212602153e-17
3180 0.042875934815719344
3181 2.865249141048244e-07
3182 6.005406556764536e-07
3183 5.574676277456021e-11
3184 0.005703220611974061
3185 4.753128084231029e-21
3186 1.1762167667911726e-27
3187 1.2804075621739487e-18
3188 1.5956932032218023e-13
3189 9.696943088242909e-15
3190 1.5426560751693171e-22
3191 1.2027508357779902e-18
3192 1.3818999696825142e-18
3193 0.029626730473669278
3194 0.018058449158753327
3195 0.019420688285212057
3196 7.390591680628504e-18
3197 4.3556996648851345e-07
3198 1.79743555648791e-15
3199 2.133879578338845e-17
3200 3.1569463071938934e-14
3201 2.6290915095671484e-23
3202 0.009664250150625463
3203 2.7263664492566453e-15
3204 7.0815811215453275e-12
3205 3.766898453141785e-11
3206 0.003107519464388385
3207 0.005772238461335052
3208 2.8330215683703276e-17
3209 9.782404080354803e-17
3210 3.480400566579148e-18
3211 2.178600677406031e-06
3212 8.260549820715457e-15
3213 0.05839554461363773
3214 5.2071485972341535e-21
3215 2.495372409213128e-20
3216 3.784443894973289e-16
3217 0.056648602271119404
3218 4.325941360707402e-07
3219 1.7230224772300598e-06
3220 3.027299036362487e-10
3221 2.074025683134615e-13
3222 8.198077202196271e-20
3223 1.2079849864013986e-11
3224 8.846109054159515e-18
3225 4.053495785093273e-12
3226 2.880542698207014e-13
3227 3.735824286845675e-21
3228 3.125174730028906e-15
3229 2.5374754556182036e-16
3230 4.133983257168587e-14
3231 4.011497893601484e-13
3232 6.966975890306012e-18
3233 1.0906916151049002e-11
3234 1.3545723135399898e-14
3235 3.0813587021889724e-19
3236 4.069939823341422e-20
3237 4.6317384553081576e-15
3238 1.1396107738438249e-06
3239 3.776516163395915e-05
3240 1.9015327169954067e-08
3241 1.4002554952858814e-19
3242 0.0002785938524127038
3243 4.780822809483398e-17
3244 1.543993329438698e-11
3245 6.795227147480361e-07
3246 3.7895183335185015e-13
3247 4.22351977740899e-09
3248 1.5990311050591105e-05
3249 4.65015451489263e-12
3250 9.346601041475704e-09
3251 4.739423688537082e-17
3252 7.791877517191634e-08
3253 0.0038747232633505897
3254 2.2129835966511915e-07
3255 4.814100854677338e-07
3256 6.511234577085235e-20
3257 1.9952082231098926e-16
3258 5.588246005839944e-13
3259 1.8331455978438202e-17
3260 7.291750428358628e-20
3261 3.6218653171568145e-20
3262 1.8042835290582344e-14
3263 3.869375826873541e-16
3264 0.003874752633316411
3265 2.659254721740783e-14
3266 2.1196142820663545e-16
3267 0.0035038067051430745
3268 4.395221448522593e-06
3269 5.537637239365013e-09
3270 1.780092824279735e-07
3271 1.307167929779343e-21
3272 5.127933175021545e-22
3273 3.017757127314545e-08
3274 5.954613305100804e-13
3275 3.7849092197721374e-17
3276 2.50468570635216e-10
3277 0.0003075246112117892
3278 3.1486985200171352e-06
3279 1.8452528737404097e-06
3280 7.72715296826002e-08
3281 2.042679309309131e-12
3282 1.1954898287966946e-16
3283 1.8357564215601583e-14
3284 0.01739940328199403
3285 0.03080066385255742
3286 2.4385305524285485e-17
3287 2.7666613179082166e-17
3288 0.0047813836664223645
3289 9.709528107277001e-11
3290 2.1813972563361682e-14
3291 2.2899267483565602e-14
3292 3.0289569764305544e-09
3293 1.2655124839061856e-22
3294 5.361850784380407e-15
3295 2.4564766570976615e-16
3296 2.3367589671265548e-23
3297 2.1874967074401894e-13
3298 9.329363178198583e-19
3299 3.727812699848883e-07
3300 1.4004181498858543e-07
3301 3.155617666027025e-14
3302 1.2297562265528448e-24
3303 6.601667271436733e-14
3304 8.22315433936694e-25
3305 4.766268587866929e-15
3306 2.6066246343100823e-05
3307 7.077463137676625e-11
3308 5.461264564678097e-29
3309 4.0893189395291837e-20
3310 3.7197986979550675e-16
3311 1.5495713943114816e-10
3312 4.5753645851442075e-08
3313 9.011378100227316e-14
3314 2.666197182846049e-31
3315 4.930500689879256e-07
3316 0.0007760529189519035
3317 1.6278229136667404e-19
3318 3.964857168779827e-06
3319 1.5030775910434197e-34
3320 1.0430615972106412e-07
3321 1.1747469456486259e-14
3322 3.0576104233923704e-07
3323 0.000491663493105301
3324 5.481116217106105e-21
3325 2.606892726104897e-05
3326 2.4240845106599773e-14
3327 0.001530902930114652
3328 2.310545220187542e-08
3329 2.475307047521527e-16
3330 1.2658119371596603e-09
3331 1.0625817273781925e-06
3332 3.5673673173414003e-07
3333 0.0012929502789695154
3334 4.517681623976804e-17
3335 0.008000611618049042
3336 5.730020167029005e-16
3337 7.245774945867285e-10
3338 2.7864975280416516e-27
3339 0.0007016829551980027
3340 0.006456217675131204
3341 9.913850126581815e-05
3342 9.047827069527869e-16
3343 4.549372600081349e-19
3344 1.9132428434857947e-14
3345 5.274180906414638e-08
3346 3.6781925074463485e-30
3347 2.0272315794285812e-15
3348 2.9054848478462696e-26
3349 2.4758764315333975e-13
3350 0.043976448919732056
3351 0.0032330630474418144
3352 9.542768188545201e-14
3353 1.3580662916517452e-21
3354 0.03289554426200905
3355 4.3666334480558535e-17
3356 3.0113631913474303e-07
3357 5.368463895481619e-15
3358 1.5167244511922204e-17
3359 1.3500717499153978e-13
3360 0.0012210860659766433
3361 1.8407026899717018e-18
3362 5.916030268484589e-17
3363 9.082492869790179e-10
3364 0.007147817546828989
3365 6.175199505778676e-19
3366 4.1965395062209953e-26
3367 0.025013290857017003
3368 4.089745232610304e-21
3369 1.7605614040288747e-07
3370 3.1816599698503335e-17
3371 2.2673153833677744e-06
3372 0.0013333129814146923
3373 0.00041642952999969805
3374 0.015133026617537347
3375 8.861267529432984e-20
3376 3.746371477069328e-11
3377 0.006032055105225655
3378 6.377943856521309e-07
3379 7.67956217802035e-23
3380 2.8270342679514262e-24
3381 0.0010496263914816302
3382 2.267656812552898e-08
3383 2.1197333744680555e-06
3384 8.425609238551519e-31
3385 0.004801223638915195
3386 5.690174065010828e-07
3387 8.916741465403376e-17
3388 2.8925659584014866e-11
3389 3.5365558918328504e-15
3390 0.07429902711873279
3391 6.860634927516446e-10
3392 2.910154677996382e-05
3393 6.145864495786567e-08
3394 7.758432382902888e-07
3395 6.084749215480753e-20
3396 0.0023918817436182635
3397 5.767738644991306e-15
3398 1.231396696818801e-15
3399 5.2065566837224576e-08
3400 6.381876709867859e-13
3401 0.0041935230194007555
3402 7.150407514687062e-13
3403 2.103629260596124e-05
3404 2.3691605595850757e-08
3405 9.074534908518054e-12
3406 2.388184392711854e-16
3407 1.9916500831470397e-11
3408 1.7588433306478693e-25
3409 0.00610303667504707
3410 1.0229496947111788e-09
3411 5.380404291633205e-05
3412 1.782162495110609e-08
3413 2.050815378587058e-07
3414 4.810160772996618e-16
3415 1.1752228817903494e-06
3416 2.6821830567459025e-14
3417 4.095837277731175e-18
3418 3.4238689512349084e-09
3419 2.681223918945585e-10
3420 1.6871627958691365e-11
3421 2.0720922871735855e-19
3422 8.641646800256746e-18
3423 7.892114989615918e-06
3424 7.800198705696528e-15
3425 3.620038944605567e-15
3426 3.6676651033275935e-19
3427 7.650526579242273e-17
3428 1.8090946083629655e-11
3429 4.120807891985268e-21
3430 2.0948789947524394e-16
3431 5.863180928549913e-10
3432 2.232410792807387e-05
3433 1.2111498857088172e-07
3434 9.199157545183184e-07
3435 6.853103263431275e-17
3436 1.946433735378581e-11
3437 1.3796499765911956e-17
3438 7.614925453006005e-12
3439 5.130759049118464e-07
3440 8.785129217777096e-08
3441 0.04387796404510167
3442 9.04169270509884e-06
3443 7.973149710455328e-08
3444 5.025984276871486e-12
3445 6.609847632358115e-15
3446 3.454477144924794e-07
3447 6.187301312240707e-23
3448 2.4616357765469596e-11
3449 7.221049903630356e-13
3450 1.2589883124799923e-21
3451 0.024347363350307703
3452 7.91756068838881e-13
3453 3.413217250283198e-12
3454 2.1837255533039845e-17
3455 6.617069532366878e-26
3456 1.2974710810866788e-12
3457 4.78817933091574e-06
3458 2.8662605340652656e-13
3459 2.3513418258023477e-16
3460 2.968995153970156e-14
3461 1.6742038304254143e-14
3462 1.8062783588592862e-29
3463 1.6389477476073226e-06
3464 3.055167859862411e-16
3465 1.1191340522634399e-21
3466 5.0862851750512786e-21
3467 0.012428684649367699
3468 2.763585659311604e-07
3469 1.5159728004955725e-06
3470 3.4632385030840637e-07
3471 6.6198681115102606e-18
3472 9.907173929094823e-23
3473 3.0991753120733748e-18
3474 1.5201347938144415e-15
3475 0.014539779927772155
3476 4.0907850708933515e-15
3477 1.1966769663750156e-29
3478 4.834797544376516e-08
3479 2.3714216600284786e-16
3480 1.0363779356219431e-05
3481 2.6038446011509774e-17
3482 4.3583568487252165e-17
3483 3.793461886104192e-11
3484 6.322156187436888e-17
3485 1.2619436146807705e-06
3486 1.3662679604766249e-05
3487 0.03642559191573256
3488 6.324904413321518e-14
3489 2.471389687721558e-06
3490 1.5749557840971847e-07
3491 5.956583794101517e-07
3492 2.2511895834522686e-09
3493 3.434200514474328e-14
3494 7.446096664210255e-15
3495 2.812137416087937e-10
3496 3.52254115582893e-12
3497 2.5754166490637866e-17
3498 7.003419129253154e-23
3499 9.64150767341588e-14
3500 1.7765872477315825e-07
3501 1.6108712650396237e-16
3502 4.595174337046742e-15
3503 3.1625898281261105e-13
3504 1.44150154101018e-08
3505 0.024566285601940404
3506 2.3029978377971536e-06
3507 1.1783163044029035e-10
3508 9.438854721406327e-21
3509 1.619515244935473e-10
3510 1.7753013929086205e-10
3511 1.6278216068459563e-17
3512 1.874272205960033e-09
3513 1.0846706097056151e-07
3514 1.38634789490107e-16
3515 0.00013342770868161432
3516 1.003550528128709e-21
3517 6.92814195318055e-07
3518 4.6801012554641565e-14
3519 1.0588337498773963e-13
3520 4.9910533926027935e-21
3521 0.02840728092860152
3522 1.3960546089911776e-17
3523 6.389658213204569e-20
3524 4.640250123666101e-27
3525 0.023515980027018536
3526 2.1241142131504972e-09
3527 6.666398959112468e-29
3528 1.3977894203521116e-28
3529 1.0432025209158894e-17
3530 2.0807995300715035e-22
3531 6.157544327017661e-15
3532 9.726648617290002e-14
3533 0.04212293757764568
