0 3.77628625490137e-05
1 4.230362459837013e-07
2 3.6599930295558533e-07
3 1.0097259068043171e-07
4 1.599341683273238e-08
5 4.679827588608656e-07
6 1.4384680567793962e-05
7 3.8979639028629584e-08
8 2.3904198457389517e-18
9 9.790817587405869e-24
10 0.0005823578736328766
11 5.557190991338659e-16
12 1.9056693628785297e-07
13 6.622449239936938e-23
14 0.0316701982836843
15 0.00025680807011488474
16 2.454252148045409e-06
17 0.0025456951385327744
18 3.088362196006631e-07
19 5.017596071303021e-08
20 2.6921929020767157e-05
21 8.69459536116643e-06
22 0.006028197761704965
23 3.844398244201388e-05
24 5.991512977355867e-09
25 1.4378540642735415e-08
26 8.42704022240371e-17
27 5.714350798973388e-23
28 0.00528554860865369
29 5.650611640358024e-10
30 3.5430297647932373e-19
31 4.1615076499594155e-07
32 1.0810625070541996e-31
33 4.424450298326635e-05
34 3.1073868230866224e-10
35 5.374024674045557e-08
36 4.0736554218354875e-05
37 5.931037506765526e-22
38 3.7559704661594333e-07
39 0.017319808268656426
40 7.269293796097688e-19
41 2.194234693647319e-22
42 7.991937934439252e-16
43 0.002769436636042655
44 5.280680069378862e-06
45 6.190883888488152e-09
46 2.3168402626154388e-08
47 0.08598289733387941
48 3.4276526060855453e-07
49 8.335100402708264e-14
50 1.7711058133879956e-13
51 9.55587591852012e-07
52 1.0457668715056311e-12
53 0.00011944309409462023
54 0.008328104170189627
55 5.5553549458950496e-08
56 0.012369584572954803
57 5.2000058557029686e-17
58 6.117404339728888e-07
59 5.867910466152004e-13
60 1.1192080863413375e-07
61 2.3412415242626417e-18
62 0.027928529211202396
63 2.4440123887134934e-07
64 0.00032911891201095134
65 2.5351448722360472e-14
66 6.046052391405166e-14
67 6.114458543854313e-14
68 5.386777048726612e-06
69 1.579629468895375e-11
70 1.4860530568182188e-18
71 7.239358592034796e-07
72 3.720377060079035e-24
73 4.626356501839092e-30
74 2.6825622500262214e-14
75 9.627442507797879e-20
76 2.6776747308933795e-08
77 2.6466503980939227e-05
78 6.705518683579895e-07
79 0.005670963074770705
80 6.31355903390969e-14
81 5.1689435570838574e-20
82 4.226073205629735e-14
83 6.793210860709976e-33
84 2.5885624900123928e-17
85 2.916686678227136e-09
86 1.0197997246226698e-09
87 0.010305613711447233
88 1.6963567490190158e-07
89 0.1881013615340661
90 2.500505869505253e-15
91 1.53123098227944e-15
92 5.906411575384386e-08
93 0.025667453088205405
94 1.0283139916937037e-23
95 2.250375718014017e-18
96 1.0152275692071302e-07
97 6.803208409079592e-08
98 0.0015870129497045987
99 0.04764267729022754
100 0.005370099135781797
101 0.14687723115540433
102 1.0867258181214586e-08
103 0.0034035951454621377
104 8.337619391687321e-19
105 1.5425246672087167e-19
106 4.667245161457663e-09
107 0.09020952721208789
108 3.5096675475597947e-22
109 1.2185255214288722e-09
110 6.276854988702364e-07
111 4.3913922084264036e-24
112 0.11445164586910832
113 6.805323480901294e-13
114 0.00017243066850409084
115 0.0015814339379472953
116 4.792688956308012e-16
117 3.897885457643581e-16
118 4.9297516202300223e-17
119 2.4040489428496854e-10
120 0.0005307935385190024
121 1.4299883551293031e-18
122 4.1240057403695334e-12
123 5.147461589488258e-08
124 1.3099952616786705e-13
125 9.743548233757373e-12
126 0.0063324109381965865
127 1.8541592167165598e-05
128 0.0810145025705645
129 0.004580852449567603
130 1.6687096268620134e-08
131 1.6353974795589979e-31
132 0.009658505452060729
133 2.4647340731566388e-05
134 6.808003768108928e-21
135 4.973967660794588e-26
136 3.196048444323249e-14
137 8.0450319240034e-18
138 4.530986956609266e-15
139 0.021956762761959934
140 0.0752892100658501
141 2.5663265073588364e-08
142 0.00015113034003431567
143 5.63520134061925e-13
144 2.315511966362179e-07
145 2.2082085539905057e-08
146 0.11910652098599514
147 1.4389081003386093e-06
148 7.509031635780791e-12
149 4.784933937047603e-07
150 3.5394754504981536e-08
151 2.7689715585502307e-08
152 0.09952184986023033
153 5.73509948534681e-20
154 2.9859626744170534e-06
155 0.08495920899032139
156 2.593841004493846e-06
157 2.196573997972691e-09
158 0.014554785583485566
159 0.19921312965895888
160 0.1745691022672829
161 3.594111183268836e-15
162 7.362449486118698e-25
163 0.11408029945881881
164 0.00021806404940250993
165 0.00020349584462002186
166 2.421345836953644e-09
167 8.20243058017905e-09
168 4.793605979884379e-13
169 4.683620463591958e-09
170 0.01161388017386173
171 1.2028472487580122e-15
172 7.422765720418064e-06
173 0.007711249240174372
174 0.1185855640047931
175 0.030397218947715302
176 7.94642634781245e-09
177 0.04192705245375225
178 1.1780341097214432e-18
179 5.2858794788157025e-09
180 0.04110702790695973
181 2.4463336999757264e-21
182 0.00010583432200070423
183 1.988169867931548e-06
184 1.633676451735815e-08
185 0.023304141800181727
186 1.0050221592374447e-09
187 1.3956950545199299e-08
188 0.014888982153270301
189 0.14057065829046148
190 2.784599279553046e-06
191 0.03539299519273737
192 0.001501869514949661
193 7.57018591868979e-22
194 1.0648372109391786e-19
195 0.00043773509177597134
196 0.00017833440194460565
197 4.5820658031103956e-07
198 1.2396437931219706e-05
199 2.0386655177583457e-16
200 1.3018238861998136e-08
201 1.1772755126714889e-07
202 1.2953604557575746e-06
203 1.0995191962774626e-12
204 8.547293680288669e-23
205 0.00010022814847813248
206 2.1609553182811847e-05
207 4.141415442976253e-06
208 1.927502918913177e-05
209 0.09678585008576267
210 5.553436898968333e-12
211 0.004585083820323643
212 6.594789142186373e-09
213 3.898038717877441e-10
214 0.19060439833347945
215 6.77809613273675e-05
216 6.4563192004564016e-18
217 2.2135879392211395e-05
218 8.031589324420441e-10
219 0.11685877397332087
220 3.015666934571912e-08
221 3.268630153875915e-15
222 0.05160452325584971
223 2.5679308117798924e-19
224 2.724710575432331e-19
225 0.0623858890672019
226 0.16155902629037644
227 5.163174404227581e-22
228 7.698504888294294e-09
229 7.313410676422406e-16
230 7.245865048435119e-20
231 5.759280348269725e-20
232 0.16516791928078792
233 3.161282300429214e-08
234 8.622675008857375e-16
235 9.929057499164524e-25
236 0.16973680450220247
237 2.511669288465209e-17
238 2.491107741294334e-06
239 5.449718657605015e-21
240 0.0554952502583584
241 2.7879502875341735e-05
242 7.42088798892031e-20
243 1.403731530105258e-08
244 7.775627771863885e-07
245 1.4411376019877304e-12
246 1.3842904458110467e-21
247 0.04938680878411764
248 1.4283108193956599e-30
249 0.20612377269669196
250 2.5166368664633604e-09
251 6.197249457880942e-29
252 0.04729776582359201
253 0.07105327783166847
254 6.63475035157343e-20
255 0.0030290077771413606
256 1.3534336932416067e-14
257 1.2968081756429265e-25
258 2.960982837711192e-16
259 7.055481448039665e-22
260 9.832113267789154e-06
261 2.240083987477341e-14
262 0.014141283732965736
263 0.028821021389452268
264 0.006923578878300365
265 0.02369464537238699
266 1.0848183969741515e-08
267 0.0027355031236334267
268 0.0023045018708208035
269 0.01218480271451528
270 0.0032351222991528097
271 0.029972924124944417
272 0.030633771551733555
273 1.4296171323209668e-09
274 0.928534084131397
275 2.066881236805137e-15
276 0.04359883827062731
277 0.033840826197568584
278 5.204326924349774e-19
279 2.0915958705586688e-18
280 1.50077090620385e-09
281 8.898525263412055e-05
282 4.87489355845728e-06
283 3.1588333047592364e-25
284 0.005200425195690827
285 0.12524134151202437
286 0.1310927118498088
287 2.0977748225422345e-07
288 3.868329084493144e-20
289 5.446640293449074e-05
290 0.016606154531649486
291 6.0985349895613364e-05
292 0.03359341414238386
293 2.2070975257431035e-09
294 1.4855117619738884e-19
295 4.157960387954942e-07
296 0.03097326814600697
297 0.00010308757644654243
298 0.002138014548582042
299 0.09819824721472202
300 0.05155549165666172
301 0.0015048500745474078
302 1.209943966584145e-05
303 1.8486980169524728e-14
304 4.155636489392769e-09
305 0.10765979178335355
306 4.404523525443474e-08
307 3.465488599003804e-08
308 0.056123701581671695
309 0.8958064232702092
310 0.7322091570601011
311 0.051314351111560734
312 0.7976367401808673
313 2.1912796324209716e-08
314 1.6488944133535437e-06
315 8.919132587904925e-09
316 0.8361027740453302
317 0.0018048668294178534
318 0.027877182855412123
319 1.6167951173680006e-19
320 2.74326070410946e-08
321 0.5981464288791395
322 0.11174556732996746
323 0.371806271231316
324 2.6502652095785144e-05
325 0.5634262006473584
326 0.021529739077508294
327 0.49087899689652337
328 0.0006247857172767703
329 0.4703781224970729
330 0.3620634845971881
331 2.8814974921526896e-05
332 0.02892419512311704
333 0.023364701480818248
334 0.11679043007192483
335 0.03190061795472072
336 0.1651085185484754
337 0.14941371833205164
338 0.112216811288448
339 0.16678545948465545
340 0.1485544264295428
341 0.032004677381179174
342 9.02664798739574e-10
343 0.2024587326383919
344 1.1439704653205308e-16
345 0.2571021261408921
346 0.2599646867023291
347 0.017875728223127184
348 0.13546954389035837
349 0.1008859975004341
350 0.0038497188576626235
351 2.0055830964509575e-16
352 0.006844152036308782
353 0.06288243743375885
354 0.0626763614375421
355 0.08245559469556453
356 0.027695396708317176
357 0.11625585173335323
358 0.005185073105348752
359 2.7885209977095384e-22
360 1.925087519691886e-13
361 0.04245135709296884
362 1.3573867492155572e-06
363 0.004285752727827213
364 3.387494214919894e-07
365 1.3243638350735406e-06
366 1.6936841783282617e-13
367 0.0064723875615702005
368 7.860232477150977e-06
369 0.09065811402987473
370 0.014535201920099683
371 0.0017342075186059017
372 0.013197611457953787
373 1.2559420085115764e-07
374 0.033194001976583384
375 0.044473546133979025
376 2.6594094826738717e-06
377 3.161358967201976e-13
378 0.0006233487446917575
379 0.06701567058510075
380 0.04473359000700302
381 0.0027085564419137885
382 9.510975367411778e-07
383 0.002211782885376422
384 0.00487033209151409
385 2.1193757576812877e-14
386 0.021930884288997057
387 1.1785568460231693e-05
388 3.783295533987409e-06
389 5.538090016314962e-06
390 0.007365923658781664
391 0.5491739507308189
392 0.0028029462613642316
393 0.41951340392551184
394 0.007896950753624288
395 0.03612276632517888
396 0.013251779147913405
397 7.32202597752081e-07
398 0.7205529540849241
399 2.1378111644108147e-05
400 3.702405767449865e-06
401 0.6154847537172498
402 1.284211833604949e-12
403 7.282083990689532e-05
404 0.0038710367637041915
405 1.4173363531267929e-05
406 0.006311569714737194
407 0.883346791537804
408 9.756567931069256e-05
409 0.005745589253824473
410 6.067950342770056e-06
411 3.6677896808960415e-15
412 3.5631050160690256e-18
413 0.004514414147030571
414 1.1402272303779929e-20
415 1.5632818916828708e-21
416 0.006381339029413357
417 0.0022590444156360945
418 1.0700744171852857e-05
419 0.00397749700921275
420 0.003048650009366398
421 0.014741175603712482
422 0.1018814028931643
423 1.6424605452530197e-13
424 0.0009714766209040685
425 1.1015120889859856e-20
426 0.003964362310304713
427 0.0018370002564856314
428 0.004919654791951145
429 4.0290837988993996e-11
430 0.007533451010021669
431 1.5531848737174258e-13
432 0.0015741612714369841
433 5.468702041036437e-07
434 3.1836819578887344e-13
435 2.4486983443242305e-07
436 0.013798460244422868
437 0.0003106869350041055
438 0.0006329879190548023
439 0.006923053698583377
440 0.007104126187051782
441 2.374114056619132e-06
442 0.0053367358960328265
443 2.5777950980649822e-08
444 2.499530214838409e-14
445 0.004698868633252268
446 1.5952503006748017e-09
447 0.00456927077261442
448 1.122044569227078e-13
449 0.0034597469467289063
450 0.00035103132682833796
451 2.067060406783057e-14
452 2.057892339394579e-14
453 1.5012769792590104e-05
454 7.967585891125975e-25
455 7.877437283841252e-06
456 0.004691659272958868
457 1.0529212742436013e-09
458 0.007070861062635872
459 8.217134365631872e-08
460 9.073613101515422e-13
461 0.00018092987129539998
462 2.635865974741182e-10
463 2.1535418519583755e-09
464 0.003113474050587715
465 0.0007954150791954483
466 0.07679585864584454
467 4.782497491841716e-08
468 0.004288654579575331
469 2.419436461565753e-18
470 0.007759145590425515
471 0.00029255143711195785
472 0.005193953018963202
473 9.13252738683204e-09
474 5.2223838842850646e-23
475 4.2403478977362385e-10
476 3.165918787416212e-05
477 2.127309024032923e-05
478 8.070360677705561e-06
479 0.016957704181236048
480 0.08866416563860373
481 0.0642931429438814
482 0.00015957263251236605
483 5.094637872244528e-06
484 0.0015564130297846378
485 0.22643045483123395
486 0.024924428782476946
487 0.18739605588115638
488 2.8334403933950788e-11
489 0.00012447184140019848
490 4.423793374104436e-06
491 3.0128011400658184e-06
492 0.0031535036041136235
493 9.142957505981796e-07
494 0.1680563304777159
495 3.965925043700257e-14
496 4.902881451784615e-05
497 2.5626234836562297e-05
498 5.858869681009546e-10
499 0.002786855182539708
500 4.783469629607438e-07
501 0.008689528809219858
502 7.181051678822773e-06
503 0.04942832892714237
504 0.028235447817843557
505 0.018002953159989683
506 0.0024452956998385744
507 4.655120620019438e-11
508 2.034656298805912e-06
509 1.0999082595140805e-07
510 4.73211779801207e-23
511 0.0005774415346536296
512 1.5830842445487518e-05
513 0.002976656356784633
514 3.504330779576042e-14
515 0.0029386071594050813
516 8.649966563195641e-06
517 1.7734294979680935e-14
518 0.00011978039579915808
519 2.7684164137046617e-06
520 4.776286433249828e-07
521 1.3724521745212077e-06
522 3.27091305876764e-11
523 0.0011094150512156948
524 3.988626109160825e-07
525 3.073665028463567e-21
526 1.885446728434983e-05
527 1.0940222779513065e-05
528 1.2317683315920848e-13
529 4.319532726174742e-05
530 6.75170262357758e-07
531 5.311341200658028e-06
532 1.1780443190940127e-06
533 0.004315907337486266
534 8.910346664295496e-10
535 0.0037839213001499947
536 0.005158955824946717
537 1.1766519974826122e-09
538 9.448388180913736e-08
539 1.611741625619333e-07
540 7.841412670395136e-18
541 2.1619964375558334e-25
542 3.6320370290180745e-05
543 0.00015809046877336182
544 0.4555434805024315
545 8.702307996380859e-05
546 7.208069940946778e-07
547 1.7922043744551157e-09
548 0.0024273749696531077
549 0.001580502628288668
550 0.1992468792921996
551 1.0610135851952447e-10
552 1.8302930192866279e-19
553 0.00020202187641842897
554 0.0230399368294851
555 4.0673963489311207e-07
556 0.20351469665118532
557 0.001122916803790309
558 0.3760019265704756
559 2.0511735920748877e-05
560 0.0003259929560859256
561 0.001277911913337531
562 0.00039409448885885514
563 1.2401222070643464e-10
564 3.667114770663245e-10
565 2.9004302739740177e-05
566 2.441559013872517e-10
567 5.3265808962924316e-11
568 6.859759830818206e-21
569 6.522193349872998e-07
570 0.36835936264798114
571 1.5174109889908758e-12
572 2.7759390272175477e-05
573 1.777165895214474e-07
574 6.96155236227507e-26
575 0.00014294097490382445
576 3.4218504173154956e-12
577 2.5565129495264016e-06
578 5.149408157181366e-06
579 1.0017606565078944e-06
580 7.454896946083923e-05
581 3.725027928436035e-11
582 6.28918855111427e-08
583 9.143167287450701e-05
584 0.00012486584277417767
585 5.282351717973797e-17
586 0.3625133776508965
587 9.229630785159077e-30
588 3.357766194279074e-06
589 1.943097314071676e-11
590 0.18759884755204284
591 3.1694465588515373e-06
592 2.67387774871145e-06
593 2.5104974776501196e-10
594 6.655542598925271e-08
595 4.468337543043161e-07
596 1.6281407233680717e-29
597 3.3697504276096106e-10
598 5.930784713274279e-13
599 2.1583930164987512e-26
600 8.65375088337602e-08
601 0.0005589194916499909
602 3.143396784820845e-11
603 2.0706574680644245e-10
604 5.155706900356727e-06
605 0.0006183516204906074
606 0.0007876376387445383
607 1.814779585033617e-07
608 0.000319461422433109
609 7.385914734522047e-05
610 1.237415720098892e-08
611 0.010427508789394337
612 5.988635235399391e-05
613 4.451783768358308e-10
614 3.262734879653272e-16
615 1.7282549493276653e-07
616 4.1206988067786337e-07
617 0.0017181739754598686
618 9.943156789717922e-06
619 0.004027063273977195
620 1.0287506051348972e-07
621 6.874191603141505e-18
622 2.236019756435277e-06
623 0.30696866055745997
624 8.154307250565034e-17
625 0.3408993072090214
626 0.3263292336603924
627 9.344366623194583e-05
628 6.509156947242053e-05
629 5.518186600651853e-16
630 0.009689552239564447
631 5.899533576231846e-17
632 8.043427738355438e-07
633 0.6288719224426439
634 2.8343587886398795e-15
635 5.183988294314643e-24
636 2.70489142374946e-05
637 4.0062660330509e-22
638 6.489606340116359e-06
639 1.1416053791651374e-14
640 0.0006220842536277262
641 0.6455268714710971
642 0.00013997556832476556
643 1.1800241864465248e-06
644 3.08073345867061e-07
645 4.1181235425748474e-12
646 5.5023048378864254e-05
647 3.34468961612125e-05
648 0.37240587683082194
649 2.7857796190500556e-12
650 1.145405761250915e-10
651 0.38692993660339925
652 0.18054311140353999
653 1.3579111876964161e-12
654 2.0581377942496715e-19
655 1.8017326466374837e-26
656 5.420700240128471e-05
657 1.8238104053270096e-11
658 1.545408864749856e-14
659 1.2306863061512474e-17
660 7.148724435337324e-11
661 3.9729010764786436e-27
662 3.7086269511833544e-10
663 0.5253856964088864
664 6.598717866900221e-11
665 1.9502329343498274e-08
666 0.007734211330635737
667 1.6058443621152938e-07
668 4.496907307463061e-07
669 0.01248418696661286
670 0.01600524446667345
671 0.022781273131541484
672 8.439236679258311e-12
673 1.4151261495215636e-20
674 1.065908430983421e-06
675 0.00016928518845292322
676 0.017735759769673006
677 0.00013002021895619856
678 0.00012899494459827916
679 0.057471760415549876
680 0.00019655607845018574
681 6.0543997626520185e-05
682 1.0583122025000936e-20
683 0.045579312203732576
684 4.4208367764888306e-11
685 1.9689031339234035e-14
686 1.3396971824690422e-06
687 9.614860362548183e-08
688 7.449324225920322e-17
689 0.19260514454270744
690 3.1960103563694176e-06
691 8.617662427029547e-05
692 5.3802066527494215e-17
693 1.5973606071263595e-07
694 2.553240764843225e-18
695 4.846816131385017e-08
696 6.188025035125392e-07
697 3.2516813861363862e-15
698 0.6540061341831833
699 0.0004203589175808418
700 7.939718991096936e-07
701 0.0001340611190361978
702 1.2923899960815335e-06
703 3.985192699581363e-07
704 1.5214799652925233e-10
705 0.00011168406178229874
706 1.0243673516502565e-10
707 0.000566296061892978
708 6.0782553017584e-19
709 2.5597756998716912e-18
710 1.3148463424296592e-10
711 3.794027813821754e-05
712 0.048158011588932605
713 0.0002715723287216739
714 9.279035401774862e-13
715 9.533579159249271e-16
716 0.15996737788751736
717 1.0305041734456922e-08
718 1.4512435920372838e-12
719 0.00036423863638478663
720 2.0448509877995101e-07
721 0.00019993870830391848
722 4.9363774133432047e-08
723 0.2932395384930676
724 1.2786819559714841e-06
725 9.733890876860034e-17
726 2.822078286020008e-08
727 7.98884071571945e-11
728 6.527593658552987e-16
729 0.02355654975982555
730 0.09447783256325777
731 1.6383678569538764e-09
732 0.00011342331472151198
733 8.529044799970198e-16
734 6.569834524655648e-25
735 1.513880044232898e-09
736 0.0694704970215476
737 0.0021513340907286385
738 7.378415581602703e-16
739 8.943650571930602e-16
740 0.0002731381814883262
741 9.714310755844251e-17
742 1.4657348317708076e-17
743 4.5030976289664284e-08
744 0.007966296930910085
745 2.483748064823352e-19
746 0.16399839750051265
747 2.2063499189464313e-11
748 2.3892232812630526e-12
749 0.35710339111405437
750 0.02833178341806835
751 6.491311396254602e-07
752 0.00011179283573905415
753 7.002299614108208e-05
754 2.207196426208053e-17
755 0.00010325843045134986
756 3.0599152935095106e-05
757 1.4702185276398868e-10
758 1.04032377077173e-14
759 1.3345686604300646e-06
760 0.28311124365708046
761 0.021056868126072444
762 5.637974476833292e-19
763 7.4063477037788295e-06
764 0.07530102849118517
765 4.539320039422059e-10
766 8.778351541264623e-05
767 1.5512770643060652e-25
768 1.5244629222686418e-14
769 0.00018041156122077193
770 4.3077261503782575e-10
771 4.5528526981210785e-06
772 6.366068069363086e-10
773 0.0010962722242250432
774 2.996592772298448e-16
775 0.0005562855175588618
776 8.926984095864291e-05
777 8.973436768668148e-08
778 0.19624739805929953
779 7.516340134624954e-06
780 5.178140655453156e-07
781 2.662478832651891e-10
782 2.2071343805550796e-19
783 5.557936315566775e-10
784 3.3441792239732085e-10
785 1.628801109738291e-05
786 1.310962994428131e-22
787 2.692305704377239e-15
788 1.8447523460749987e-05
789 0.02761530902225207
790 0.00212958650317702
791 0.003158768542976339
792 5.556953651181688e-13
793 7.904764469647874e-07
794 7.462279957194484e-18
795 3.018362508220666e-07
796 0.0014190435870671274
797 5.470146101307455e-17
798 1.3301936051691114e-15
799 0.053194819944958255
800 1.7509025450948805e-07
801 2.807125868626421e-05
802 3.900199746864078e-15
803 0.00018525005629528444
804 4.399711607405433e-11
805 1.9468323278373777e-18
806 1.880102076461211e-16
807 7.296066271505164e-17
808 0.032052707959543146
809 4.768835753052869e-05
810 1.6967498555391516e-06
811 2.670519844383052e-08
812 3.3338821060991937e-15
813 6.9629118570746925e-12
814 4.3890936137181005e-12
815 3.699377544681735e-15
816 0.9255547090902624
817 1.325782333626577e-20
818 1.2480890699512195e-06
819 2.68037651761741e-08
820 0.026498958338702083
821 7.863245201791683e-09
822 0.00011652496612506725
823 8.147996284397646e-24
824 0.024705082928324996
825 0.7851328104314133
826 8.994392762506508e-12
827 7.895777624117527e-19
828 3.1521246393157103e-11
829 2.6733357090164038e-11
830 0.0019348477509777006
831 0.2870436996894965
832 0.001580361401626631
833 0.940239010993047
834 0.07278423123446812
835 0.8660205553085107
836 1.08651918261186e-11
837 0.23902134459882501
838 8.944079229249657e-08
839 0.3525379175817591
840 0.18105630766759617
841 0.0001517528509230514
842 8.030010644865126e-05
843 0.14258580511728436
844 0.0002809400590136191
845 0.24055735628337305
846 4.541836867640263e-05
847 0.17329660551335088
848 1.711838649472273e-19
849 5.80091753223589e-11
850 0.001510911942089944
851 0.0012140218860536049
852 1.0404711260518716e-07
853 0.08256813555487881
854 2.1397003094638575e-14
855 5.35863062863661e-17
856 0.24704534062834518
857 5.076777460335761e-22
858 4.3525189535862073e-26
859 0.1401171215961131
860 8.563955653255445e-09
861 1.3480318469706713e-11
862 4.9581313570568384e-09
863 3.49784909161335e-07
864 0.8975109770401456
865 0.9803899976001185
866 8.812200966748975e-09
867 1.0739323293156683e-06
868 0.0011935287541922108
869 1.3888455949746104e-08
870 2.3850504400409372e-08
871 0.010566015474370728
872 7.971604734081979e-09
873 1.2607247267519813e-10
874 1.6070078694084728e-06
875 5.7737347352904006e-11
876 0.25109973340736164
877 9.00351583715296e-09
878 5.7034262681350504e-05
879 5.212057006711657e-08
880 0.16266927405823672
881 0.16573022388740877
882 1.646882934220276e-09
883 2.164682197082188e-05
884 5.047052285333627e-11
885 5.99461062155691e-10
886 0.936139018104439
887 0.00020397433043170128
888 2.9184503131035073e-15
889 4.424392510278481e-09
890 0.013937766592658505
891 6.01745808774802e-11
892 0.0018878675602268975
893 1.8360716046605202e-07
894 6.81810418805166e-09
895 5.042878311349637e-08
896 3.734379399924086e-09
897 0.9718680137446956
898 3.197065593688368e-11
899 0.000847866056719607
900 8.148734401124533e-09
901 1.672325575151522e-11
902 0.7892660762679237
903 0.0001317772143623859
904 9.766809004237715e-09
905 6.727554314205127e-05
906 5.430821228718901e-06
907 1.043477434110705e-27
908 0.001074943683406977
909 6.738298850806076e-08
910 0.002084966127065641
911 7.332519556372437e-07
912 7.876389799731091e-14
913 5.139242676440162e-22
914 2.296007030150251e-10
915 0.0008745156714651025
916 1.66068714681082e-11
917 1.1886700102955109e-08
918 3.875625446044481e-08
919 3.604799536395986e-15
920 0.26347039747219886
921 4.1478459185617635e-08
922 1.968817466479886e-08
923 2.656781137159223e-07
924 2.612363155051508e-07
925 1.885388582316323e-18
926 8.897104088635336e-20
927 2.0327885875288628e-08
928 1.845303477429376e-06
929 7.362488278176279e-07
930 0.0012559154796145343
931 0.00014594262283338898
932 4.9210407536009e-07
933 1.923935558488861e-08
934 0.06381282929193277
935 3.954470359980328e-08
936 2.963790025548393e-07
937 2.6714415052436095e-07
938 4.4348848665875026e-16
939 3.701937710219835e-13
940 0.7251326639179444
941 0.02149972609522668
942 0.039705496309711125
943 5.80818811708529e-07
944 4.958719308364392e-05
945 1.2436628874372524e-06
946 0.48619027712558777
947 2.4453030438703454e-08
948 3.685678028319369e-07
949 7.030229007020002e-07
950 1.0721156788937949e-06
951 0.2075857946219735
952 5.663637892040518e-09
953 0.04849536296265113
954 1.7982207068427969e-06
955 0.24841038924110553
956 1.5486748245080303e-11
957 8.010925080058116e-05
958 0.0003691719737693297
959 0.18695768502732854
960 3.8308269544019706e-08
961 1.2764524776537655e-05
962 0.1810235541957564
963 0.0005649816654622468
964 1.1843110492471188e-24
965 0.03031312694129009
966 0.30433488250519813
967 5.720252702181723e-12
968 7.784447269225385e-19
969 0.00020821446791722317
970 5.0201473504006406e-05
971 6.307282243551942e-09
972 9.692899298545656e-08
973 6.520251677823371e-05
974 6.486006937683827e-05
975 0.10487021404576995
976 1.062296661768594e-06
977 1.0480683596376597e-05
978 1.1261468615892174e-08
979 0.0008294789829688298
980 7.786138424899442e-17
981 8.77984409853054e-05
982 3.1312142643246317e-05
983 2.9219129213408444e-20
984 4.3382023943088537e-08
985 0.07091833092508568
986 0.003447211975315786
987 0.00022014665525747957
988 2.3865929295567334e-18
989 0.0021249523830450655
990 1.554190013005643e-12
991 0.00015002243202267437
992 4.4017409329880384e-05
993 4.73846035536504e-07
994 2.897559614684481e-10
995 0.06087169046831543
996 5.75282788579519e-05
997 1.1792542040931681e-07
998 0.47120598592013785
999 0.09210663902521016
1000 0.06366775298164225
1001 0.0001256136899036695
1002 1.3642108922442663e-08
1003 2.7265497192763967e-05
1004 0.0014757885228699466
1005 3.480056206240917e-08
1006 1.5817147634570905e-08
1007 1.408699742482688e-09
1008 2.094106310963704e-05
1009 0.0009481673040517014
1010 6.822870262404751e-05
1011 2.0076370318235496e-15
1012 3.514491198952562e-10
1013 4.380901488305961e-06
1014 1.0079164479435083e-07
1015 9.349507949597907e-06
1016 2.800911883643999e-19
1017 1.1815194753615648e-07
1018 2.850922911268173e-08
1019 0.000455566921842973
1020 0.005836063855610701
1021 4.0149598385327885e-05
1022 6.833249338471955e-05
1023 0.0772959568796628
1024 0.0007872626568570007
1025 6.386788227456233e-09
1026 0.000917304702266327
1027 0.002104385872253403
1028 0.14787510579490806
1029 0.0009390876947885362
1030 8.152863834556256e-05
1031 0.08766708119720462
1032 0.013174112252425242
1033 0.0007380874575132086
1034 6.675407784085677e-05
1035 0.002816837997275867
1036 0.000955257007028771
1037 0.003561646038993255
1038 1.2509412221919866e-05
1039 0.6444889299783975
1040 6.285761714665406e-07
1041 4.322924262525376e-06
1042 2.3156572993166298e-10
1043 2.254842194249896e-06
1044 5.147683405381789e-18
1045 4.020354596003444e-16
1046 4.2777521763496554e-07
1047 0.05514014556139857
1048 0.000581341876022651
1049 0.0008017896425344281
1050 0.0013420090811702976
1051 2.365116537855701e-09
1052 0.16944122963081826
1053 0.0655553061826597
1054 0.12338101942132457
1055 0.0002749050364397231
1056 3.708158983872051e-08
1057 3.2308275734066158e-09
1058 0.036147717202319816
1059 0.5054593134189834
1060 0.004816463929969979
1061 1.1049195882884851e-07
1062 3.308345708636913e-08
1063 1.8799755748523486e-08
1064 8.4554828600836615e-19
1065 0.009140163730164628
1066 6.712479901392501e-18
1067 0.06873182375426766
1068 1.7914419751226962e-07
1069 0.0007900335313812095
1070 5.677718827496366e-17
1071 3.877872286993712e-09
1072 2.7364984168530902e-06
1073 0.003290335096274098
1074 3.238404721560957e-07
1075 3.5706768971063386e-16
1076 0.0010739924036283477
1077 0.0015157677209423996
1078 2.3114009112540295e-17
1079 0.01608446086866731
1080 0.001840808067850321
1081 0.0883382177119329
1082 0.0008843043584146552
1083 0.0007891974663471281
1084 0.02618612192080557
1085 0.10459912376450455
1086 0.0877864985054006
1087 1.7112438306613663e-17
1088 0.001558287267963114
1089 3.796518632885684e-07
1090 0.07624249791837562
1091 0.18141666849736077
1092 0.1302611024328246
1093 1.4977705672547802e-09
1094 0.00021571097355721348
1095 0.0038629613052565447
1096 0.05306046470223017
1097 2.480188617692779e-07
1098 0.007498663470972488
1099 4.1220595841345266e-05
1100 3.905542159606787e-11
1101 0.0024012126830883136
1102 0.758126668261997
1103 0.00023145935932094832
1104 9.2059671173922e-05
1105 7.165113283747504e-18
1106 1.5853233828436755e-06
1107 0.9017773052978728
1108 0.0001639999127913402
1109 7.72994376695545e-10
1110 0.2940850330327835
1111 2.319518365309092e-11
1112 1.3890364605454439e-11
1113 0.07729920184268371
1114 0.16114672911694886
1115 0.000206254136438263
1116 0.03125599382568016
1117 3.1289585445311183e-10
1118 2.213619834458101e-14
1119 0.0008404993369711983
1120 0.0014675963441719727
1121 9.435438924181401e-06
1122 2.3855212589646222e-08
1123 0.0035440047655332534
1124 1.5284574391825402e-06
1125 0.8910344012464115
1126 7.036179640636804e-06
1127 0.09536432297638253
1128 1.916484564073748e-15
1129 9.517751613783119e-12
1130 0.9571051929596568
1131 7.703954790599896e-17
1132 0.03249209491118123
1133 0.09590785441057478
1134 1.0267722954630994e-13
1135 8.156676116996969e-05
1136 0.0006794332328448057
1137 1.1333177874288499e-10
1138 0.013507700837103455
1139 2.6855324123534185e-12
1140 1.3010559878311763e-07
1141 1.4258360139228996e-09
1142 9.455957921122692e-12
1143 0.05345717069963568
1144 0.0011390515067826875
1145 8.061341881843688e-08
1146 0.010553179606012516
1147 0.08363063798373294
1148 1.29288737036928e-08
1149 0.07311591901868017
1150 0.03402093767936631
1151 1.829196411005591e-05
1152 1.0946452033710007e-09
1153 0.00033453573453311994
1154 4.561811505999788e-06
1155 0.05419959313110248
1156 0.0006187717178853943
1157 0.42715568441991697
1158 0.00037358513883221315
1159 1.0044548858992414e-07
1160 1.0894498410970537e-17
1161 0.022501129384366162
1162 4.916702957179052e-12
1163 0.05768925101708827
1164 0.21360836653702617
1165 0.03494219192652861
1166 0.43461256147817795
1167 0.003640448574839839
1168 5.682524483055634e-07
1169 4.569427597782724e-08
1170 0.5964555848526417
1171 0.297419195525273
1172 0.7046370569997635
1173 0.049997887689449724
1174 9.442190330769367e-12
1175 0.041700590462078
1176 0.27186789214068846
1177 1.9993729992306874e-05
1178 4.9854069417169255e-06
1179 0.0007152040965426818
1180 0.003655228018386488
1181 0.012666925425791679
1182 0.07845470774742598
1183 0.17199167004666538
1184 6.247430736365779e-08
1185 0.8415757108754789
1186 0.0018203967007282163
1187 0.0010325495427475366
1188 0.0002721288426086754
1189 0.13163182787129785
1190 0.09631462510551818
1191 0.0018366001976130608
1192 0.3797131180432083
1193 0.8906618822718412
1194 7.1622422099165895e-06
1195 9.238717943381025e-16
1196 0.9281429941222402
1197 6.866382136420405e-17
1198 7.28222905917581e-09
1199 1.4951386754137753e-11
1200 3.8198899037431574e-05
1201 0.12121341400045994
1202 6.761236731592052e-05
1203 4.5059783559970595e-17
1204 2.2885907769594183e-11
1205 0.0030862512216874626
1206 6.585442708475096e-05
1207 2.7363849924522097e-05
1208 3.0027565804125743e-10
1209 1.983064590840771e-11
1210 0.23116730236737848
1211 0.0014220202743268147
1212 0.08557855548127923
1213 0.00022775769274086967
1214 1.0364973617027881e-19
1215 2.679830026628414e-05
1216 3.354350152018864e-07
1217 6.02673059510765e-11
1218 1.6148014880652091e-09
1219 4.570145983113766e-10
1220 0.0917140341820057
1221 0.2969793746367199
1222 0.07920900619871374
1223 0.44700497677048207
1224 5.313188861385375e-08
1225 0.26445632395862
1226 0.01912635594198045
1227 0.15756924322985172
1228 0.00045249425624128563
1229 7.280419905516985e-17
1230 9.864742849446894e-05
1231 0.0004284252899638746
1232 0.03530952431330968
1233 0.2229062424741428
1234 5.878807903740276e-11
1235 0.506526684739599
1236 4.759077513835302e-12
1237 0.0004590425946207715
1238 0.016509500876543404
1239 0.5044224442169934
1240 5.688395675521722e-19
1241 1.6144035362078815e-08
1242 0.0004946772904979401
1243 5.172811331677696e-09
1244 0.000260861223807908
1245 0.0010928274586942612
1246 5.368462845724148e-05
1247 4.415410398950474e-14
1248 1.7781048451903838e-07
1249 0.021629274436697182
1250 0.9607250264381951
1251 0.18649196660786144
1252 0.4080963995102393
1253 0.046776034903356196
1254 0.871210259053032
1255 5.203307582272804e-05
1256 0.00019832410633387323
1257 7.130710210805258e-11
1258 6.346028110828702e-17
1259 0.2743402022310964
1260 5.669856725510715e-09
1261 0.10742378230119694
1262 0.25673903950699695
1263 1.3342387772646145e-10
1264 0.033914270454171856
1265 0.05007661079380958
1266 0.00014381309664509485
1267 0.0019890198788988134
1268 0.32200229884383985
1269 0.0005838331022982422
1270 1.6414639881122497e-05
1271 7.307798276005075e-11
1272 0.30249088345222114
1273 9.21763133406679e-15
1274 0.7312733804090684
1275 0.8512420144936793
1276 7.392309494972785e-11
1277 4.008966584267512e-05
1278 0.7137529210276129
1279 0.0687679689055831
1280 8.033318032385287e-08
1281 5.004541269758137e-06
1282 0.9474344973547375
1283 6.147036741333255e-05
1284 0.0015523754131703752
1285 0.1668013051498145
1286 2.346713859260033e-08
1287 1.0084725191119841e-11
1288 0.3838381504003867
1289 2.0144020535596563e-08
1290 0.4092157703704229
1291 0.832176502567759
1292 0.2728723796452487
1293 0.5680360191650181
1294 1.0153016994835553e-10
1295 1.3010771950947187e-10
1296 0.8368400490123401
1297 2.430236452148035e-18
1298 2.943116614394941e-05
1299 0.03787869476951734
1300 8.377338405987124e-11
1301 2.6718205379502637e-06
1302 1.3916942533466738e-06
1303 0.12866942963248199
1304 0.1630881075647554
1305 2.1535870186081195e-09
1306 1.3515553741926025e-09
1307 1.771578929921072e-11
1308 0.016181687123097623
1309 9.044831464935595e-11
1310 0.04474994663159588
1311 0.00594804545068989
1312 6.575605114095057e-07
1313 0.12956072229323665
1314 4.6434570047913657e-08
1315 0.427843206389046
1316 8.987714473736797e-05
1317 4.00324005888089e-06
1318 0.028269283156153218
1319 0.001278209860820538
1320 0.3571328893628805
1321 3.4155580973510584e-11
1322 0.2592349428457169
1323 0.2432765868240099
1324 0.0001233491469479265
1325 0.01498320441905897
1326 1.0667354594551391e-16
1327 3.1160733029485e-05
1328 0.16448135561097396
1329 7.152330326349969e-07
1330 0.003347831778731981
1331 2.5178927714451406e-16
1332 0.34809044657585914
1333 0.2216602951541448
1334 0.3663255243029493
1335 0.32029481002499505
1336 0.003208389614616249
1337 0.03189417413036468
1338 1.6533065953884455e-06
1339 0.06783988383412434
1340 1.1328198209588317e-05
1341 0.0002400735793320377
1342 0.010278012365036454
1343 0.5297839800126317
1344 0.05238986121657097
1345 0.05250224522831207
1346 0.016178807761661706
1347 7.70495956935146e-06
1348 0.00047393555669884185
1349 0.007901890903014266
1350 4.472313194907686e-06
1351 2.1423370155958024e-12
1352 3.0269402032103214e-05
1353 0.4530215316756561
1354 1.888546318310455e-15
1355 3.103763964213651e-07
1356 0.007948385391060037
1357 2.6647280280230917e-05
1358 0.0010250481233818217
1359 0.3662508654555714
1360 0.012759755220340457
1361 0.00013158060955155117
1362 9.910630270078293e-09
1363 1.2452008312981465e-14
1364 4.1748148229875475e-07
1365 0.00036897227110153615
1366 0.03853418629756829
1367 0.9671673253571879
1368 2.0321916119196838e-17
1369 0.04408690668482111
1370 0.904539632525748
1371 0.14442426892305865
1372 0.26649475185196964
1373 0.03201899877157523
1374 0.0004723639690764074
1375 0.20398770555596515
1376 0.016736488131363237
1377 0.003107340357506913
1378 0.931894677518503
1379 4.367124348574461e-17
1380 0.0031487775298299336
1381 0.0944399522625832
1382 0.021277215388885933
1383 0.05620944165166366
1384 7.130529781783742e-08
1385 2.114474770786501e-05
1386 1.668592868607086e-05
1387 5.32561963616042e-10
1388 0.24641527867027277
1389 0.6329611696564589
1390 4.999760952546626e-05
1391 4.2873007252378114e-08
1392 2.9780406125753756e-11
1393 4.72143570737131e-08
1394 1.339177362743443e-07
1395 3.392843031380202e-08
1396 3.754953958798491e-08
1397 0.21912955727373395
1398 0.006095740145016723
1399 0.0783692433044571
1400 0.12180357046107455
1401 0.00020239697173499415
1402 6.593693834762962e-05
1403 2.427282871415411e-07
1404 5.082493086794221e-12
1405 1.300311763606695e-10
1406 3.792587723757472e-12
1407 0.016716677059373512
1408 0.009656922020829142
1409 1.300349554750071e-07
1410 0.25513669104808395
1411 1.3185548027461993e-12
1412 2.2468583987387375e-09
1413 0.06285281404569205
1414 0.001005631606647366
1415 1.2321763845363422e-06
1416 0.3021314767274299
1417 5.3987220388516965e-17
1418 0.00021093587166146549
1419 2.8792656158641063e-07
1420 3.951676869357406e-09
1421 0.10551601753999809
1422 4.1547191658281073e-16
1423 0.3938499419334936
1424 9.564536153627397e-09
1425 4.251706953259675e-11
1426 4.5076894598450374e-14
1427 0.0059137295282572135
1428 1.6507104773151844e-05
1429 4.207035183295112e-07
1430 0.07000901674467898
1431 1.3608485179789719e-11
1432 6.946855368416673e-05
1433 0.005705820063883177
1434 0.9686974966886771
1435 0.38452479762521635
1436 1.0846144630193119e-11
1437 0.002565385187228141
1438 0.0008486340428331099
1439 0.0003767307290867799
1440 5.000760466132675e-11
1441 1.9057973829605403e-06
1442 3.043919249660771e-17
1443 2.888861644694947e-12
1444 0.0014804272164887543
1445 4.8485123651823975e-14
1446 9.802932150462271e-08
1447 1.1619561286403778e-14
1448 6.355125928706326e-18
1449 1.1501572301634312e-14
1450 0.2059276408232431
1451 0.8645082849781103
1452 5.074952303551966e-06
1453 5.1062631231695555e-09
1454 0.5007290305414598
1455 3.9539105673485707e-17
1456 0.8263442953079956
1457 3.9351132626632514e-11
1458 0.008560594961034259
1459 0.011244184345994817
1460 3.3183467908205213e-10
1461 2.9530969119295406e-07
1462 0.010809252158588085
1463 0.19873570625909506
1464 0.0017677420526820138
1465 5.032015125743709e-07
1466 2.1986197679402708e-17
1467 4.9192256634870095e-14
1468 5.2973962659852526e-08
1469 0.3037370798721769
1470 1.098298815407786e-12
1471 5.2506459524079534e-11
1472 1.339395945563924e-08
1473 7.03866027695267e-15
1474 0.0013226372871971432
1475 0.8187778269059011
1476 0.0013292806486606046
1477 3.561982213501977e-05
1478 1.8880331535419744e-16
1479 9.775293705456582e-07
1480 1.5897210034622884e-07
1481 1.1084322844526865e-05
1482 7.258762863579269e-09
1483 0.20840792591711493
1484 3.470634642310923e-18
1485 2.0444533212549265e-10
1486 4.080086771239122e-06
1487 5.4862040833126086e-17
1488 9.387076494429237e-08
1489 0.004263618715151804
1490 5.231847004777472e-15
1491 2.9534549492535763e-08
1492 0.7836126294443906
1493 1.8265912770721823e-07
1494 0.0015824183322403482
1495 3.31263349871891e-16
1496 0.6773005277363631
1497 2.2598737570927255e-12
1498 1.628874263238282e-05
1499 0.00015644920669482536
1500 3.017237969832098e-17
1501 1.3907995871666722e-07
1502 0.2266559671554127
1503 4.955796804716997e-12
1504 0.13983093449049736
1505 0.14159545648882768
1506 0.452415456421976
1507 2.285269607848401e-16
1508 0.1253092143016114
1509 0.40667154382572585
1510 0.36076138598432633
1511 0.5134535375951167
1512 8.624634442078104e-12
1513 0.05648590351409905
1514 0.1121911148774392
1515 0.23416569678268684
1516 2.411801236546239e-12
1517 3.9390667894914213e-10
1518 2.3904350957195135e-13
1519 1.5850161646706466e-05
1520 0.18091753152291232
1521 0.41912398870266715
1522 5.5838175682880376e-05
1523 5.6048504466100615e-09
1524 0.24441373908574476
1525 0.4008984457070112
1526 6.054799595000136e-17
1527 0.007354183073120114
1528 4.662583545033008e-17
1529 7.975985271972238e-14
1530 6.204272431324496e-14
1531 0.3656084227018654
1532 5.287053185225903e-16
1533 0.05352637065157625
1534 0.30727419133622064
1535 0.00017224217545735545
1536 4.0603218786988136e-16
1537 1.8853457272786096e-14
1538 4.0991915841562345e-09
1539 2.289964145907957e-09
1540 0.108679768339111
1541 1.4407288342249998e-07
1542 2.1656988766984633e-07
1543 0.0007559055956428855
1544 4.2387869217526377e-17
1545 0.15321567549543125
1546 0.4554140576998518
1547 1.252604755014498e-17
1548 1.886286705463624e-05
1549 0.0055154780715842445
1550 0.3565043297903222
1551 6.947202511957953e-14
1552 0.35358487773196773
1553 4.595300272244148e-12
1554 1.1187504999988455e-06
1555 2.5984868766617223e-17
1556 0.04013486248928662
1557 1.7962569608567059e-12
1558 1.2242820331715915e-15
1559 2.9722194627926252e-06
1560 0.10774750042142892
1561 1.4753470801970356e-10
1562 2.9460422828080934e-12
1563 0.0006055478607090969
1564 4.8535725328525334e-14
1565 1.0921566782290995e-14
1566 9.78482076925284e-07
1567 4.508903673662343e-13
1568 6.475400560387176e-13
1569 7.349645867127972e-13
1570 1.0056301128055039e-20
1571 5.004530456412361e-16
1572 0.24841764362142796
1573 4.754165845086453e-12
1574 1.7986417331294883e-11
1575 8.780769882297061e-06
1576 4.250866632785534e-08
1577 2.0559014001586742e-12
1578 0.0038022810756967737
1579 1.0382661137184788e-12
1580 6.565718202569857e-08
1581 0.003694024742153282
1582 0.00034084865207366637
1583 3.841952534330193e-12
1584 5.225656339296067e-09
1585 0.00031737799370499354
1586 0.2895070914377572
1587 0.00042878413659457005
1588 5.970632863745157e-12
1589 0.0003396523991823097
1590 2.898562444821478e-09
1591 1.3549209864455678e-17
1592 1.0910644887526856e-11
1593 2.120593656220942e-05
1594 0.21813374829342652
1595 0.00022213095937809223
1596 1.959746146083788e-09
1597 3.0045522713880835e-07
1598 0.007552492662112405
1599 0.00031273434230144175
1600 5.577634332241516e-07
1601 3.403642213999666e-17
1602 0.15233799911521106
1603 1.3078045491467963e-12
1604 2.099179032581771e-21
1605 1.643830299667933e-17
1606 2.6283252615915698e-15
1607 2.2360625506811138e-11
1608 1.3582677069891042e-13
1609 0.0006107559090564298
1610 0.28601953514702677
1611 2.0954438602488354e-20
1612 1.4311571614111033e-05
1613 1.0965921681587107e-17
1614 4.4891392487705304e-21
1615 7.550470062196857e-13
1616 2.9150613182055035e-05
1617 1.1952094619273336e-13
1618 0.002862692864430275
1619 4.43039173088532e-06
1620 0.0012665187624130174
1621 2.6985404852265883e-17
1622 3.1806659584131914e-21
1623 2.732870579556835e-14
1624 4.23288108601504e-09
1625 4.088449880654328e-23
1626 0.5683056265375465
1627 0.0030998685256064563
1628 0.001108340422791982
1629 2.7339240200169275e-11
1630 5.7852517182589485e-18
1631 6.457881960926087e-10
1632 0.03427471535478913
1633 0.09812847522223685
1634 8.272817624885393e-13
1635 6.246964296651542e-12
1636 0.05778791226533343
1637 1.7056506450733118e-16
1638 0.03188107908034517
1639 1.9663727721270112e-11
1640 3.22801421614757e-20
1641 1.7234540908719262e-20
1642 1.4617133226579327e-20
1643 2.099288495947882e-12
1644 5.977030698393732e-13
1645 0.00022508857271668592
1646 3.0417857239246725e-12
1647 0.0034429359119204357
1648 0.00104492768889524
1649 5.901614276033094e-18
1650 0.01621041598448088
1651 0.12308610082456527
1652 6.334835933642725e-15
1653 1.9685534368819937e-05
1654 7.185164312171151e-11
1655 2.0674205140004476e-09
1656 8.903740525581878e-15
1657 3.7666146887507887e-19
1658 5.408277635878468e-07
1659 0.4196987630273672
1660 3.2783377715670597e-06
1661 0.0003977236024999863
1662 2.6672497984952282e-14
1663 5.1725281831253023e-14
1664 0.010821024967697115
1665 4.3728999729523575e-22
1666 1.0939832316367474e-06
1667 1.2047630148471098e-18
1668 1.786692447857027e-18
1669 1.4834916633726227e-19
1670 2.9450706069755458e-15
1671 9.39451936396145e-22
1672 2.4984383617319535e-11
1673 1.402912036674372e-14
1674 2.1416868968003277e-19
1675 0.1175041447462506
1676 0.012301621981537524
1677 3.1568901321056564e-13
1678 6.899027461421574e-19
1679 1.162876370193928e-19
1680 8.36381934336251e-20
1681 0.0007977121287100528
1682 1.0326501153674649e-22
1683 1.0572026164409642e-16
1684 6.269512107958326e-20
1685 1.1144260496470449e-20
1686 1.7279033452775375e-19
1687 5.704808835542943e-20
1688 2.099106596151124e-21
1689 4.408534213658336e-21
1690 4.747927739933765e-22
1691 5.2557043490845814e-21
1692 3.318496448305014e-20
1693 9.974688511221009e-22
1694 2.172058190297885e-22
1695 5.272475744575142e-23
1696 0.007238194501288348
1697 0.9029969003315809
1698 1.1290879713087413e-14
1699 2.8187986330645154e-08
1700 3.142575313649626e-08
1701 2.4882567281467434e-07
1702 5.4632205881335283e-11
1703 0.44607537188893753
1704 1.690282346082049e-21
1705 0.0002121837830205855
1706 9.463161898150492e-09
1707 0.11075750816191808
1708 0.0005638976185955919
1709 3.761318156379603e-12
1710 4.545700743833691e-05
1711 4.991968724143635e-14
1712 1.4114333600253816e-14
1713 2.4386162200427136e-08
1714 0.014897064297985667
1715 7.931432791229089e-09
1716 0.00036952126912552714
1717 3.565703043992148e-18
1718 0.0011080883242800287
1719 1.0212576212667665e-10
1720 1.2732350880330402e-11
1721 6.373090696067236e-08
1722 1.9749654248528166e-06
1723 8.989117560628373e-12
1724 1.6217878955424643e-09
1725 0.5236010010871402
1726 0.00022405079684110907
1727 0.6054848191885789
1728 0.005211072585212028
1729 2.2101141120785464e-06
1730 2.6771635098040655e-15
1731 7.997148242658625e-09
1732 3.025678787261917e-11
1733 2.0058329804723373e-08
1734 4.7591633917759435e-09
1735 0.00876558942059638
1736 2.2738654490936593e-14
1737 0.0005998312044193363
1738 1.0224556361372204e-15
1739 5.369771377135131e-06
1740 3.338730927034094e-06
1741 5.961691866381154e-18
1742 0.00033438010421221097
1743 8.73307167937161e-06
1744 3.63023918168882e-09
1745 0.007140771205870343
1746 6.464558431241354e-06
1747 9.672754023034596e-18
1748 1.885591089197917e-07
1749 2.0167727000732885e-15
1750 0.12883568842753293
1751 0.00012639735957679425
1752 3.823243387976392e-08
1753 6.856646257659514e-08
1754 6.227643963827401e-18
1755 0.010989933451268042
1756 2.250689957803234e-06
1757 0.1517878856766427
1758 1.6454279789072852e-09
1759 4.14658991285524e-09
1760 0.00048591664664045296
1761 4.619816817291487e-05
1762 6.695377575998549e-09
1763 0.7582474707655654
1764 0.015484763548204883
1765 0.19938583347034708
1766 2.6864451415081624e-18
1767 1.400899432565298e-07
1768 6.57818529925408e-05
1769 5.690131140229207e-17
1770 6.328683453067407e-17
1771 1.2048322628782432e-17
1772 0.5155799546765988
1773 2.527629307516523e-09
1774 5.16660218622166e-07
1775 0.020821324014093614
1776 0.004071675309621685
1777 1.993982328390041e-13
1778 0.44193514963257513
1779 8.222148777529726e-11
1780 7.869864859955525e-06
1781 0.0007592296053765376
1782 0.2627944799907469
1783 9.219943211921971e-19
1784 3.1868176200992274e-05
1785 1.739149889973293e-12
1786 1.5130370695122376e-11
1787 5.038011520702476e-13
1788 4.649583939918305e-09
1789 0.0100347669039126
1790 0.40051256105261185
1791 0.33732060416438286
1792 6.48671573885608e-15
1793 2.0724631083587577e-14
1794 2.593081517393237e-09
1795 0.025144668499445463
1796 0.1885814721081304
1797 2.7191017190089203e-16
1798 8.484460393746933e-05
1799 4.548964533495256e-13
1800 1.5461712862192502e-17
1801 2.3097225623580458e-08
1802 0.04206219822850062
1803 3.4692043505491422e-18
1804 0.0031582171857609804
1805 3.038059747005718e-18
1806 8.79198298364657e-05
1807 1.4135502027448744e-18
1808 5.137769259405591e-12
1809 5.790132690424048e-19
1810 3.726911637079226e-16
1811 0.04399394624871533
1812 7.210163348713127e-17
1813 1.0901444151041611e-05
1814 0.0014665398991317421
1815 0.028090869425746706
1816 1.3708552813526346e-05
1817 0.7069476446147291
1818 1.4736161388239825e-15
1819 5.225704311547575e-11
1820 4.677656063929121e-13
1821 0.14746253391911943
1822 0.0617707460761143
1823 0.007270553190754269
1824 1.5195081178651002e-11
1825 0.1488555914597746
1826 1.599587427904599e-11
1827 0.09955027534709229
1828 6.719394348122363e-09
1829 1.811449361231223e-05
1830 1.2581006511914976e-11
1831 9.334367284212482e-19
1832 0.007158527433835005
1833 0.2040319767347768
1834 0.8948297331152923
1835 1.6556133311002366e-05
1836 2.878377835173267e-14
1837 1.3547246644940843e-20
1838 8.264385497825035e-08
1839 1.3384353957876745e-12
1840 5.686484725307341e-08
1841 7.180824806452636e-18
1842 3.7449355519017654e-05
1843 6.243522064650694e-08
1844 1.354840064903102e-15
1845 1.8036594705139844e-05
1846 2.769325289171569e-18
1847 0.029523967139864993
1848 1.3433952432554213e-10
1849 0.2575972272470142
1850 0.8100676420463526
1851 1.4249534179374288e-12
1852 0.004436212113563017
1853 7.285287116372741e-13
1854 0.5797961555357911
1855 6.018572381620084e-17
1856 2.6479035080324796e-12
1857 7.531812634282518e-10
1858 1.3421943815754931e-14
1859 0.04901375998392103
1860 1.9493032563835693e-07
1861 2.6924457142978246e-16
1862 4.61146930393824e-08
1863 0.05100795610035474
1864 3.0178683559750866e-09
1865 2.5293236326967225e-06
1866 0.010483756555749004
1867 1.4479969535051012e-17
1868 8.129441122407425e-17
1869 1.4450390405866546e-15
1870 5.734509705951849e-15
1871 5.359555406280956e-05
1872 0.30255955475683327
1873 0.01804383182310867
1874 0.033186854000914805
1875 3.365808500007191e-12
1876 1.0491147370110839e-07
1877 1.4478065970434232e-09
1878 0.6337405047795492
1879 5.805649768110235e-07
1880 0.12110640345497779
1881 2.2294598252381066e-14
1882 3.581512233268699e-13
1883 8.081896685125176e-16
1884 2.89439502435077e-05
1885 0.028728527639541424
1886 1.1139057981971082e-09
1887 0.3319113466409431
1888 1.5262014579216927e-05
1889 2.381259841519593e-05
1890 1.8961724956460332e-08
1891 1.61650770297551e-14
1892 2.364610649531346e-10
1893 0.0005923819217146824
1894 2.0767236612390095e-06
1895 1.099836849031305e-05
1896 0.037577666936796705
1897 0.0004031968132977879
1898 0.7778107421644076
1899 7.461068349342099e-15
1900 0.48675252951347386
1901 1.173903886347199e-15
1902 3.2556149975260643e-15
1903 1.1175718197046739e-14
1904 6.249373481444152e-15
1905 2.0748793885265053e-15
1906 1.6068405709753058e-16
1907 0.0003932775939411884
1908 3.727950749076745e-05
1909 1.5368036760352638e-15
1910 0.0008827166393866132
1911 1.256151717694358e-14
1912 9.285412077864119e-06
1913 3.489463503794755e-07
1914 5.694215952993629e-06
1915 9.031258485825488e-15
1916 1.7288675991470534e-11
1917 0.3299566094276115
1918 2.6909162283790813e-10
1919 6.333126330454657e-19
1920 6.928051106590028e-05
1921 3.64621785746806e-07
1922 3.040869633799717e-08
1923 0.02517827536957453
1924 0.33738954875056726
1925 3.0191919606168107e-14
1926 1.988878959328793e-12
1927 0.461340524080074
1928 1.2551255240480084e-14
1929 1.6169793008266681e-18
1930 1.7349888178762298e-09
1931 2.0100130019429116e-05
1932 0.006386968251202655
1933 5.804347323312627e-14
1934 1.0704353582877231e-13
1935 1.921047706579642e-15
1936 9.169235339625374e-14
1937 6.632887455620276e-14
1938 0.0012778779838657753
1939 1.1796401456688217e-07
1940 0.00011428292292243263
1941 1.6828418401227434e-05
1942 1.5708929278618327e-06
1943 3.098575152903626e-17
1944 0.0024299139973969824
1945 2.0733046948414092e-05
1946 0.6011676320110583
1947 1.342338831130534e-05
1948 0.22046557807128936
1949 0.5501443275124662
1950 0.07934667049396575
1951 3.559629789884609e-07
1952 0.8129751790909826
1953 1.2740303785386293e-18
1954 2.7224685045339e-16
1955 5.19065128728331e-13
1956 0.6888965106769996
1957 1.5404931029858063e-11
1958 0.000611094203178668
1959 9.769095275817268e-16
1960 4.750346130981092e-13
1961 0.8504887531020164
1962 2.7219682797069873e-13
1963 7.045814279997398e-10
1964 5.911879075374382e-12
1965 4.728504629330738e-13
1966 8.418780526573258e-14
1967 0.3170223137033796
1968 1.7158770952206257e-08
1969 0.0007558342116026904
1970 1.3597638136719172e-06
1971 0.000270517653921758
1972 0.023452983527331297
1973 0.3970381201654667
1974 2.213476193349697e-15
1975 2.9733875593107324e-12
1976 3.7398569647999654e-08
1977 1.3969123725784755e-09
1978 0.0002632759261966196
1979 1.9846061446079563e-15
1980 2.570734051925162e-15
1981 5.2521479174617985e-12
1982 0.008498458612123328
1983 1.2305223202343108e-23
1984 1.5011819133633096e-18
1985 0.020964570738289782
1986 0.006658597524750224
1987 1.3035976602197769e-14
1988 0.0042255507980493365
1989 3.090074025389631e-16
1990 0.0005993963206073962
1991 2.184993422161921e-08
1992 2.8508699789926666e-15
1993 2.0381601766712012e-07
1994 0.09758968088232466
1995 2.257073594926102e-08
1996 4.134246018112297e-11
1997 0.00018912394089420958
1998 1.2110968225085822e-13
1999 1.659408129093314e-17
2000 1.1750540103109722e-11
2001 0.0004402634474174373
2002 5.695123422260736e-16
2003 0.00029977852573993884
2004 0.3180713135421417
2005 0.009755464981743588
2006 1.296864176176293e-09
2007 5.877319308786899e-16
2008 1.6788184474331948e-14
2009 1.0621945033281703e-07
2010 0.006765941612579419
2011 8.559869246150555e-09
2012 3.105893852610344e-14
2013 3.759276057972532e-13
2014 5.136674680219412e-15
2015 6.103638573169184e-14
2016 1.3020291055102572e-08
2017 1.6141244408599695e-19
2018 4.277816415541096e-06
2019 0.01339804215393805
2020 1.3797140372275498e-11
2021 0.00011074055603836372
2022 3.7524126135007016e-05
2023 0.17023035940474385
2024 0.00396036980664645
2025 0.13209322071692525
2026 1.2157594615292572e-09
2027 0.1079883941637351
2028 1.8076481614668364e-09
2029 2.969839105645527e-12
2030 2.7807650765381944e-10
2031 1.903092798732086e-12
2032 1.0446776683796862e-12
2033 7.205966272044912e-08
2034 0.0004380542664286176
2035 2.9067870651306493e-13
2036 3.4828989627848646e-12
2037 0.07013494345326585
2038 2.0258357825473124e-12
2039 2.279052166928988e-11
2040 1.8778251969346786e-06
2041 7.921284842800455e-12
2042 1.3418624366707767e-11
2043 3.896858628688558e-07
2044 0.24475004611238083
2045 0.15279649674084386
2046 0.0011269245700289074
2047 2.3418811501390083e-06
2048 0.2411575101551036
2049 1.2002336604527024e-08
2050 2.663798579287327e-11
2051 4.148026594657578e-15
2052 0.00489039462306876
2053 7.343407832092966e-12
2054 0.01693832838945945
2055 6.0120942139355775e-05
2056 3.34252104515287e-08
2057 3.9753802886224436e-17
2058 3.7747462301246344e-15
2059 1.6455278684480325e-15
2060 7.482933794088938e-07
2061 1.4914741634781386e-13
2062 1.7177452537688786e-16
2063 0.10090420450795422
2064 3.0262408805758067e-05
2065 3.8422705730170516e-05
2066 0.19905959065219314
2067 8.438001257949123e-11
2068 2.0846688811442517e-08
2069 3.6971161647545185e-07
2070 1.2636280841267958e-06
2071 1.41153677414824e-05
2072 5.057049843867913e-12
2073 1.5120557860758268e-10
2074 2.3698704154225774e-14
2075 8.020025982901688e-06
2076 0.016063558521824495
2077 1.434674083523213e-08
2078 3.5448122576172346e-12
2079 3.2218421800069656e-15
2080 3.5012753080893474e-15
2081 0.01607447671557242
2082 9.600991805962342e-10
2083 0.019621292389628203
2084 2.4018539357909533e-11
2085 3.479352766581093e-12
2086 1.1553108247190449e-07
2087 0.24060186824827148
2088 3.283459452685748e-07
2089 1.0077769070747497e-13
2090 0.12394640685136477
2091 0.45063529327092444
2092 7.521248080257417e-16
2093 5.27416390593042e-10
2094 8.867099450554785e-10
2095 3.188547036272354e-16
2096 2.7820650275264163e-10
2097 5.40683640561113e-10
2098 8.58678853027659e-12
2099 3.900303459461891e-09
2100 6.429432555820549e-11
2101 0.00017875596234001633
2102 0.001043224321807415
2103 6.857106803137189e-14
2104 2.3246460326000548e-11
2105 2.847349843231898e-09
2106 0.00013510795951296762
2107 0.021497924023083922
2108 0.0003151352858894624
2109 0.6743260926627186
2110 1.0031628314661686e-09
2111 0.0006797580638190307
2112 6.490913245980707e-22
2113 0.655133411469193
2114 0.055776750868354444
2115 0.02121480918576672
2116 2.050639910109221e-09
2117 0.27098076970909407
2118 3.222277354374414e-13
2119 3.6503037510213526e-09
2120 4.792424086052714e-09
2121 1.5843631655125791e-10
2122 2.99026310129177e-09
2123 5.590554448635743e-07
2124 2.677606478350765e-07
2125 0.011495750310765081
2126 0.00017416202974176464
2127 1.3756557788018707e-05
2128 0.285860967424247
2129 0.754911082305078
2130 0.4748990824168983
2131 2.601385574687717e-09
2132 0.0013432946971093493
2133 1.3033501181616195e-08
2134 0.6925505753970084
2135 2.5898631538832397e-09
2136 1.1575391005194023e-05
2137 1.0233769091117676e-09
2138 7.909004116900061e-08
2139 0.12300849098641045
2140 0.49243988913589576
2141 1.4896434225231095e-10
2142 6.455602248113572e-08
2143 2.6674568611625485e-07
2144 2.2903393985107727e-07
2145 9.037697151474452e-13
2146 8.532423894565816e-12
2147 2.5796744102240182e-27
2148 1.2332774585381815e-13
2149 0.0001633132857587452
2150 1.3940278281202828e-13
2151 2.4276237539474824e-05
2152 3.614110486545465e-05
2153 1.258735467044149e-07
2154 0.39799194360501794
2155 4.3522491374108585e-10
2156 3.025760993946175e-12
2157 0.016555193212949806
2158 0.28351789414381995
2159 2.2902287132282127e-09
2160 7.333658370137607e-17
2161 9.477941898327296e-05
2162 9.016477584042324e-15
2163 1.4582367343055816e-14
2164 7.869381274810998e-10
2165 2.975954550040479e-07
2166 4.0138853760526985e-12
2167 2.6764132980682645e-05
2168 0.011184007601005958
2169 0.002499435074797244
2170 9.556841611949671e-09
2171 6.350870561775419e-13
2172 0.07186059754993995
2173 2.1012307094333882e-07
2174 4.665308214562555e-06
2175 0.762106847437228
2176 0.06432187850600084
2177 4.59418444364551e-08
2178 2.2744268732176924e-11
2179 1.1980986367951832e-06
2180 1.4785525170508018e-06
2181 0.19681959873087568
2182 0.02135603165180734
2183 1.0655788656954002e-07
2184 1.0629493532457962e-12
2185 3.378845280642598e-16
2186 2.81356267105003e-09
2187 1.1594489275497013e-05
2188 8.45808040870913e-09
2189 0.037325340841703414
2190 0.7050690270926
2191 6.168255958758172e-07
2192 7.333153604445782e-10
2193 0.07743189533215215
2194 1.2433304882959996e-08
2195 2.2550347303038367e-15
2196 3.839952748164564e-06
2197 3.3987467067901157e-06
2198 9.044688398060286e-14
2199 9.364313414726231e-09
2200 4.1881885127613045e-16
2201 8.871743143343908e-07
2202 0.7780237236901338
2203 1.9380997082801822e-05
2204 4.336096365540858e-05
2205 6.071389764191139e-05
2206 1.952711631446429e-12
2207 4.144442365715861e-08
2208 2.911339867361936e-08
2209 4.778246277784029e-13
2210 0.23497364408689303
2211 2.2572706618876928e-07
2212 1.0318841585072353e-10
2213 2.398759666107396e-09
2214 1.2942516755402032e-09
2215 0.5618293299387027
2216 0.2739204163618865
2217 2.4154541725034967e-11
2218 1.1253316158294726e-11
2219 8.510702761964586e-10
2220 1.962093180601254e-14
2221 5.736605276356663e-07
2222 0.6181730996661041
2223 5.639608325874037e-13
2224 0.7828704890402481
2225 1.5649738049522528e-06
2226 3.5298849484543967e-06
2227 4.860185067786879e-11
2228 1.3166274711876262e-08
2229 0.019610390894761694
2230 5.043859404536316e-06
2231 0.0004802066875321122
2232 0.06274352642663782
2233 6.131687125364136e-06
2234 8.425740273942887e-08
2235 0.1287322546125469
2236 2.053161554356243e-14
2237 1.7283595153130554e-22
2238 0.4104165702937326
2239 3.1867693298894224e-10
2240 0.8335449096929897
2241 2.3219633071750643e-06
2242 3.211238894328044e-08
2243 0.7116870020490952
2244 1.303735701469512e-05
2245 4.471200336798467e-05
2246 0.044784088874754435
2247 1.2898660243489092e-13
2248 1.0928933514656134e-10
2249 6.743603406186494e-06
2250 0.5516621228882769
2251 6.199600499711761e-12
2252 2.1867011697053426e-06
2253 2.202018459160569e-12
2254 3.06318631085876e-05
2255 0.007366253353480575
2256 0.341644881639357
2257 3.0550726335624525e-17
2258 9.239253757852661e-06
2259 7.029936252822236e-13
2260 0.5482550188742619
2261 8.740548928537715e-06
2262 6.584331826592083e-09
2263 0.45810847068238647
2264 9.875462120846398e-09
2265 3.810910378434884e-10
2266 1.192924053021824e-09
2267 0.5045718688747253
2268 0.016717906249303822
2269 4.727331147106543e-06
2270 0.0004305912655408684
2271 4.170843875933876e-09
2272 2.3772500817894137e-06
2273 1.358684952652643e-08
2274 0.2733888236132934
2275 7.944864225908715e-11
2276 5.472839249839883e-09
2277 0.0001455868585435079
2278 8.357055556406018e-14
2279 3.0438647260657247e-07
2280 0.06683015791223747
2281 5.752979426339041e-09
2282 1.2899943536384599e-12
2283 2.3481239310402945e-09
2284 0.01094920873906088
2285 1.3075789001243028e-06
2286 0.37778754684198174
2287 5.5621784420125134e-06
2288 1.4203760630544117e-13
2289 1.5508676162117218e-12
2290 7.274135627914312e-05
2291 4.132038921431973e-08
2292 1.6685165458481872e-06
2293 0.06540405513155981
2294 4.1322009454759425e-13
2295 0.002437431609050381
2296 3.087461417182148e-09
2297 3.8696612980702463e-08
2298 0.0001607354961270332
2299 7.006609103028087e-10
2300 0.00021963320046604378
2301 0.0017744330810975323
2302 5.758712104005368e-14
2303 1.6151747498336892e-08
2304 0.00960633044985225
2305 0.08458616844772032
2306 6.5824167633145994e-15
2307 0.00987502034419679
2308 0.24302250490395708
2309 0.004757449086874024
2310 0.31435795127950605
2311 1.1665410289158082e-07
2312 1.6280222882238546e-11
2313 0.00019688553888675482
2314 0.00011471794076620465
2315 0.004403882598699637
2316 0.4282435248389394
2317 6.069261690113199e-11
2318 3.099223370586185e-08
2319 1.5128367222035604e-07
2320 2.1699992486707456e-10
2321 1.0597518766098039e-09
2322 5.477818554583481e-10
2323 2.726538035479682e-12
2324 0.013270526121466314
2325 4.808823435837955e-13
2326 4.602889402704625e-12
2327 0.0074318668252685415
2328 7.507035557101435e-16
2329 0.0012932328207096338
2330 2.1882842333459956e-05
2331 1.3520667665253475e-09
2332 0.0003926883308256662
2333 7.914901485684713e-17
2334 3.0898748672856863e-10
2335 0.000371948050985975
2336 9.745654962201586e-06
2337 8.233030085838863e-09
2338 5.384502831361559e-08
2339 0.014132968464175116
2340 7.790984480784593e-13
2341 8.984229884764962e-12
2342 4.008847691592155e-10
2343 4.165075748412752e-09
2344 4.3884082540381107e-14
2345 0.0003003905681495361
2346 6.52358194746007e-08
2347 7.536435844231239e-12
2348 1.8255888346688108e-07
2349 1.0005089721134556e-13
2350 1.4736210186251853e-16
2351 2.807341844285506e-15
2352 3.2384889074475756e-12
2353 7.50626217511403e-09
2354 1.5402496421066656e-06
2355 1.4588543993447904e-09
2356 0.7747373343206234
2357 3.58210036683557e-15
2358 2.642943737816294e-09
2359 0.31720434153900623
2360 0.0001296717352276876
2361 3.149065644639911e-09
2362 4.1711448740607173e-16
2363 2.33392485815334e-13
2364 0.632095862493884
2365 9.334599950476662e-10
2366 1.552167431964176e-05
2367 4.801760078168875e-06
2368 0.00965560657878788
2369 1.4552401690033615e-09
2370 2.4208953217936278e-14
2371 5.557802305597408e-06
2372 2.910356234153126e-13
2373 1.2143232643472594e-07
2374 0.0001821422334302298
2375 2.1939672237227614e-11
2376 6.603073814345588e-13
2377 4.4236474058147554e-10
2378 4.450708814561681e-06
2379 1.1595336580103359e-05
2380 2.5296838678165827e-06
2381 1.0450410143630579e-05
2382 1.2763407891544308e-06
2383 3.2503283868485867e-15
2384 4.014457738400272e-10
2385 2.7667906890180662e-14
2386 2.5757634207575016e-12
2387 1.3392386881667529e-07
2388 1.3777800902572686e-07
2389 1.1600482980989749e-10
2390 3.214051145397347e-06
2391 9.91504305793002e-06
2392 0.015406279590529594
2393 6.387301931524871e-14
2394 4.885996375966392e-08
2395 2.0074990218368033e-10
2396 2.5508154932780275e-08
2397 0.015035478851695191
2398 6.409180444698154e-10
2399 4.2034434001819555e-17
2400 9.11737825883542e-07
2401 9.777369238207554e-14
2402 1.6684815484553628e-05
2403 1.7387512274587042e-12
2404 0.006503168626473494
2405 6.092070258611511e-08
2406 0.05883220651731035
2407 2.832046514427846e-10
2408 0.0863808462274327
2409 3.056702013921374e-06
2410 8.645851092544683e-08
2411 0.0005589835214288694
2412 0.08771073001381659
2413 1.4387735657393013e-14
2414 0.00013393187746761146
2415 1.456280628656225e-05
2416 0.0001295184305728957
2417 1.0722592461675506e-06
2418 8.802438182349725e-06
2419 6.269402889894441e-13
2420 0.23387097164888865
2421 9.642441373649676e-12
2422 8.713129304689853e-07
2423 4.8789875585243993e-08
2424 0.11767472982914393
2425 0.16152414314935862
2426 6.634782263382264e-11
2427 2.4753765427891712e-09
2428 0.011291782979714773
2429 2.1131156295038595e-16
2430 4.451451046864055e-08
2431 2.2879864216297608e-15
2432 2.2516402963415605e-05
2433 5.510676513011106e-16
2434 0.14965591121341784
2435 7.525703405892736e-19
2436 4.251163401365873e-12
2437 5.994311787117753e-09
2438 7.854189415467403e-10
2439 1.6086043613017548e-06
2440 6.696117505839916e-05
2441 1.350622998904513e-08
2442 1.4844298723735557e-13
2443 1.1100759201041524e-19
2444 2.0192603386397662e-13
2445 7.982504380395046e-06
2446 0.009648088640617638
2447 0.0040526737028996045
2448 0.17298747578057705
2449 8.607315718789095e-13
2450 1.9885969823423846e-13
2451 0.18843470102974677
2452 0.22310559362895427
2453 1.6892416654127296e-15
2454 7.623567753870269e-05
2455 2.2017491686057567e-05
2456 6.533060996353908e-08
2457 1.8966925486703542e-07
2458 2.2900029280967353e-16
2459 8.293223339978264e-08
2460 1.4260858590723918e-14
2461 0.0005756293511043496
2462 2.084971190256041e-06
2463 6.690958461128548e-16
2464 1.7272505375899853e-13
2465 0.0023118269892054124
2466 1.5603655470269081e-18
2467 4.925063059196795e-16
2468 6.128920120062332e-06
2469 1.9250671261425497e-05
2470 7.825105122993234e-07
2471 4.88715267800823e-11
2472 3.9248060587932775e-06
2473 0.000310209483872029
2474 2.0467187737757065e-06
2475 4.704668699757822e-18
2476 4.915880482936734e-13
2477 3.0548038798087455e-06
2478 1.096820849143961e-05
2479 2.4877010500444045e-07
2480 9.565203825920493e-06
2481 1.3182346767321582e-16
2482 1.8768753738921343e-13
2483 1.0578290475860287e-05
2484 9.373368134135245e-16
2485 7.853665193127779e-22
2486 0.5308212758011761
2487 4.593706615856898e-13
2488 1.3184817449878237e-07
2489 0.001481402676676175
2490 0.0029778260039961413
2491 2.3238419871425802e-14
2492 4.7476472525477966e-07
2493 3.0827400033132035e-08
2494 5.476400887279843e-11
2495 0.6588487218214895
2496 1.725085249522699e-08
2497 0.49385064668919637
2498 4.470536148839962e-06
2499 4.78496643619678e-07
2500 2.1727530616200384e-13
2501 4.5413182593473606e-11
2502 3.2484932688870485e-06
2503 3.574199056835618e-19
2504 8.018257624536049e-14
2505 2.693737951416178e-16
2506 9.78220896615089e-15
2507 2.909547586193984e-18
2508 1.0487957668261099e-16
2509 5.7603488422090635e-06
2510 5.368729039991855e-13
2511 6.637507420994774e-07
2512 4.255997455787618e-17
2513 3.7816524814062683e-19
2514 1.6601605240363388e-13
2515 9.165951306641399e-12
2516 6.036784311461643e-06
2517 9.355468773352245e-10
2518 1.0867255776866363e-06
2519 5.6025882095197e-17
2520 1.1853806198209412e-09
2521 6.090878652916549e-16
2522 0.3366745493637149
2523 8.975956179434412e-06
2524 1.2670411345285236e-07
2525 2.213010039660055e-15
2526 3.5146653281827288e-15
2527 1.9635774205108887e-15
2528 0.0002986516360620389
2529 1.1239777960198149e-15
2530 7.06828587836951e-10
2531 9.014721729012778e-15
2532 0.00043438543180697084
2533 3.47630176207686e-08
2534 8.349957568229086e-24
2535 8.541996783592431e-14
2536 9.998754811302435e-05
2537 1.907021907384565e-10
2538 4.9969128245835976e-06
2539 0.0005509166504583828
2540 3.6100851356456777e-10
2541 0.0017139364141182272
2542 2.4764406417227945e-07
2543 5.317553008016284e-07
2544 0.5148933645890781
2545 2.407721277402182e-08
2546 1.2644106028753644e-12
2547 5.7550421749884425e-09
2548 7.345340750539845e-13
2549 0.0008985116909116
2550 0.0002755793698947526
2551 0.0006250952999657764
2552 7.869597980001457e-14
2553 1.6821647385671066e-05
2554 3.295413844980497e-10
2555 5.707296649266753e-09
2556 1.9365669346597915e-18
2557 1.7645767770630152e-07
2558 3.3851531405281026e-15
2559 3.8892883735631693e-13
2560 1.785367869398406e-10
2561 2.4358284260965925e-14
2562 1.2289360593130382e-06
2563 1.5976566677120143e-07
2564 7.584762644851271e-06
2565 2.6862651702957278e-21
2566 2.016728285854118e-19
2567 0.0004941961495590414
2568 3.3518462776933583e-18
2569 5.6906269525573425e-08
2570 0.21207018766363453
2571 1.3607597186192493e-07
2572 0.0012135112100816275
2573 0.0008624666305013671
2574 2.007367416248129e-15
2575 1.4893157624893777e-13
2576 6.530229042819229e-08
2577 0.0004381394062611289
2578 6.279119140668425e-10
2579 0.001247953757468549
2580 1.0554885107394891e-06
2581 1.8077202615230326e-07
2582 0.0015848982033110808
2583 0.00033947836530739327
2584 7.032662032068813e-05
2585 5.67138313376261e-14
2586 1.0270704636969922e-10
2587 1.6841776989577263e-07
2588 4.6233321129365644e-14
2589 7.572570335600039e-06
2590 1.0648182279073435e-18
2591 4.4530306742829136e-07
2592 2.6733675163049546e-08
2593 0.6041702570015607
2594 1.9227823194815725e-06
2595 0.6189253984934618
2596 0.019802728863004684
2597 6.972818968022478e-06
2598 9.950556820927708e-09
2599 1.186814513613392e-05
2600 7.75142214151276e-14
2601 8.191123720585531e-06
2602 5.591203561984306e-09
2603 8.414584279557895e-07
2604 3.953455556259392e-14
2605 4.499895728918993e-15
2606 9.838945382004424e-06
2607 1.7842144005613755e-08
2608 1.2972186134907348e-12
2609 1.9896350236938004e-05
2610 2.402956287658076e-16
2611 0.0015677387197889124
2612 1.2883667276080976e-26
2613 2.326072349386241e-10
2614 2.241284404574633e-10
2615 2.0744856646801516e-14
2616 0.0001485279287429076
2617 5.446276652718817e-06
2618 0.00020958607938780535
2619 1.9951265575254574e-16
2620 9.818083175372584e-21
2621 2.178297912615459e-23
2622 0.0006149240827667668
2623 5.459313810618003e-15
2624 3.6673891025833993e-06
2625 9.914136737669792e-12
2626 0.36387143940448746
2627 0.0005781437646563613
2628 8.559841003683842e-15
2629 0.3123809149794907
2630 5.527118677973701e-09
2631 2.1100408562224403e-06
2632 4.763021941462757e-19
2633 4.410835346771109e-05
2634 0.02007001249134444
2635 9.604482232099795e-10
2636 2.263128776761542e-17
2637 0.3956445751606033
2638 2.0858751549979484e-07
2639 8.49248226808305e-19
2640 0.6535140038622352
2641 5.9501483913322424e-08
2642 2.0508669984461394e-10
2643 3.066895042444083e-08
2644 3.612444017825425e-17
2645 2.3577708510566697e-13
2646 1.6732661996102695e-06
2647 0.6695081629665104
2648 5.081452839972645e-31
2649 3.0655140924349927e-08
2650 1.7195858709587541e-22
2651 8.007982466991842e-07
2652 0.005192381110985057
2653 2.3109476765528917e-05
2654 1.9799677139669028e-08
2655 9.563989945133874e-14
2656 5.900756241331508e-05
2657 4.946299007119552e-08
2658 5.37895129973492e-10
2659 2.4356936095892705e-06
2660 0.6219820166098876
2661 9.716945287306476e-05
2662 0.5697988761904114
2663 4.888773655054782e-11
2664 1.2522553285825475e-16
2665 5.050042695890952e-09
2666 0.4165117802198229
2667 1.528984840585059e-29
2668 6.792639321164077e-05
2669 0.0002889221794054027
2670 5.513945117542273e-10
2671 0.0001059158923692807
2672 8.488099920018552e-11
2673 0.30233070848789023
2674 2.0215298054095274e-06
2675 0.5978187231174283
2676 4.067322307253779e-05
2677 4.0927312764807515e-07
2678 0.00024031770104636824
2679 4.876518121908949e-05
2680 0.20450952102083386
2681 0.7280327552634865
2682 3.239444306871555e-06
2683 0.6917099044213733
2684 4.603103153041326e-26
2685 5.962348577685489e-07
2686 7.1871034278862835e-12
2687 4.400352001435946e-18
2688 1.4600023555681887e-14
2689 2.9970606749363123e-10
2690 1.9388869835734434e-13
2691 0.2776438678651584
2692 4.880310578456113e-05
2693 0.20524202313979256
2694 1.0047596792293996e-13
2695 1.5795530702051407e-05
2696 0.6718248012605699
2697 0.12180470773549516
2698 3.333969861463977e-05
2699 2.328112595975742e-06
2700 1.5331349677579345e-10
2701 3.0455223349909034e-06
2702 1.0903539836857933e-06
2703 0.0005455939258918569
2704 1.5880663933665214e-06
2705 1.4228465793216463e-13
2706 1.8920237039679045e-17
2707 1.1760361656977255e-17
2708 6.471683146319352e-05
2709 0.44349316707257536
2710 3.2378400444294835e-06
2711 2.4341437381317443e-06
2712 8.406690805817415e-06
2713 0.08613415732396772
2714 1.412275360724201e-06
2715 8.678236149627743e-11
2716 2.780075362853348e-15
2717 2.7052747658987367e-11
2718 4.86178188823834e-06
2719 1.6877053883994533e-13
2720 2.391465552544586e-13
2721 3.3684551462775337e-09
2722 2.4694763940686336e-10
2723 0.2627293404638055
2724 6.825580829796044e-11
2725 4.2553159527964945e-10
2726 2.976396742859132e-07
2727 1.2223490665371015e-06
2728 4.1776643991092873e-10
2729 9.082484943876615e-11
2730 2.9116186729575163e-07
2731 0.7476403280914092
2732 2.4849487952478786e-09
2733 0.00012424802666933754
2734 1.0416036680456544e-16
2735 2.3334023114786435e-10
2736 1.742086973334435e-05
2737 7.1166535706141335e-06
2738 0.003366450093871645
2739 2.2993556622817596e-12
2740 1.0038522064032877e-19
2741 0.24280035838482245
2742 5.285156813331145e-13
2743 3.65180665234628e-11
2744 6.575145534955524e-07
2745 1.213166001157753e-07
2746 2.1242293630817716e-07
2747 2.575362770384497e-11
2748 0.3775240498193773
2749 0.5364771868297163
2750 9.181478112068085e-19
2751 0.46938368199835667
2752 2.674239860957715e-15
2753 4.753073793608636e-09
2754 4.9035862918665785e-06
2755 0.00022186876736931966
2756 1.3730709909437653e-05
2757 6.768614987941496e-08
2758 1.8455714200170515e-09
2759 0.039683695980653126
2760 5.502825858856083e-13
2761 6.161120964540687e-06
2762 0.016264659073069603
2763 4.0348401982306145e-11
2764 1.804756429837873e-10
2765 0.14960964368283033
2766 0.5679754292748471
2767 1.0465371383990637e-09
2768 3.9483423724131704e-05
2769 4.55620554762656e-07
2770 6.512017755728824e-06
2771 8.159414924912872e-13
2772 8.885891474143125e-11
2773 4.132525591142848e-07
2774 1.935994350477713e-14
2775 2.6431795455746654e-09
2776 0.0010617137903952104
2777 0.0006613733933985343
2778 0.002126398891650895
2779 9.86662660203204e-08
2780 0.00039191338234163646
2781 1.377310990400702e-11
2782 0.17352240793181067
2783 0.0015423358098104526
2784 0.25650515572087607
2785 8.977635490113472e-07
2786 0.0033348359018210193
2787 0.5463354413535069
2788 0.00021024837727767553
2789 0.0026468110934660385
2790 3.1324160450302474e-13
2791 0.5168309050551991
2792 0.003125378836406034
2793 1.289398680940977e-07
2794 5.084897672143497e-09
2795 0.00010677818764760245
2796 1.985220531304566e-05
2797 4.1809872922636165e-06
2798 1.7799881342422796e-05
2799 0.0019704617211876315
2800 2.861336056644468e-06
2801 2.9648137845056233e-07
2802 5.7309996360980945e-11
2803 4.038815756561121e-06
2804 1.551605898321611e-10
2805 1.2727733753005651e-11
2806 8.142169215686887e-06
2807 0.002084996778321864
2808 1.8563063298174393e-09
2809 0.5060337001831762
2810 0.002633092437409118
2811 0.09957015300255169
2812 7.69306672818561e-18
2813 2.960488255953608e-08
2814 1.8921362187763576e-13
2815 1.5749872967434525e-16
2816 1.0055185957578432e-08
2817 3.7297410962640905e-08
2818 1.2280183428167885e-09
2819 2.139297764611499e-12
2820 1.570067456711353e-07
2821 6.728513172099548e-13
2822 4.5074569164905915e-13
2823 0.07488162856953888
2824 7.531353750201425e-07
2825 1.7701342033342612e-13
2826 0.001652829007852995
2827 0.0004891867931164841
2828 2.609437027975794e-14
2829 0.002722171393948052
2830 0.03399239741076809
2831 0.005861662023577382
2832 0.004115895687550729
2833 6.021974298520573e-11
2834 0.0009459347513082516
2835 2.901461894933934e-12
2836 0.007648530430469288
2837 3.2688107461142315e-13
2838 4.724756288331682e-11
2839 0.009276022109682624
2840 0.00030309742463595195
2841 0.010360008423128399
2842 0.1529390935660281
2843 0.043795166331518635
2844 0.010809192758478364
2845 2.3186392506513984e-13
2846 7.250290085587129e-12
2847 8.491861186889841e-07
2848 1.8479266302635231e-09
2849 1.9613529865041025e-10
2850 1.3624164546849338e-06
2851 1.659327336586031e-05
2852 6.70120574109819e-12
2853 6.943866417912127e-12
2854 3.3372027484175016e-12
2855 3.416860206657233e-05
2856 0.010401284596679222
2857 1.583067365703162e-19
2858 0.004496691332045924
2859 0.004433162968459988
2860 3.27592586995988e-06
2861 4.326241376546278e-07
2862 1.5610587093250877e-16
2863 0.007579503358714295
2864 1.5219923213521726e-06
2865 6.951069736290903e-14
2866 0.008817747771713548
2867 2.999245204409154e-11
2868 5.384536880210414e-10
2869 0.0053903435050386495
2870 7.923521824295673e-16
2871 4.1886081983156244e-05
2872 0.005774098365821418
2873 1.7711657004744724e-10
2874 1.0776617931620021e-17
2875 0.0003762692266975438
2876 5.230489101388016e-05
2877 4.025255954202815e-12
2878 4.0172791593098975e-10
2879 1.0308826714760713e-12
2880 0.002598265293620892
2881 2.1044437055835796e-06
2882 4.3589838743031016e-08
2883 9.968138903088738e-13
2884 2.1301888308589493e-06
2885 1.0324511619011194e-12
2886 2.445804960919578e-07
2887 1.6212949950136014e-13
2888 1.5434660492087202e-12
2889 1.8243222917207768e-10
2890 0.510218595525317
2891 5.056934711660598e-10
2892 9.05995945003242e-08
2893 1.3467839545502931e-13
2894 1.3877613140307721e-08
2895 8.778753478484078e-13
2896 7.929135177804189e-10
2897 0.11915086252575037
2898 7.364787451051335e-13
2899 0.03585859327243289
2900 6.464318721761144e-09
2901 1.012218831575751e-12
2902 7.829919356982924e-09
2903 0.05530628494342367
2904 3.596635796452184e-14
2905 4.771415006172111e-07
2906 8.877802725904082e-10
2907 1.4441576709727967e-11
2908 0.020031048583477044
2909 0.43174547207328146
2910 1.5911700441175543e-06
2911 0.36884224613712047
2912 4.516472415332515e-05
2913 9.609468487839158e-05
2914 0.022561143820981552
2915 8.559342537672911e-20
2916 1.3513207694788341e-11
2917 1.9174437571922875e-12
2918 0.3036766813759899
2919 4.8855703323779865e-08
2920 1.8447160845178947e-07
2921 1.3531503496212413e-12
2922 5.568967124668296e-10
2923 0.02421920343307571
2924 2.300997267573813e-10
2925 1.818849394833014e-06
2926 0.3128313723498607
2927 0.005818110859075403
2928 2.856054168205727e-10
2929 5.351725697113636e-14
2930 0.003003469819210155
2931 0.0005705502581661697
2932 0.00019637088141963527
2933 0.006987594158845759
2934 0.011889998100718828
2935 0.033031719405482156
2936 0.0012281235336017854
2937 0.0009524484703349265
2938 6.50196288769305e-10
2939 0.018364386651605603
2940 1.8471772002749273e-09
2941 0.012145520407687906
2942 0.12564118022951648
2943 0.001947795939826595
2944 4.989106378304295e-05
2945 0.24702705882539283
2946 0.015283871686690173
2947 2.9789706422222683e-08
2948 0.0022717240453560992
2949 0.009454813095832758
2950 5.743039780947951e-15
2951 6.159492573616444e-17
2952 0.10231327090710493
2953 0.005919291657852843
2954 8.557951081926522e-11
2955 3.4853537917113243e-15
2956 1.7687065930438638e-13
2957 3.492997538018372e-09
2958 1.4497749222245523e-10
2959 6.854229254893811e-13
2960 0.04643777801490242
2961 0.014224150900277798
2962 9.999925230310775e-07
2963 0.012145009767121543
2964 0.0026641342902592887
2965 3.829012110269944e-11
2966 0.0015966127288321935
2967 0.009318556531514284
2968 1.0073494657619567e-10
2969 1.803091562579563e-09
2970 3.9420872210617436e-11
2971 1.643315515745891e-09
2972 6.264003957989753e-12
2973 1.1877469223130734e-09
2974 0.007058907749978543
2975 8.734821255353751e-13
2976 1.782307298561599e-15
2977 0.010271384310572519
2978 2.935890899983137e-09
2979 0.004757313173604397
2980 2.831554436920792e-16
2981 6.501363814735368e-14
2982 0.004070601130343874
2983 2.28899641494847e-14
2984 2.6100303031551007e-11
2985 3.584145585317567e-10
2986 0.06571166582330516
2987 1.0917441863445251e-07
2988 0.05796882217871921
2989 1.1813230110821379e-08
2990 6.373999045237257e-08
2991 0.01938899337081661
2992 0.012471165816849362
2993 5.305925040358818e-07
2994 5.248806639338674e-16
2995 0.00013573367013691782
2996 7.938964634564661e-09
2997 7.772644536243222e-15
2998 0.0008724463579433112
2999 0.009728806355610665
3000 1.192644551797925e-23
3001 2.960446038269509e-09
3002 0.00021067323079086
3003 0.05895067125538217
3004 1.603530565786894e-05
3005 0.00020421257903781043
3006 6.608750203747627e-10
3007 4.508130574604202e-05
3008 2.687359736285987e-13
3009 1.586404003999806e-10
3010 1.0581759436378232e-08
3011 3.841790954394258e-13
3012 3.2986318400668485e-08
3013 0.03995903498323772
3014 1.2759945343378303e-08
3015 3.3847317194502e-10
3016 8.440133495685127e-09
3017 6.185179123035838e-11
3018 0.11402885735803332
3019 4.1841969667488484e-11
3020 4.051262638017027e-12
3021 1.5089526163460444e-07
3022 2.651984507256883e-10
3023 8.099985294645063e-11
3024 0.4267039355377757
3025 8.187334456971897e-12
3026 0.6523769539194958
3027 0.6681419006802959
3028 0.6164554705550714
3029 0.6874558886720028
3030 3.3449545474468903e-29
3031 5.702127600702329e-12
3032 0.6620739500891506
3033 0.30637151226438303
3034 0.7719464335760158
3035 8.254835303918259e-13
3036 0.5271877419331814
3037 1.857922277428748e-08
3038 0.43241227067384574
3039 0.5914139180497362
3040 6.5524496229902075e-15
3041 0.5678595290128146
3042 1.3653777252054969e-09
3043 0.5586566977698709
3044 0.08029782949856734
3045 0.00032815118935162633
3046 0.4859415143720401
3047 0.39501530704460996
3048 9.922175872822822e-12
3049 1.7968779845217273e-22
3050 1.2436160185502294e-19
3051 1.3186406016989401e-13
3052 1.5200064890598701e-15
3053 9.703603412172485e-28
3054 0.2940750619034165
3055 3.651572873079194e-11
3056 0.10240189061550158
3057 1.578330506026001e-21
3058 0.055751996747429526
3059 1.1346024040389833e-09
3060 0.1411484692065493
3061 3.5283534726944367e-10
3062 1.248153206013711e-07
3063 1.5844335499845645e-12
3064 2.179319762572149e-10
3065 0.0006473461677324441
3066 2.3576482915215228e-11
3067 5.589028566526929e-12
3068 6.4216421654192445e-12
3069 4.609191444735024e-12
3070 3.7833381506199905e-12
3071 1.3543372017883603e-13
3072 1.2566989340048684e-12
3073 3.2533209686024776e-13
3074 2.811080501646575e-13
3075 0.0011128035222849144
3076 2.915357447086291e-05
3077 1.5941757227393727e-08
3078 8.411981653524279e-31
3079 3.4580142111024374e-14
3080 1.411760948155876e-23
3081 0.04268284789709734
3082 4.5298666496147095e-10
3083 4.839117063816406e-08
3084 5.143499004535993e-15
3085 1.0833412973262722e-16
3086 1.110334139151903e-15
3087 8.933743277336982e-17
3088 3.1313724172426316e-15
3089 1.9132744542714464e-17
3090 1.0258606997447457e-11
3091 3.797334484259564e-18
3092 0.10167109859256605
3093 1.9935004984123078e-20
3094 5.742600096748295e-20
3095 7.090390190945485e-14
3096 7.444316956245459e-06
3097 0.0009708819392256734
3098 2.7282429945709005e-17
3099 1.2195594251284242e-06
3100 2.283239877539652e-06
3101 1.5144470832909553e-12
3102 8.528682625269643e-24
3103 1.8816924142085274e-22
3104 8.271792801940864e-15
3105 1.3731765149346976e-26
3106 1.540157248720353e-17
3107 3.86975980790908e-15
3108 0.00617035688225422
3109 0.08863879395237606
3110 8.684165886805478e-14
3111 2.440942117112636e-15
3112 0.6947908598487951
3113 0.7650651610504721
3114 0.8184064406251911
3115 5.2278315172163285e-22
3116 1.7656051112173869e-22
3117 4.426412397892143e-08
3118 5.235573930589837e-06
3119 2.862603009453629e-07
3120 0.5046386876729329
3121 1.3487071196715837e-07
3122 0.8051158787452897
3123 4.754582948184943e-15
3124 2.514171711858417e-07
3125 0.37355124059862777
3126 7.072693009383946e-21
3127 0.5705544897022361
3128 0.015208050996025185
3129 0.20135841870208562
3130 3.675561397172674e-22
3131 5.884366586593928e-10
3132 1.5476551551680101e-09
3133 0.006822589187782191
3134 1.5074373429023665e-09
3135 0.010165468227878161
3136 7.404919175929625e-16
3137 0.04096669639283407
3138 7.92988436502736e-14
3139 4.497271868890625e-11
3140 1.12846129811428e-21
3141 3.371080645681078e-10
3142 0.0282087761500398
3143 5.666082530169865e-13
3144 0.0005676838935810295
3145 9.140250334071523e-09
3146 1.7992691070584349e-16
3147 3.357381286910474e-11
3148 1.528295181373215e-13
3149 9.274566017820844e-18
3150 1.5625081028460439e-15
3151 4.404507779162568e-20
3152 1.1753016646635216e-22
3153 0.0003848728330725205
3154 2.346001004580232e-28
3155 5.558714355257812e-35
3156 7.681915284722667e-08
3157 2.3750735932939273e-15
3158 0.029818752518102717
3159 0.008859232410284731
3160 0.020241796632162173
3161 8.132890976975e-16
3162 4.818898966799872e-06
3163 4.0499397878707693e-16
3164 9.159391904550403e-21
3165 2.3579801193446753e-12
3166 6.846577543820898e-16
3167 1.235324310682357e-07
3168 2.9298749290309577e-07
3169 6.153446938054828e-18
3170 4.569483317861839e-19
3171 0.0001879658128015796
3172 2.879542665999439e-18
3173 1.3131435402835842e-14
3174 2.9111352387873803e-16
3175 1.4519890504566633e-07
3176 2.1142019936444482e-07
3177 0.0007608779103868545
3178 3.8529462570050025e-16
3179 1.7818459561901458e-19
3180 0.03799702853001451
3181 4.024817834344935e-08
3182 1.3688082019344758e-07
3183 1.6698934076166914e-12
3184 0.01725980632584462
3185 2.2082719337314774e-23
3186 5.621210482454845e-26
3187 7.696949239402554e-21
3188 7.048741534974777e-15
3189 1.901330773540157e-16
3190 1.9983431740693815e-22
3191 1.1047939891714427e-20
3192 9.80747787852809e-21
3193 0.04589499622376128
3194 0.03621498942011619
3195 0.028732467578779865
3196 5.429124566460489e-20
3197 1.586495043810526e-07
3198 2.4873167322701965e-17
3199 5.496274327218004e-15
3200 2.712908148062441e-12
3201 2.674692768619972e-23
3202 0.007506828227028729
3203 2.8508123760068554e-16
3204 1.802186766183222e-13
3205 1.1019873941372071e-12
3206 0.03970688987858772
3207 0.06002215292666696
3208 1.419832277633051e-14
3209 2.6401555584293306e-17
3210 4.654174498429827e-16
3211 6.083504045481382e-07
3212 3.3744736850731963e-16
3213 0.10530228369939267
3214 8.002064008629014e-21
3215 1.7380158483190353e-17
3216 5.379370123034688e-18
3217 0.07811397204225143
3218 3.397370099986764e-08
3219 3.1102476713543093e-06
3220 1.4636030861203486e-10
3221 3.849038332017881e-15
3222 1.0625383172185243e-19
3223 3.2130761897909824e-13
3224 5.694704976902446e-16
3225 9.861308077401169e-14
3226 9.950780001935729e-15
3227 9.116151114336684e-21
3228 4.9449595780267196e-17
3229 3.3417571445233257e-18
3230 9.759992194139529e-16
3231 1.3104318007691202e-14
3232 1.262283938591366e-18
3233 2.91504677363611e-13
3234 1.9970036527055775e-16
3235 1.766357283596855e-21
3236 1.9265843594871526e-22
3237 8.50354820216402e-17
3238 2.656077232835775e-05
3239 6.8424783720502714e-06
3240 1.4855618114614662e-08
3241 2.5333919658720757e-20
3242 0.007527331187179899
3243 6.812426216915242e-18
3244 4.2259982073112986e-13
3245 1.1161174279623208e-07
3246 7.281506082417617e-15
3247 1.871848698142563e-09
3248 3.103066476899181e-06
3249 1.1608676635132697e-13
3250 4.543537210175251e-10
3251 3.7418299016604283e-19
3252 4.734192111037526e-09
3253 0.007382060544772282
3254 1.6943745005935624e-08
3255 9.37603669685491e-07
3256 2.595345411490742e-20
3257 2.072639134998722e-18
3258 3.072748151045721e-11
3259 3.077662358548512e-18
3260 3.874439634976459e-18
3261 1.3431049113079132e-17
3262 7.01558912902512e-16
3263 4.0008998856247285e-17
3264 0.04457622030324982
3265 4.302974268235503e-16
3266 6.213610620497906e-17
3267 0.01280715675912334
3268 2.2387172220136447e-06
3269 2.5211024157766603e-10
3270 2.9186506403710835e-08
3271 4.611836190663623e-24
3272 2.0369272998972556e-24
3273 1.6704300419234736e-09
3274 5.586989918583511e-14
3275 7.439435982533597e-18
3276 2.11929823378464e-08
3277 0.0017597996472672258
3278 0.00014535266625530452
3279 1.8413697813103817e-06
3280 5.163105556646948e-09
3281 4.6021100819560456e-14
3282 1.0181352810034232e-18
3283 4.540169290001822e-16
3284 0.11145373451009584
3285 0.16219267494071354
3286 1.9820076487850047e-19
3287 1.0044960164949857e-17
3288 0.046932890395626245
3289 3.058814867958568e-12
3290 4.2826127739045434e-16
3291 3.539209278406557e-16
3292 1.2991802501591376e-10
3293 8.259040879564608e-22
3294 9.30054798696799e-17
3295 2.5137403250167647e-18
3296 1.803003750647427e-22
3297 2.4874694772309224e-14
3298 2.1908478029612944e-16
3299 2.8365123082619136e-08
3300 2.3797365384713297e-07
3301 2.4852620201032636e-15
3302 1.4894037217638736e-22
3303 2.9092083344521756e-15
3304 8.79927040663355e-23
3305 9.224422729460808e-16
3306 4.8922776465545814e-06
3307 2.165265694860528e-12
3308 1.2446326462397744e-26
3309 1.4138894480992457e-20
3310 4.187393377374665e-18
3311 9.4608480974227e-11
3312 1.288257339098762e-08
3313 5.47642461362676e-15
3314 2.1469304000996236e-28
3315 2.083301232203828e-06
3316 0.019570284692230953
3317 1.8554701304383679e-16
3318 5.940341431445906e-06
3319 4.9874523157667394e-33
3320 3.5621787264203134e-07
3321 3.1072714358553517e-12
3322 1.755616530391833e-06
3323 0.009866877158483896
3324 3.655854879671409e-21
3325 4.270929226243104e-06
3326 3.738206496191554e-16
3327 0.025976024597763908
3328 1.3998187059937117e-08
3329 2.446112950631855e-18
3330 5.975618967069514e-10
3331 6.7192442688362e-07
3332 5.5859868467139944e-08
3333 0.009284062244855097
3334 9.651875786604225e-18
3335 0.014247209404642176
3336 9.932814053660097e-17
3337 2.702064599614761e-11
3338 7.39184481027079e-26
3339 0.015097893096438995
3340 0.027476430722757836
3341 6.647858899563628e-05
3342 7.790345252864596e-17
3343 6.790095755799511e-18
3344 3.4118804776196664e-16
3345 3.1005979792190724e-09
3346 7.593832610827985e-28
3347 2.3681212779385836e-17
3348 1.0557285476308868e-24
3349 2.1258086673515456e-14
3350 0.04168687294078172
3351 0.030336377603174234
3352 8.656482882894929e-14
3353 1.6287693246608802e-19
3354 0.044983546834202984
3355 3.581921345368575e-19
3356 3.749510377551891e-08
3357 9.649209117114907e-17
3358 2.381420659104178e-18
3359 1.478223674567946e-11
3360 0.020702612746502858
3361 1.1044707121648824e-20
3362 9.274458145417494e-18
3363 8.532052037426878e-10
3364 0.03426787390916666
3365 5.787155479420086e-21
3366 8.665596737134058e-25
3367 0.04302859004644067
3368 2.3156434934223396e-21
3369 6.184388516439092e-08
3370 2.741688707748579e-19
3371 5.697910819972685e-07
3372 0.022739844947671208
3373 0.010208047317889199
3374 0.025097823679178954
3375 5.48433241621745e-20
3376 1.1015783664130095e-12
3377 0.004452426025557907
3378 5.7397879968795747e-08
3379 4.288128617303746e-23
3380 2.311975279496135e-22
3381 0.02294276239871493
3382 1.2252784399546438e-09
3383 1.9150149384494125e-06
3384 3.30826110938826e-28
3385 0.012173807111759829
3386 9.126819506305258e-07
3387 2.263778011920913e-17
3388 2.5031975876181987e-11
3389 4.696457431803551e-17
3390 0.11344309134899272
3391 3.0681564830240147e-10
3392 0.0023319118482711828
3393 3.914320838489179e-08
3394 6.425493488164576e-08
3395 1.2671395628230279e-19
3396 0.008950211938197887
3397 2.1927622333451944e-16
3398 1.1801628981602296e-16
3399 3.089606050753079e-09
3400 2.3084443147601356e-14
3401 0.04793466043193742
3402 1.4806942264880888e-14
3403 0.0016476268943386421
3404 2.570200114745605e-08
3405 2.0731580628477962e-13
3406 3.2688538530491507e-18
3407 1.2052255562057798e-11
3408 4.6948792821536485e-23
3409 0.013011292995971022
3410 3.941748817960583e-11
3411 0.0019706439842179947
3412 4.958532817596991e-09
3413 3.044440179877676e-08
3414 7.691528667659671e-17
3415 3.1080301286551687e-07
3416 4.550579671637256e-16
3417 2.6223588562997797e-20
3418 1.4878268923248125e-10
3419 1.1750762131720632e-10
3420 4.673536038435332e-13
3421 1.0243510296774064e-21
3422 1.7360182177507724e-18
3423 1.4508882677124246e-06
3424 1.589650012917649e-16
3425 4.683039140229469e-17
3426 1.3909909427610765e-16
3427 1.790354347897748e-17
3428 1.3089116134807606e-11
3429 2.0243326438702054e-21
3430 3.0694782229297784e-17
3431 4.4009679591795655e-10
3432 3.82127725478005e-06
3433 7.79359185891772e-09
3434 8.175548942212627e-08
3435 5.553721995521329e-19
3436 1.0617006286023053e-09
3437 1.1306978037708746e-19
3438 2.377083962695268e-10
3439 6.624439605251059e-07
3440 5.517697087193633e-09
3441 0.07033525379865288
3442 1.426861826674156e-06
3443 6.270837977559015e-08
3444 4.449340639796056e-10
3445 9.298922658445087e-17
3446 4.3190050572454785e-05
3447 1.2069050630576599e-20
3448 8.521886883965863e-10
3449 7.556760665301664e-11
3450 5.262905605440136e-24
3451 0.02177859082930498
3452 8.164569562278877e-14
3453 1.8677817798297044e-10
3454 4.7733421602620096e-18
3455 6.944631287273434e-24
3456 1.0381830617767015e-10
3457 8.310007222459042e-07
3458 1.5575325129613647e-14
3459 7.830534132475484e-17
3460 1.34515436632784e-15
3461 2.50363859265763e-16
3462 6.1551830429569335e-27
3463 1.5570991980525906e-07
3464 2.849029200775795e-17
3465 1.0778683323131673e-17
3466 1.895443197517477e-23
3467 0.03497509209572542
3468 3.578084670101961e-08
3469 0.0001519535712138617
3470 8.456966343974368e-08
3471 4.368676586108451e-20
3472 7.355873059236782e-21
3473 2.2608789476717952e-20
3474 1.865679653554479e-17
3475 0.013470076735012698
3476 5.519722144602274e-17
3477 5.807458406729447e-27
3478 2.8809238804981566e-09
3479 2.196708908858844e-18
3480 5.265356846277379e-06
3481 1.694563027295257e-15
3482 3.6969384026021727e-19
3483 9.813764494541608e-10
3484 5.78871233198141e-19
3485 6.47752578307871e-06
3486 2.195307163303926e-06
3487 0.16790730374482557
3488 7.164985225887113e-15
3489 0.0004662732091075537
3490 9.630603844721634e-09
3491 6.252601883832075e-07
3492 9.532099008138325e-11
3493 7.41664897954453e-16
3494 1.8058283069422661e-16
3495 9.63149886668394e-12
3496 8.45915781005342e-14
3497 6.1312803699632595e-18
3498 7.288075675322732e-22
3499 1.652691328068868e-15
3500 1.2169865769591796e-08
3501 2.993119900092726e-17
3502 6.24820959468312e-17
3503 5.194703491250859e-10
3504 6.36471647800834e-06
3505 0.040283113407310084
3506 3.781013854736489e-07
3507 8.617890826865088e-11
3508 3.7207756960714013e-23
3509 1.5118856871342407e-10
3510 5.158187927791419e-09
3511 1.3768076424762555e-19
3512 7.688783076535533e-11
3513 7.062652091563437e-09
3514 2.3853372479915433e-17
3515 0.005562578588772316
3516 6.2221680981914705e-22
3517 1.7252011211327596e-07
3518 8.539964588656324e-12
3519 9.384441850381942e-15
3520 4.1931750753165926e-21
3521 0.06283293469304121
3522 1.2578120626978306e-15
3523 3.2069115435928773e-20
3524 5.8506196623826665e-25
3525 0.022404587490881627
3526 8.802046530727825e-11
3527 1.6865339397688104e-26
3528 2.5773623779312366e-26
3529 8.495821927743498e-20
3530 2.3370531030521884e-20
3531 8.992316127717658e-17
3532 4.787951605240434e-15
3533 0.07475657700489888
