0 4.665934240428419e-06
1 9.423812536121417e-06
2 2.8254404654399845e-11
3 9.651866075627227e-06
4 1.476622194764985e-07
5 3.616362497108181e-07
6 4.652022532130257e-09
7 1.3937874463632433e-12
8 2.001444145970662e-18
9 1.3568247467803095e-27
10 3.226616537388677e-07
11 3.4387534021503075e-14
12 2.585842350434698e-07
13 2.4517890992134374e-26
14 0.00038239459866436893
15 2.5512359390035447e-08
16 2.076006391498859e-10
17 2.069067426415671e-06
18 4.635459651456823e-12
19 1.7861743864722856e-13
20 3.856310521055461e-09
21 9.336945302770687e-10
22 0.0034772655827870836
23 7.504301163898922e-09
24 8.428047917000876e-06
25 1.6086935789803796e-05
26 3.002050979358471e-22
27 6.26028439261533e-26
28 9.351893847706564e-06
29 1.8260655604989137e-09
30 3.1059441946518027e-25
31 0.0001344924023384399
32 2.055110562737616e-40
33 1.7982055236163615e-08
34 1.3686899276480224e-09
35 3.9122213176949835e-12
36 8.153041416788452e-06
37 7.228702686089096e-16
38 6.341363455815491e-06
39 0.00021182719270863322
40 3.1462929237263827e-19
41 3.1265622700618124e-25
42 3.554187484693336e-14
43 1.2614991638073176e-05
44 1.9683782088175358e-08
45 6.789494741320527e-08
46 3.133553119310637e-07
47 0.00293259246271241
48 9.83956081264136e-05
49 5.355982348980824e-11
50 3.306550695355885e-09
51 2.3543692296415748e-11
52 5.386805966706773e-13
53 5.971037758985336e-08
54 6.694922343992193e-05
55 6.121028775423618e-06
56 1.3608351599640516e-05
57 1.492084478769347e-23
58 2.308274128778581e-07
59 8.568867939085215e-09
60 8.013756641492024e-06
61 2.6437458037356436e-13
62 0.002139925020494706
63 6.293500966485764e-06
64 4.914741680374132e-07
65 6.88621848367291e-10
66 1.3418609677409203e-09
67 1.0289596631401182e-19
68 3.331920462127955e-08
69 1.1276588234770221e-07
70 3.369848811465231e-13
71 0.0001794510070653442
72 6.067281812269889e-32
73 8.117854879302288e-39
74 3.2097349009563456e-14
75 2.904264913618474e-14
76 2.5292668692678433e-05
77 2.366286774749244e-06
78 0.0001462883210467314
79 0.004069680404274859
80 2.576017885127057e-11
81 1.7476046830465635e-14
82 2.155863837673307e-11
83 2.4901363461743525e-37
84 9.012655027673944e-13
85 3.8809288339761445e-08
86 1.5797327400654165e-08
87 9.274719488141897e-05
88 5.759541545222503e-05
89 0.002047257669506859
90 1.2337661167682632e-11
91 9.456709148249564e-12
92 2.5326976127910612e-11
93 0.0013873237111913053
94 3.67875295906287e-28
95 4.785312691173203e-24
96 3.9648475001000246e-13
97 3.113091487924393e-05
98 0.0007557776866438583
99 0.0009334197190840476
100 3.1873581621487604e-06
101 0.002974853066850891
102 1.5456253906024063e-05
103 0.0008907284034744056
104 2.1589364465615297e-13
105 4.410046924091506e-25
106 2.8370368452653152e-14
107 0.0005528511710599424
108 4.891272062651922e-16
109 5.8601308538552033e-08
110 1.2033749548154736e-07
111 1.6997953751033291e-31
112 0.0029689495375373196
113 2.482120231164113e-18
114 0.0001440563867045163
115 1.2143950160815613e-07
116 1.7276201533967087e-12
117 3.2057509076014604e-14
118 1.3197739146482216e-12
119 8.527677291935344e-07
120 3.6283266680527073e-06
121 1.9288194596599085e-13
122 3.766987177640997e-12
123 8.398894419878265e-12
124 6.565944058684403e-11
125 7.819940677741227e-08
126 2.469562827623133e-05
127 4.137500624522579e-05
128 0.0008215727371886764
129 2.3655383036797128e-05
130 1.4840985561529413e-05
131 4.617910807537124e-40
132 2.4391135189554064e-05
133 1.0108758402235528e-07
134 4.833034384562056e-15
135 3.602360441127527e-33
136 2.658790283494289e-11
137 3.240038455244172e-18
138 2.5724541271214734e-22
139 0.00015226776398662866
140 0.00010735869290450988
141 6.596886720380448e-07
142 3.458465125667719e-05
143 5.93944169308456e-13
144 8.701631472936755e-05
145 7.90514486478431e-07
146 0.0004622698400042198
147 0.00014553047595666476
148 7.041096037012867e-17
149 2.4595681900515536e-08
150 1.892346754182107e-05
151 1.9534036316273617e-05
152 0.0007591579547611841
153 6.069809731061378e-20
154 6.382717147544931e-08
155 7.912759974041785e-05
156 0.00025448187653206604
157 8.157620423847677e-08
158 1.167595798822113e-05
159 0.003987644553061241
160 0.0006700615098382117
161 1.500148293433258e-12
162 1.168540555627084e-31
163 0.0006314495519056141
164 1.6679376638233617e-07
165 0.00011838873440947912
166 3.067291258021387e-09
167 8.188766554629711e-07
168 1.0039478399155912e-20
169 3.070809357701757e-09
170 3.7754403227535724e-06
171 6.0430800064421776e-24
172 1.5982402826991545e-08
173 8.9701388905585e-07
174 0.0007225501483085524
175 7.291399632175686e-06
176 2.51323505704733e-13
177 0.01684002429869206
178 1.4833681899798544e-13
179 6.224421055570994e-14
180 0.022662312542631093
181 2.1716182866730393e-28
182 2.02077594784116e-05
183 6.869191135558096e-08
184 8.69802104475074e-07
185 0.00042888538156278424
186 2.5246210381484952e-08
187 2.512736006417455e-07
188 5.918348277848008e-06
189 0.0002160590960135438
190 5.078994706965411e-06
191 0.0024046140856136488
192 0.0005479520557007162
193 6.609575840822999e-30
194 2.8515311884838147e-14
195 1.3491075199200976e-06
196 4.669766041414473e-07
197 8.765976061144909e-11
198 6.736341732980927e-05
199 6.682790710065376e-15
200 1.0070415613850425e-06
201 6.078520200099533e-08
202 1.5663625130677106e-06
203 1.2198527535312796e-17
204 1.6425108467048603e-16
205 3.472187228925307e-08
206 1.7565910316857083e-07
207 9.927952922063625e-10
208 8.153558470575235e-05
209 9.783326641557277e-05
210 8.914521842018067e-18
211 0.0047435739818782454
212 1.4152270369221637e-07
213 2.1016501995365172e-16
214 0.00136624465385942
215 1.1595333171106144e-08
216 3.2405223099993996e-23
217 4.010098769699703e-08
218 2.1329163318959122e-06
219 0.00029468705622008373
220 3.4798925949945503e-13
221 4.4965536076657686e-13
222 5.5747391490481106e-05
223 5.506568043830535e-14
224 2.3514463011804436e-19
225 0.0008861728005958427
226 0.0016499606668005028
227 1.9556339450991882e-25
228 4.689434326607508e-07
229 1.0758637957535585e-13
230 2.957788034655847e-14
231 2.5646817962236634e-14
232 0.003248138872632466
233 6.041835786971047e-07
234 2.301696467632646e-12
235 8.286988280427215e-30
236 0.0025112411858485223
237 1.999468819605371e-24
238 2.8025232887557395e-07
239 3.212819312687083e-21
240 0.00010948228060121996
241 3.9222821673402446e-05
242 3.99923965344333e-20
243 1.76500471091965e-06
244 9.219948450100207e-05
245 7.186824808999398e-20
246 1.0240942792857594e-23
247 0.00013498957133628635
248 3.9971899700351625e-40
249 0.10893603589396823
250 1.4566845840965766e-07
251 1.5959257837731242e-38
252 0.0022781293750313383
253 2.5486007699949798e-05
254 5.319545466665016e-22
255 1.6309165620130606e-05
256 4.114789311783193e-12
257 4.869284626138805e-34
258 1.3573444526955838e-12
259 1.0618196268219427e-23
260 4.25585718746404e-10
261 1.4669697559665755e-11
262 0.000750735357756657
263 0.05361497084753324
264 6.043110150321969e-05
265 0.05155635873380963
266 3.8197182325335445e-14
267 0.0005466508072728598
268 0.001726672051229599
269 0.011972013763136441
270 1.5290228371689026e-05
271 0.017726715609297148
272 0.014998139842072634
273 1.7039235477081554e-15
274 0.3664162138911864
275 2.0139530492017837e-12
276 0.15486923489394744
277 0.13843159420719311
278 8.759273847268409e-14
279 2.5862989246071155e-25
280 3.0865525935199865e-09
281 9.864252722759005e-05
282 0.0006513806082829493
283 7.244583849717655e-33
284 3.5830251514700425e-05
285 0.033030167499526586
286 0.04770220876710106
287 9.80710114016354e-13
288 2.1620925169679562e-28
289 0.000591961588953174
290 0.02304646692189649
291 0.0005059630453896829
292 0.19049174271101565
293 4.928089727918596e-08
294 4.652117608027915e-27
295 5.407798955687988e-05
296 0.046186798777345245
297 0.001300180305550033
298 0.001975010114609353
299 0.056094914171032975
300 4.171491272638968e-05
301 0.013123187368607502
302 9.236861935553934e-05
303 1.589783164982676e-21
304 1.8136218373924317e-07
305 0.00033207957930288826
306 1.3856498075040431e-06
307 2.5687939746296124e-05
308 7.899298291527073e-05
309 0.303634189351527
310 0.16214806625416087
311 0.14991926410081766
312 0.21793357732379912
313 2.0723381968511683e-06
314 5.2682116913633155e-08
315 3.4318617191282626e-07
316 0.23637688830963943
317 0.012498728837648649
318 0.13842988420590505
319 4.979424535930665e-14
320 6.173215514747875e-09
321 0.19707451651574653
322 7.646316169606709e-05
323 0.16003542650446662
324 0.0002413124563989755
325 0.15668189391765958
326 0.057592551533848624
327 0.18676396388724276
328 3.2431350099687594e-09
329 0.15263869680749784
330 0.1331701725342802
331 0.0001962898986291174
332 0.2663329836236967
333 0.013689569690390854
334 0.49974914689979877
335 0.09898111289212573
336 0.08837067588240369
337 0.5321166031816348
338 0.5443343342678189
339 0.07630309664728868
340 0.598492772608048
341 0.012799212645925128
342 9.308050186155793e-09
343 0.08465368184287848
344 3.5836746766708197e-12
345 0.10672506255540427
346 0.12517326188833056
347 0.019927910579560667
348 0.6201192675582131
349 0.5507380377929016
350 0.048992676469956184
351 4.972053897349818e-12
352 0.0004876010462554723
353 1.648717737803464e-05
354 0.44458503071153666
355 0.5130722843734701
356 0.019206796759430763
357 0.5986390015273942
358 0.053149090492224334
359 1.7120802417882197e-30
360 3.2873327152091784e-17
361 0.19792777667982522
362 0.0002466506249860387
363 0.07351123607640697
364 1.5548061299825206e-10
365 3.978330157770423e-09
366 9.252864176396746e-18
367 0.0036542604448808005
368 0.0008177249014652393
369 0.5326429300453395
370 0.008305237513795886
371 0.0019367702136215176
372 0.009124206452905691
373 3.841066171766619e-06
374 4.880862505593258e-05
375 0.35839788298293146
376 0.00041845753239298577
377 4.850707094808082e-13
378 0.0006979963674321325
379 0.44408364946864654
380 0.3393205653696434
381 0.0015868309881575714
382 3.0115046012050783e-10
383 0.022003486374079017
384 0.0903918097039031
385 8.115314673373118e-18
386 0.23346203334443122
387 3.6397769140939836e-06
388 0.0007600093836166934
389 2.8224204723728752e-09
390 0.10989982194909713
391 0.21427780178190167
392 0.02229176960665301
393 0.15647865835922445
394 0.1178377058937583
395 0.09239779323509047
396 0.16157673996421285
397 5.049393364485828e-12
398 0.1970667139728938
399 0.0024151857305452153
400 0.0007886218871888052
401 0.15834118831508948
402 4.4260318430422157e-17
403 0.005473474733986608
404 0.09265846372843174
405 0.0018827541808915521
406 0.1209589965615868
407 0.2953294450154432
408 6.696775560053005e-05
409 0.004035076268921916
410 0.0010169457303157248
411 1.4123535387703016e-11
412 5.4419357869695934e-27
413 0.06501428839494228
414 3.2335263242258747e-21
415 5.25843966408052e-24
416 0.07357833470125252
417 0.07007564587159645
418 4.876347683801206e-06
419 0.09861395208812745
420 0.034220332208547054
421 0.056422713991967494
422 0.049399302833091206
423 7.519061361002257e-17
424 0.04013105843653413
425 1.9747342885207538e-29
426 0.03601176228571484
427 0.06026459247582782
428 0.08015834022097876
429 1.4074168197833757e-17
430 0.10471231083517574
431 2.6903726783694536e-18
432 0.0020991278839893332
433 0.0002121605365233573
434 5.128224919740722e-09
435 1.4704974174860126e-05
436 0.17700740076110186
437 0.017221612809588845
438 0.027739706286930566
439 0.011004997576739855
440 0.09359583788856517
441 0.000593636141124184
442 0.009869762914159344
443 1.899944638311724e-09
444 2.8977197481310275e-18
445 0.009997619090799366
446 1.1478036678554877e-06
447 0.0955435605216083
448 8.524425371525213e-16
449 0.008586917077771912
450 0.004545289165237772
451 2.1483708942207208e-17
452 8.696872543651501e-12
453 2.8922941533996374e-06
454 1.5866415810283168e-33
455 2.3583050023523773e-05
456 2.658681886773372e-05
457 3.7838125698893215e-10
458 0.11944493482046953
459 1.3830127883344029e-05
460 5.793854049894356e-10
461 0.0034422099341472625
462 1.4931860534329472e-16
463 1.5954902734973432e-06
464 0.08434269527335529
465 0.0007003900747922389
466 0.021510527903149584
467 3.858751615041367e-06
468 0.0152018750983251
469 1.0068652269081968e-24
470 0.010543970253738214
471 0.004759492865721431
472 0.11356781326056022
473 1.0126982054252103e-05
474 3.158015790745697e-32
475 1.8823022592668837e-08
476 0.002789017242894566
477 0.0022128016301145516
478 5.255766755230459e-06
479 0.052667964667490276
480 0.3849116588072155
481 0.2958434357518304
482 0.009435748146334475
483 6.395666231566234e-06
484 0.05524513487973477
485 0.5867651500145556
486 0.08926379270900511
487 0.576634706552436
488 4.891420258056816e-13
489 6.119412772084391e-05
490 7.295146420661852e-06
491 6.503206152873322e-06
492 0.004681236563450009
493 0.0002952042002778647
494 0.38778211028703335
495 5.774096030206105e-10
496 0.0043421946140920495
497 2.4172878490289246e-05
498 4.429207011173072e-07
499 0.07941998256071693
500 0.0002011754744479992
501 0.00977306223380216
502 6.454903031431506e-06
503 0.261024502572307
504 0.24298142277054738
505 0.18672222848494482
506 0.03935049870797889
507 1.103108263624954e-07
508 1.5330785220626241e-06
509 1.7196636340825224e-07
510 2.0043799689925357e-30
511 0.027518903100422515
512 0.0026810343828872056
513 0.008512658684126321
514 4.896803551796262e-10
515 0.01227180358708844
516 0.0017105620204773211
517 2.439979686354559e-12
518 0.001179448656472024
519 1.3698258129058728e-06
520 6.149980915800951e-07
521 7.182596679281593e-09
522 2.2030658698693885e-13
523 0.04234366478843841
524 7.402400035299035e-05
525 2.5512337408592162e-15
526 2.339077817849582e-05
527 0.0019547705118571125
528 3.7786994832779476e-16
529 0.005400162911600584
530 5.843239038544011e-07
531 2.1652005353799715e-05
532 5.532414055196139e-10
533 0.05663133055701879
534 3.1543777108139114e-08
535 0.061563928561993844
536 0.015622389591655586
537 1.4573664103756997e-10
538 2.049396715087721e-07
539 1.6764100784288504e-07
540 3.06321942020249e-22
541 1.1816785810127227e-34
542 0.0047717726873882
543 0.010148990735313886
544 0.8852032390607418
545 0.00827439315008588
546 0.0003003235003405221
547 1.014977036798239e-06
548 0.011744329077625801
549 0.00909101051952761
550 0.1564288399112027
551 8.304223948445967e-12
552 1.829816764282635e-24
553 0.005515987918863919
554 0.021627551854024027
555 1.193041648746915e-06
556 0.13192255646138845
557 0.005352881499593493
558 0.1864081074969101
559 0.0031452347193180806
560 0.01668512211339069
561 0.008543473215909241
562 0.0021723325354372574
563 4.39681746838249e-12
564 9.917947885622929e-11
565 1.957558165571381e-05
566 1.1169299866918927e-10
567 5.608048459403794e-10
568 2.6636908803916716e-23
569 8.022324660023715e-05
570 0.20949612363974193
571 1.6097018657631098e-16
572 0.003996542593549638
573 0.00011569251976628484
574 3.0776489653268807e-29
575 0.003447475946914942
576 5.9801336845044914e-12
577 7.000195875182734e-06
578 3.2164343728769324e-05
579 0.0003653981975056842
580 1.7987462612944035e-06
581 2.2082890564257991e-10
582 1.8590568195294182e-07
583 0.008909509929388238
584 0.003948598413817786
585 1.3722913213580382e-13
586 0.2345764099771255
587 1.2237891147893343e-32
588 1.6872610247112866e-05
589 7.417365643663849e-13
590 0.17323566524750095
591 2.448933066431231e-05
592 0.0006657653844398546
593 9.258434543697279e-07
594 4.051072696085608e-06
595 6.535131051211089e-05
596 8.526917302120167e-38
597 4.916171409509232e-15
598 2.2142549992451143e-12
599 2.9909309458736195e-33
600 3.2702920012395354e-05
601 0.0007676672503469825
602 1.2884118336952445e-09
603 1.5284589086600355e-10
604 0.0010982835983998401
605 0.002816839722529318
606 0.006324533540112407
607 2.8155199461607514e-09
608 0.002062681764195588
609 8.622077201484277e-07
610 4.303659003791984e-08
611 0.0001443606711541388
612 0.006736314724815625
613 8.312766807376133e-09
614 3.1278816419010536e-13
615 2.519561992019449e-05
616 0.00020050734533968276
617 0.006794807350650863
618 0.001966212538795252
619 0.005015082406302547
620 7.845543823757502e-05
621 9.148236292459212e-22
622 0.0006272440149059574
623 0.16882221347495052
624 1.0732572263672991e-13
625 0.25203488757218784
626 0.2736297948622475
627 0.001980320001953758
628 0.007020923018175702
629 5.825079553639402e-13
630 0.011131203430038518
631 1.690767942385989e-13
632 4.617055256168356e-06
633 0.24279425812009378
634 5.033169773083227e-21
635 5.3324871265505546e-27
636 0.003939197180586616
637 2.813790539338634e-28
638 2.1077752290135217e-05
639 9.118494916658785e-15
640 0.005836467623218549
641 0.2877088671729738
642 0.00908077651727031
643 0.00043251893336520024
644 0.00017045643006267184
645 8.826066468709372e-14
646 0.0010233100723663587
647 0.0007176424115149322
648 0.8468076008696609
649 1.2819157248849552e-13
650 1.4183003018368963e-07
651 0.8964006067083707
652 0.19787135225448302
653 4.129363242668414e-16
654 8.735517490550766e-24
655 1.562214035195898e-30
656 0.005992900350511639
657 1.1903251624694855e-10
658 4.243187838292809e-17
659 2.3003525895590496e-15
660 1.0798177948746561e-07
661 2.4663020164860293e-30
662 3.422902974790239e-07
663 0.885452414715212
664 2.111381868359199e-09
665 4.805633772686296e-08
666 0.0003621068564595943
667 6.492238406056365e-07
668 2.850431047433601e-06
669 0.010274101909253076
670 0.02306164687214747
671 0.0008946040602516678
672 7.4746629483467e-11
673 5.857666281231809e-26
674 0.00037568040842804885
675 0.012622911221874413
676 0.02213595079120885
677 0.009551795190777345
678 0.010958420395026244
679 0.02938607188322584
680 0.0015259353312308526
681 0.0005598166729715846
682 7.961570737031993e-27
683 0.0011397822609521295
684 4.5172611965866456e-09
685 8.763422195521844e-15
686 5.964353944923825e-06
687 2.5209723121434306e-05
688 1.4320618469808448e-13
689 0.006362058234514614
690 3.322534621521789e-05
691 0.0064842654097733805
692 6.665904164318266e-14
693 5.313643888368937e-09
694 3.2627450257905344e-22
695 4.388840517460586e-05
696 9.44525197917469e-05
697 1.9430852223798533e-20
698 0.33408628784625216
699 0.000704068650901908
700 0.0003325793371310905
701 0.0002456893985746643
702 1.1214447174514648e-05
703 6.52695765126397e-05
704 2.0708070657442304e-09
705 0.0018608413338899042
706 8.240869029033813e-09
707 4.184036524034371e-05
708 2.2224022968876857e-18
709 1.0256048170445751e-22
710 1.5260061832395712e-10
711 1.781885662755417e-05
712 0.392876182003648
713 0.005840965234872422
714 5.4595413271767245e-15
715 3.8062677279485634e-20
716 0.0515926597471357
717 4.7932494419573635e-08
718 7.250423692052541e-10
719 0.004139168835046584
720 3.951029427178907e-05
721 0.00039784504041892236
722 1.5024713199538473e-05
723 0.28212668775976313
724 6.89945940847421e-06
725 4.6619843391163865e-21
726 3.0017315009994734e-05
727 1.4761612539825804e-09
728 3.764517250048845e-19
729 0.26953077959843674
730 0.005048428272193735
731 6.026386620919439e-13
732 0.009391164505192288
733 1.0968691681064788e-21
734 3.2229858187565477e-28
735 1.5331950000671977e-13
736 0.3618467558349491
737 0.042493326893414465
738 1.1501866000655491e-19
739 7.889057334824935e-21
740 0.00024342494316675607
741 1.4649238494797227e-20
742 2.198418606648215e-15
743 1.983479076157195e-05
744 0.0005982766684071668
745 1.598592438471295e-18
746 0.06307431362156764
747 4.360466171209091e-08
748 2.1881409347278428e-13
749 0.7791369019421225
750 0.09364362290337941
751 4.552252614629197e-06
752 0.005077059661199013
753 0.004877698227894341
754 7.881938279129598e-16
755 0.0007789647446447634
756 0.0004980373771656887
757 6.4551868074813545e-09
758 5.059423085098334e-21
759 0.00042423775556419075
760 0.7254019849815919
761 0.2558365439451445
762 8.378548574843632e-18
763 8.935092765791784e-05
764 0.002122445095297292
765 1.147664199112098e-06
766 0.002452422583519354
767 4.737133208402086e-28
768 3.374895592227329e-20
769 0.002585959873795204
770 6.220137793713534e-11
771 0.0010391326565627518
772 1.7760748522813798e-06
773 0.016797926287796465
774 6.468526099128303e-15
775 6.50084139167796e-05
776 0.0035891355990960616
777 2.8653898034015527e-05
778 0.39106640457263586
779 6.840036016067445e-05
780 0.00024268772903649865
781 7.94126587685097e-07
782 3.1187630174023805e-19
783 1.835511717653587e-08
784 1.885689829425631e-14
785 0.0003926634976382563
786 9.701732022838203e-29
787 6.633459656140204e-18
788 0.00034754975811703383
789 0.040601350724258405
790 0.044338825229190026
791 0.007824274546858858
792 1.7181344199718478e-14
793 0.00018824524709886274
794 4.077970996909365e-16
795 9.274727035745855e-05
796 0.03411427003178517
797 4.2707822203489204e-14
798 5.80265387801361e-12
799 0.3178357900050601
800 5.066650774063148e-05
801 0.0007758254146210305
802 9.377412624525547e-20
803 0.0002691437020657124
804 1.6883797196626627e-16
805 2.667120696566742e-18
806 4.870058529086301e-14
807 6.4925895617144e-14
808 0.3152014382354824
809 0.0005199517853175332
810 0.0005406986057551353
811 1.805426479485057e-07
812 2.4950082746639014e-12
813 8.8508830231492e-10
814 1.1140328490869812e-08
815 1.0748695236664978e-18
816 0.4389644925461393
817 1.8911491355556904e-25
818 1.1698935165622768e-05
819 1.2237150201189118e-07
820 0.02132954616570169
821 2.7938138038251872e-08
822 0.00025957713201082923
823 8.3113777688384e-26
824 0.041581693262938056
825 0.4740251457824171
826 2.808232375909316e-12
827 1.7321611283582514e-18
828 3.887494286923948e-09
829 3.637017130571874e-10
830 0.02429041072546131
831 0.0037446399493195003
832 0.03624560939455519
833 0.37763121178995535
834 0.006546509886592768
835 0.33818167632522783
836 1.7504085440087575e-12
837 0.7003042029647065
838 5.044150118188889e-07
839 0.009018785435013024
840 0.19847718292337663
841 0.0025196654441885283
842 0.006856800736678139
843 0.007197279331060427
844 0.00375175971156588
845 0.014977340236627569
846 0.0014237559378980115
847 0.4707517946460339
848 2.0447704634233557e-23
849 1.007507123131251e-15
850 0.017364596238105618
851 0.0019211838738764147
852 2.0935874607744608e-05
853 0.010752273010088933
854 1.96547867095871e-19
855 1.910504884930301e-14
856 0.31431101085397517
857 1.1809023685094442e-27
858 4.636547917635884e-29
859 0.008840950547248386
860 9.02412322806362e-12
861 2.080250870369262e-09
862 3.8450305442297903e-07
863 7.231180489935822e-05
864 0.3598093521997935
865 0.5336723438781775
866 9.326327377037298e-13
867 4.749162534930068e-05
868 0.017082687940748784
869 2.6221313999484463e-09
870 1.1058759882185895e-09
871 0.010265040715455219
872 4.649458609772506e-09
873 4.742914477476997e-07
874 1.2242497315023722e-05
875 4.486903978522293e-15
876 0.005454799594460186
877 1.0497879098061388e-05
878 0.001398953240713682
879 1.2137986637213985e-05
880 0.2064623418570115
881 0.01664496661442154
882 5.954141643451914e-07
883 3.862996790080834e-07
884 2.762767769456076e-07
885 2.7687786254805033e-07
886 0.5157400035443465
887 1.2848787929441009e-05
888 2.5128112696408036e-18
889 6.423956274213709e-09
890 0.02311190253238364
891 1.748431112098743e-11
892 0.03473052047993813
893 4.453620031768803e-05
894 6.309964791368428e-09
895 1.7337742001829037e-10
896 7.919478746771182e-09
897 0.6109948258362293
898 2.7961654715470984e-11
899 0.023748064290876777
900 2.355581724514794e-11
901 1.3088539324438992e-12
902 0.41363584868182046
903 0.0067147968742526255
904 3.2958827232720745e-12
905 0.0023774243553191608
906 0.0012575145352533314
907 1.4445121586040748e-36
908 0.0020027453735382214
909 5.749402411719033e-05
910 0.0070077163719627225
911 0.00011252161769173431
912 1.2857868660595192e-15
913 1.7583472596242135e-22
914 6.073732814036712e-09
915 0.023196276808813227
916 1.6476827280725015e-09
917 3.988317836086894e-09
918 3.3061651121296173e-10
919 3.087580421089531e-19
920 0.28211918070856534
921 2.072222395550024e-06
922 2.3301336467514013e-05
923 2.0879161647648827e-06
924 7.726399634175759e-05
925 7.205461582591504e-22
926 2.7490012745735734e-19
927 1.928860460991611e-09
928 2.2744207710405226e-05
929 7.803441515404433e-06
930 0.026658596634636
931 0.00037902552775645774
932 3.905659713555448e-08
933 3.088540462828185e-06
934 0.4278762218147377
935 1.2410537066911297e-05
936 1.6801663043124637e-06
937 0.00015461277650320515
938 8.060908625442019e-19
939 2.3156537420834944e-14
940 0.23975063290026968
941 0.023121235175093968
942 0.28743797529857273
943 2.0170080191398213e-06
944 0.0037379908089712503
945 1.8568898347548526e-06
946 0.32604083370234493
947 3.6344991598938863e-06
948 1.6616908458260255e-06
949 1.8907728917758724e-06
950 2.0911572000843807e-06
951 0.19740815976950943
952 6.951257038334761e-07
953 0.37294787216062547
954 1.8575665095449428e-06
955 0.00560640552390676
956 2.9184989202212225e-08
957 0.004741031903491431
958 0.014319365787807804
959 0.0016824675000921894
960 3.816682629107331e-05
961 5.737914889043156e-05
962 0.6256469646258821
963 0.01732866392806214
964 4.3767172240013844e-27
965 0.004444005231315773
966 0.1999521472597624
967 3.0835553499725306e-12
968 2.58014899627749e-17
969 0.013571448703742718
970 0.004765738569857583
971 4.579286007146868e-11
972 3.6859623506133694e-05
973 7.901422782935716e-05
974 0.0009448697249708713
975 0.008118555833674386
976 0.0002017600838012344
977 5.662255916111826e-05
978 1.56233543922063e-05
979 0.01475169137573501
980 3.5378444482458316e-15
981 8.012524186381645e-05
982 0.00027106237676273535
983 1.4520431206467605e-19
984 2.1359535885023158e-05
985 0.0637702961202594
986 0.006616522766451681
987 0.0006508409532038655
988 1.0549913635487416e-16
989 0.05674536503559483
990 2.7161189054201473e-13
991 0.0005299685038138836
992 0.004765075415109775
993 0.0002331526420577306
994 2.2356447941386578e-13
995 0.08004648961373448
996 8.84288455822434e-05
997 8.031356334485248e-09
998 0.3579185308241448
999 0.1406454394670294
1000 0.45505496091664555
1001 0.0005231067912130938
1002 1.3025481978896928e-06
1003 0.0038194291308560084
1004 0.04022191184964443
1005 3.9815263930255096e-08
1006 1.5193578557104216e-05
1007 1.5145313578506118e-12
1008 8.14474230787648e-07
1009 0.009511221987987173
1010 0.0009091482967755394
1011 4.494348474371573e-13
1012 7.544120198098945e-14
1013 6.19372152324475e-05
1014 1.3527543116331186e-08
1015 0.00015388672422789846
1016 3.595861544793075e-18
1017 2.1852029975454803e-05
1018 1.8979361054779289e-06
1019 0.003592224947470392
1020 0.10097827721430386
1021 0.00028882608812481653
1022 3.1307671949070405e-06
1023 0.042450086976489665
1024 0.0017375998222485486
1025 3.8539982504234955e-08
1026 0.005101159803950362
1027 0.00430035063873782
1028 0.004282089678794222
1029 0.031899269390494124
1030 0.00040597843284465534
1031 0.4871537238506597
1032 0.027977165864847203
1033 0.008639887182364003
1034 0.00039159165230764697
1035 0.004866414250209921
1036 0.02855067788932326
1037 0.00035289562596369065
1038 0.0023226727066704444
1039 0.37724619746920823
1040 0.00011921173079238939
1041 0.001087228453228504
1042 7.274594676990866e-07
1043 0.0006670003764871136
1044 6.236802695797966e-21
1045 1.2152411260748766e-13
1046 6.149036626909365e-08
1047 0.41748350892698166
1048 0.003861374782607115
1049 0.011695465370338573
1050 1.0814383389532934e-05
1051 7.043376284204338e-09
1052 0.007800465632137728
1053 0.004150505444188705
1054 0.005050191989728337
1055 0.002602828890880673
1056 2.667884179860575e-05
1057 5.309820468377854e-06
1058 0.04469306576051725
1059 0.29530729349849333
1060 0.029859836471746008
1061 8.094547916207724e-05
1062 1.7228291263273997e-07
1063 2.2134317417610878e-05
1064 4.460581566743031e-17
1065 0.04074454307487182
1066 2.5151267065839763e-21
1067 0.07607768077521115
1068 1.2880603312108388e-06
1069 0.017281902278174242
1070 5.675218143930496e-12
1071 8.541947847481658e-06
1072 1.6674521682660957e-05
1073 0.0007714312134197055
1074 0.0001586805870598385
1075 4.731392582047626e-13
1076 0.013223595696455948
1077 4.5682460608202845e-05
1078 6.227548427730937e-15
1079 0.0521078754970184
1080 0.018652103469960536
1081 0.015116640236086519
1082 1.3816155690819715e-06
1083 0.013051776211713358
1084 0.06246516287073922
1085 0.12565129972027836
1086 0.06705630055973136
1087 1.5916114340476277e-15
1088 0.053905936064544684
1089 3.3163868560483117e-06
1090 0.05486332658025605
1091 0.02466433264060408
1092 0.2277994264255602
1093 3.2281816564042027e-06
1094 0.002392116923437286
1095 0.027743120895507643
1096 0.001959866130876493
1097 0.00013685818491191305
1098 0.038621734467288844
1099 7.94710998929883e-05
1100 1.957975976711913e-11
1101 0.020632951283522664
1102 0.524264295479368
1103 0.010424098581414206
1104 0.0014815184485823826
1105 6.124027721287383e-16
1106 1.9802431675279546e-07
1107 0.4756392681689771
1108 0.005865073305301603
1109 9.623454295662335e-10
1110 0.22820234761324015
1111 1.1694835431644465e-09
1112 1.0611739394020707e-07
1113 0.12260411087356063
1114 0.015544454572323316
1115 1.143273117719511e-06
1116 0.006038006756822292
1117 1.660932120519954e-08
1118 7.523706322490174e-19
1119 0.03790025398760617
1120 2.301760012109368e-05
1121 0.00026448194976329807
1122 2.6760547501349258e-05
1123 0.0005526462813377442
1124 0.0003919596544872582
1125 0.4038234344751383
1126 0.00038455426845927315
1127 0.130232495714521
1128 1.2078758519553804e-17
1129 1.378123064489091e-10
1130 0.4406180709123164
1131 2.792203492741627e-13
1132 0.32399881711274836
1133 0.06317843548165634
1134 5.298499802269996e-19
1135 0.00022049844997111065
1136 0.0017584313097416466
1137 6.765766059991742e-08
1138 0.05040362131474581
1139 8.34337259709021e-09
1140 6.833721978634222e-07
1141 3.9921179870798364e-14
1142 3.67663503009486e-16
1143 0.00963957733298048
1144 4.111019795534062e-06
1145 5.353290889066986e-07
1146 0.026263688705821547
1147 0.07280303998182942
1148 1.7282891051593596e-05
1149 0.07289543415222462
1150 0.3163231986258879
1151 0.00019180511541692395
1152 3.861781725128267e-06
1153 0.020285027314776004
1154 3.388152798337957e-07
1155 0.03260984702548633
1156 0.021412304561642136
1157 0.28389761047659334
1158 0.009070379735828058
1159 2.878253505353135e-05
1160 3.0438921553293035e-15
1161 0.06166439484600811
1162 7.613197683701223e-10
1163 0.09109278644410616
1164 0.016203714781818507
1165 0.07081741116824722
1166 0.3765774058821524
1167 5.5057687209522365e-05
1168 0.00024240017412524808
1169 1.799380840185197e-05
1170 0.45888324298990457
1171 0.011168563536450172
1172 0.33659455834781205
1173 0.006842674120916978
1174 1.7708698590810407e-09
1175 0.3628160389486781
1176 0.024394014857652892
1177 1.3752663065323701e-06
1178 0.0003237959738160551
1179 0.019175027316578816
1180 0.00011232418808564022
1181 0.021054959148106376
1182 0.031342205152526094
1183 0.478887833305645
1184 5.34665720658054e-05
1185 0.47228457981977895
1186 0.034118271678964404
1187 0.019412648707224145
1188 0.008291999266214926
1189 0.02077282939407219
1190 0.0019123398682884007
1191 0.004344810980923695
1192 0.012276727645524758
1193 0.5411273398967551
1194 0.0004867376935487537
1195 3.0818232716376716e-11
1196 0.5904338152693832
1197 3.5864570225490605e-13
1198 1.138597380864635e-05
1199 3.6633068891068346e-09
1200 0.0006162252854109575
1201 0.014165559193945191
1202 0.0035603937204037777
1203 2.217696862129012e-14
1204 4.433371147727276e-09
1205 0.05138999631761618
1206 5.201092433257559e-06
1207 0.00035963438051952903
1208 1.021445895626984e-06
1209 2.7480090875445366e-11
1210 0.025982957825601644
1211 0.0438462293506267
1212 0.15556431515832547
1213 0.013174704544500548
1214 6.908362506478199e-19
1215 0.000976692604742965
1216 7.869867533818906e-05
1217 1.6328646661385024e-14
1218 3.0075817653323296e-06
1219 2.028547061387732e-06
1220 0.4495348983985825
1221 0.019135799761902248
1222 0.0008956513701168132
1223 0.024410364611504073
1224 2.0641816737901324e-07
1225 0.015787566902274834
1226 0.03744425716657584
1227 0.0006106901272409157
1228 0.007986876159386475
1229 3.9644973235901877e-14
1230 0.008114167073332002
1231 0.011340912750038911
1232 0.20811571564166398
1233 0.0020229345023258668
1234 1.1303944981445755e-07
1235 0.2578915768495127
1236 4.1890877525960625e-14
1237 0.009875596866299382
1238 0.0025264930827514098
1239 0.22204800223766016
1240 1.5188432056346062e-17
1241 1.3750380934953961e-07
1242 8.685605344211073e-05
1243 9.67511981809298e-07
1244 0.0006399475600136975
1245 0.020249445697428033
1246 0.002499877557376188
1247 1.121522146894559e-09
1248 0.000115048853288633
1249 0.2443428006934022
1250 0.5923368449256959
1251 0.007500122922072688
1252 0.5762726852797299
1253 0.03828788971622598
1254 0.6053220665347924
1255 0.004379140762132225
1256 2.0365483436284493e-05
1257 3.828696635638829e-09
1258 1.0883463481093934e-13
1259 0.0049644557579274365
1260 9.609886439207533e-11
1261 0.00018301507369631516
1262 0.6344403192161554
1263 5.505243441724823e-07
1264 0.31559471790251503
1265 0.0001652414084109133
1266 0.008205028311847622
1267 0.014193615677639864
1268 0.010658753554615484
1269 7.702273937748059e-06
1270 0.0005272704802893289
1271 2.9221227134677394e-07
1272 0.013746983262449728
1273 1.1971878029764376e-14
1274 0.575574031139215
1275 0.2861835834321051
1276 5.3611583053836766e-08
1277 0.0016445011830956112
1278 0.3999767484471812
1279 0.12430617816009057
1280 2.9303347511339004e-05
1281 0.0004039670415687829
1282 0.6833048627191256
1283 7.101640924025262e-08
1284 8.068830231949436e-05
1285 0.207310494142334
1286 3.908068194159828e-08
1287 3.174828974372502e-08
1288 0.015375774334603017
1289 2.415279451178572e-05
1290 0.40200781863684704
1291 0.3972131030074564
1292 0.2981942194197229
1293 0.49678687229079577
1294 1.5607706523788473e-07
1295 9.591752967840159e-08
1296 0.5451076795701199
1297 1.6804289493202828e-16
1298 0.002578363273584508
1299 0.31203203159504195
1300 7.509296426729613e-08
1301 0.0007835404550002419
1302 0.00048209186479659493
1303 0.347397346648851
1304 0.09999650355237616
1305 5.90448451934021e-10
1306 3.976749652442972e-12
1307 4.466967609184657e-08
1308 0.0017114995060465458
1309 6.192894380341064e-07
1310 0.22576649790299602
1311 0.012898032832359374
1312 0.0002720683364649483
1313 0.42309127485072845
1314 1.7199453714390212e-05
1315 0.02132166235021519
1316 0.0010016736715055484
1317 0.00016665763495206533
1318 0.29768341675819143
1319 0.0003697017115187996
1320 0.03572491608694304
1321 1.714776093783413e-07
1322 0.14343035447157768
1323 0.001660074185549844
1324 0.0016575345920642475
1325 0.20748514552452427
1326 1.4193533805244228e-21
1327 0.003042258491312722
1328 0.5495696499343485
1329 8.186008333006383e-06
1330 0.07060929961369419
1331 1.901268967150789e-12
1332 0.012950313341729627
1333 0.006743131855305135
1334 0.024086518387759194
1335 0.04207468574414524
1336 0.0010557214506206063
1337 0.0010283494533755901
1338 5.791692542258907e-06
1339 0.07697914324429032
1340 0.0021449895299702052
1341 0.012209085432113728
1342 0.15224187762584895
1343 0.048062491811698076
1344 0.03654492656039211
1345 0.3567891552751948
1346 0.21061549302186666
1347 0.0016629775666091792
1348 0.00012125083396877904
1349 0.0009089803888334623
1350 0.0011440698260055645
1351 8.705608199836074e-09
1352 0.003332197948907202
1353 0.03229280021550483
1354 9.588182730082454e-11
1355 7.795813992853831e-08
1356 0.0013494517135672689
1357 0.0033511297132743276
1358 0.010352581905046898
1359 0.6078661578085791
1360 1.3812372091703121e-05
1361 0.000826519663072144
1362 1.8707388342066796e-06
1363 4.128997045733962e-10
1364 7.33548882278119e-07
1365 0.0007411402319965812
1366 0.24533295644108333
1367 0.514889020824333
1368 7.681076483907995e-15
1369 0.041367374884602105
1370 0.6660538886266892
1371 0.030152675207947024
1372 0.04213767386822146
1373 0.008060860610689528
1374 0.001454565782453122
1375 0.03769760382912704
1376 0.003542742810418755
1377 7.21482226343048e-06
1378 0.6621739459190378
1379 1.6032836347959858e-13
1380 0.06280692543888616
1381 0.020981132355822458
1382 0.09251010686558044
1383 0.012917187885377164
1384 1.7284061255945657e-08
1385 0.003053900697843511
1386 0.0027131088584098897
1387 1.2375240055285803e-06
1388 0.7562846416959528
1389 0.421708995259854
1390 0.00098175751611996
1391 1.2697305577598328e-05
1392 2.7156177376482946e-07
1393 1.1074119973604344e-05
1394 5.342124662505414e-06
1395 6.769230414908988e-10
1396 1.3797988994395241e-05
1397 0.3208576146550171
1398 0.1099369500412913
1399 0.49061618597519024
1400 0.4783738189850098
1401 0.00811613091146945
1402 0.00019021243726570193
1403 7.667292382169717e-07
1404 4.770702557922841e-08
1405 1.2283785185810993e-07
1406 1.2260561368615005e-08
1407 0.03753757358456275
1408 0.03070631451221243
1409 3.878753514460646e-05
1410 0.010421618610666952
1411 1.07053488317959e-09
1412 6.094905676047679e-06
1413 0.0010652900655521995
1414 0.022845191218845172
1415 2.6324011180287664e-07
1416 0.0043093235572412925
1417 2.551149495964071e-13
1418 0.00023985715187456442
1419 6.820958799452574e-07
1420 5.858279422184655e-07
1421 0.13853594021599952
1422 2.7013557210576726e-11
1423 0.7448541300325854
1424 1.248948086856376e-05
1425 1.9917445792980185e-07
1426 9.086606944871415e-14
1427 0.025190317276724394
1428 2.6483093063226003e-05
1429 0.00010201155302089589
1430 0.410920681849838
1431 3.2706649478539536e-08
1432 0.00022450973629484878
1433 0.015314571813861134
1434 0.4524299973886617
1435 0.02197982824853232
1436 6.878273777669659e-08
1437 0.0273705841405401
1438 0.010686329474774294
1439 0.0122797208798045
1440 2.3383136371023306e-08
1441 9.869169771461102e-05
1442 3.326790059571236e-12
1443 1.1962012456634116e-08
1444 0.00012438914596157942
1445 1.183215944955958e-09
1446 7.465142513952242e-05
1447 2.7870374536087095e-10
1448 4.0397441560920624e-13
1449 3.7395954774238994e-10
1450 0.01635365753661338
1451 0.7305672859223689
1452 4.0610252697234014e-05
1453 8.565546727929023e-06
1454 0.039509984291622745
1455 3.3509484198233175e-13
1456 0.6610760361322989
1457 2.1879793436257706e-07
1458 0.054420860344230326
1459 0.021369144829313173
1460 1.5078558255663e-07
1461 0.0001460161020742009
1462 0.058668699268877564
1463 0.5750295205829397
1464 0.04278505646659743
1465 3.195660312928435e-05
1466 3.865752498512906e-13
1467 1.0943075519338273e-09
1468 6.290819035728179e-11
1469 0.004859519599976826
1470 1.4582145736762474e-08
1471 2.0105004594641933e-10
1472 1.7477500658950687e-05
1473 2.6946666607552627e-10
1474 0.0036623460362750077
1475 0.267734747398547
1476 0.00026272480246492897
1477 8.457260531160308e-05
1478 1.5744202515110753e-11
1479 0.000295446637975162
1480 6.496866024013134e-07
1481 9.414065784442427e-05
1482 1.1282144308921012e-05
1483 0.0009187474026685987
1484 2.7381679998235224e-13
1485 1.106670830844222e-06
1486 5.565829353704979e-07
1487 3.980345356838316e-12
1488 7.02263418338914e-05
1489 0.0376890345343032
1490 1.0837772255775408e-14
1491 1.3754600876827874e-05
1492 0.3542232724059639
1493 0.00010413019365903215
1494 0.013137692921327458
1495 2.3103631490942426e-11
1496 0.611680137888539
1497 3.341246049973458e-08
1498 1.8747207479978088e-06
1499 0.0014232588672561247
1500 2.8029571106050956e-12
1501 8.939204183844799e-05
1502 0.0012617545770186019
1503 9.556541056774032e-11
1504 0.19923881198435706
1505 0.00058052273984161
1506 0.724737678576926
1507 1.7196243059368425e-11
1508 0.022660019283055225
1509 0.024262243791404046
1510 0.4067626135312418
1511 0.5161411859507821
1512 1.027400754769954e-07
1513 0.07384483654854346
1514 0.0013376741480221244
1515 0.2949844188472191
1516 2.951250839012695e-10
1517 2.2026814181671828e-07
1518 3.2720779473077115e-09
1519 0.0008499695553758577
1520 0.02774738327444576
1521 0.039802121500156946
1522 7.1643762630080955e-06
1523 8.596025017506132e-06
1524 0.029936305399680573
1525 0.054036625840493874
1526 6.255791035293081e-12
1527 0.013402648335991597
1528 3.200255017492295e-13
1529 9.624990150224712e-14
1530 1.2911742332768932e-09
1531 0.01101740597925693
1532 3.8726049607351065e-13
1533 0.11219565385834532
1534 0.02997291208365322
1535 2.718306450689891e-05
1536 2.0218893917172686e-13
1537 4.816466652488453e-13
1538 7.477838068914274e-06
1539 4.603459191066986e-06
1540 0.33684981362096394
1541 1.251733172609133e-06
1542 0.00011131966891056311
1543 0.017682310556137636
1544 4.604438072128856e-13
1545 0.10733221270605196
1546 0.9150512267956081
1547 6.140390651314925e-13
1548 0.000130115581371451
1549 0.041544819823375545
1550 0.027032449831803383
1551 2.33830701286411e-15
1552 0.06015855245908638
1553 2.1158453442724005e-10
1554 5.5745970239972975e-05
1555 2.8755506189360165e-13
1556 0.07017230876039791
1557 6.05320598257528e-11
1558 1.1544271933246663e-15
1559 2.8922918825244464e-05
1560 0.40324223736480286
1561 9.62520875276318e-09
1562 2.3427342787758007e-09
1563 2.6314569766706118e-05
1564 5.2316490664763366e-11
1565 5.3259629823504794e-11
1566 1.6894583583278915e-05
1567 4.758227396501766e-10
1568 8.677561410374074e-15
1569 1.4704144178571173e-08
1570 5.727176391015169e-15
1571 4.569098992067121e-11
1572 0.15761794264238388
1573 4.242058421463663e-12
1574 1.0840370365778865e-08
1575 8.856539974325208e-05
1576 2.5420118905267045e-05
1577 4.0054686679673464e-10
1578 5.609038770159065e-07
1579 1.6003531692145915e-10
1580 5.328847133045682e-07
1581 0.00021030342867845868
1582 0.008520330109163927
1583 9.113660662940139e-10
1584 4.038218286648654e-08
1585 0.005326262681998241
1586 0.05812061175827003
1587 0.006033831451491826
1588 1.8505011707171296e-09
1589 0.0070048055609131165
1590 4.438884547475035e-06
1591 3.037819298358693e-13
1592 6.863078584663464e-10
1593 0.000328159265523088
1594 0.05058431619749562
1595 7.936860070315577e-06
1596 8.035078793886456e-09
1597 3.17473393654514e-06
1598 0.0018013140392134591
1599 0.00962734667892312
1600 2.9020602333940632e-05
1601 4.02951666025135e-12
1602 0.03964242314249051
1603 4.1032388874459424e-13
1604 1.8138014996795917e-15
1605 3.0391720399639536e-12
1606 8.591455417726784e-11
1607 1.440522368445773e-07
1608 2.2101036805770188e-09
1609 0.023990789334804207
1610 0.26249663372003706
1611 9.512373450623605e-15
1612 0.0001775621494864891
1613 1.1238268627956515e-12
1614 3.0940380619918845e-15
1615 3.103957603125877e-09
1616 0.0005539892018164066
1617 2.044842834398461e-09
1618 0.0012577188594160198
1619 0.00012223043976556844
1620 0.04444684564827377
1621 3.8002442922886926e-13
1622 2.665217517198436e-15
1623 7.152238698320662e-10
1624 7.0945416140525075e-06
1625 6.265234224544457e-17
1626 0.37651492994377345
1627 9.85364998013463e-06
1628 0.00043598899076762517
1629 3.182913720211389e-08
1630 7.579033840144588e-13
1631 1.1948000907355036e-09
1632 0.043015131133317494
1633 0.027181950975592135
1634 2.682740285720692e-09
1635 4.6200523618138805e-08
1636 0.016529977779620512
1637 1.310114533876637e-11
1638 0.010134750650868036
1639 1.1491432065214406e-07
1640 7.502790369292384e-15
1641 4.54891874497546e-15
1642 8.505225309974661e-15
1643 1.0882445185019062e-08
1644 3.1959681820987068e-09
1645 2.4106600073025093e-06
1646 7.200591428378312e-09
1647 2.1910001005057073e-05
1648 0.04178738468415943
1649 9.853694105725219e-13
1650 0.004543758144509961
1651 0.12790302191242078
1652 2.3839945248444835e-10
1653 1.6753770978702854e-08
1654 1.0777904595755899e-11
1655 4.890217838724374e-07
1656 3.0845404198604716e-13
1657 4.064755413174837e-14
1658 0.00024138008201132058
1659 0.32806504977085765
1660 0.0001076908125096107
1661 0.0014369902324632546
1662 7.53611458878665e-10
1663 1.793919990428437e-09
1664 1.5212773612134352e-06
1665 5.658900752145447e-16
1666 0.00041111142159502894
1667 8.799907739929082e-14
1668 1.1062996447829885e-13
1669 2.11289236083322e-14
1670 1.7905996968052674e-10
1671 9.750363052548347e-16
1672 2.3475424834566597e-08
1673 6.311219532616946e-10
1674 2.7148481500004527e-14
1675 0.24503824391271817
1676 0.032364879313524976
1677 3.792519023275886e-14
1678 6.092254554512582e-14
1679 1.9344088024357976e-14
1680 1.3662242857079595e-14
1681 0.03636492848233665
1682 1.2886304388460477e-16
1683 1.2796264971661936e-11
1684 1.2251284152140773e-14
1685 7.042269029849721e-15
1686 7.900885304008375e-14
1687 2.6400354541016282e-14
1688 1.2349871429504704e-15
1689 2.1080186682507165e-15
1690 4.065581993369042e-16
1691 5.024771392471964e-15
1692 2.262268099839261e-14
1693 6.93730480620042e-16
1694 2.2036164118624127e-16
1695 1.4284377993601034e-16
1696 0.02624943651100636
1697 0.7528729332383437
1698 1.738175526678249e-10
1699 1.0003032027688121e-05
1700 8.860978470632085e-06
1701 0.0001326611078622649
1702 2.620032959795323e-07
1703 0.025798199955823296
1704 1.6647633210963203e-15
1705 0.0010957810457523152
1706 1.3235390188912914e-05
1707 0.12135952028158989
1708 0.02943813516480479
1709 9.360398205817369e-11
1710 0.0030189289677409435
1711 5.499428493355983e-10
1712 9.118155599695043e-17
1713 1.070504394831268e-05
1714 7.952829381727065e-06
1715 1.1886933379194098e-06
1716 0.022321343449148042
1717 6.663376917561731e-13
1718 5.9991502508039976e-06
1719 4.0986304385048584e-07
1720 1.3406741549213488e-10
1721 3.1700004557703877e-06
1722 0.0006371074715841461
1723 5.309209916811913e-09
1724 3.034463888004725e-07
1725 0.0562296569949295
1726 0.015781938312706908
1727 0.07776005990614274
1728 1.3618511678160656e-07
1729 0.0002229417518171702
1730 8.15183024878643e-11
1731 9.9567640816901e-06
1732 1.6388635415089865e-10
1733 1.5455804091956604e-06
1734 7.000028559798088e-06
1735 0.000315903588772933
1736 6.232567628706394e-10
1737 0.01243496773348357
1738 5.936290936346578e-11
1739 0.0012805130554642838
1740 0.0009248786644791547
1741 7.466286573686388e-13
1742 0.011416797402163057
1743 0.0001853011342792774
1744 6.677927084956052e-06
1745 0.1313772393037188
1746 4.2413438259235586e-05
1747 9.89578449030482e-13
1748 6.093745408819651e-06
1749 9.912179665932334e-11
1750 0.06232149806723467
1751 0.01038951018045582
1752 3.694249190765107e-05
1753 5.537025649150744e-05
1754 9.388822018995688e-13
1755 0.17538529570359235
1756 0.0001825854467507723
1757 0.22876642914328163
1758 3.634565589502532e-06
1759 1.5137784737926813e-10
1760 0.01316486349356396
1761 0.00018029262948999477
1762 1.5256236353201878e-07
1763 0.29242832194520135
1764 0.21659002250654605
1765 0.34605963934720724
1766 5.045592226758193e-13
1767 9.589741178927846e-05
1768 0.006321357762221119
1769 3.4824050012437286e-15
1770 8.913801262755257e-20
1771 1.665815692356515e-12
1772 0.045131657772024
1773 3.691269635135659e-10
1774 1.097351542716848e-05
1775 0.25276929224012984
1776 1.929187132054813e-07
1777 2.1011928331899018e-10
1778 0.041952664586499926
1779 9.488181375378936e-08
1780 0.0016325965709419001
1781 0.0029175646825010835
1782 0.04932601107546031
1783 2.2577756439975637e-13
1784 0.0035863096819525077
1785 8.708699442934817e-09
1786 1.0726649274722987e-07
1787 2.006434011648139e-09
1788 8.01046148565656e-06
1789 0.15763038470568838
1790 0.04854639773235115
1791 0.05125823464412683
1792 1.9464892061251136e-10
1793 2.1685617079218782e-11
1794 5.2848043054103956e-06
1795 0.2690885541037409
1796 0.04296455578315191
1797 1.0468960756100765e-13
1798 2.048485438172491e-09
1799 2.292156296138206e-09
1800 1.8149353886459934e-12
1801 2.4588149929034786e-05
1802 0.25746031326998753
1803 6.139168652964115e-13
1804 0.018759886397287002
1805 4.86196109750356e-13
1806 0.005830582287841919
1807 3.1367734979259185e-13
1808 4.006176864183196e-08
1809 1.488204298933805e-13
1810 1.8917071414592287e-18
1811 0.37757953399882027
1812 3.275291012731602e-20
1813 0.001974709958945455
1814 0.0001915577126745528
1815 0.26597593911899053
1816 0.0021920084043630006
1817 0.4610156700428802
1818 5.8151034568995484e-11
1819 3.3830056422460145e-09
1820 4.746431080188404e-09
1821 0.1172517882413442
1822 0.21874892756943873
1823 0.018636844702149956
1824 9.57980237234024e-08
1825 0.5891322363883364
1826 1.8330999404831364e-08
1827 0.44767758032751453
1828 1.5375343163711314e-06
1829 0.0022363310244609986
1830 6.338919244044151e-08
1831 1.7042922409721283e-13
1832 2.365586704672057e-05
1833 0.7163193973004152
1834 0.7272518612096989
1835 0.00232010659447822
1836 6.525763643055122e-10
1837 6.537156747116333e-25
1838 6.0047681574269465e-05
1839 5.712906523400885e-11
1840 4.787688997024252e-05
1841 1.0614585260363949e-12
1842 0.0022092424454047328
1843 2.8182541302505615e-05
1844 6.552524389751475e-11
1845 0.0019866209086507676
1846 4.61682873482118e-13
1847 0.2457724879261438
1848 3.020867419068262e-07
1849 0.8062803930406488
1850 0.7949087377230789
1851 3.4075899422164237e-10
1852 0.09267297483001136
1853 1.3804866246421797e-10
1854 0.07023132433032866
1855 4.4363479925873145e-12
1856 7.678422687227747e-10
1857 1.0453014882091622e-06
1858 3.84493386731909e-10
1859 0.08980107269989905
1860 7.09976643084033e-05
1861 1.7041180946025308e-13
1862 2.7674461539718445e-06
1863 0.07615479141523103
1864 3.4225466243995365e-06
1865 7.048522948764962e-07
1866 0.03179895170176712
1867 1.740365674743525e-12
1868 6.7737558212325764e-12
1869 5.923597408954733e-11
1870 2.0820836797079878e-10
1871 0.0029869136860898246
1872 0.84280561451618
1873 0.14791763032718633
1874 0.23452886998537673
1875 1.9380429001859864e-10
1876 6.815043811173996e-05
1877 2.8374471588619305e-06
1878 0.6514202251304795
1879 0.00018218185667744294
1880 0.11220893472434544
1881 4.267561638890527e-10
1882 2.330127237926029e-09
1883 3.951031683787925e-11
1884 0.0015134461405431642
1885 0.21040591983779755
1886 2.5178238583695957e-07
1887 0.8160711426672921
1888 0.0006594494986956667
1889 0.00013568031816132083
1890 1.050761075252549e-05
1891 4.345256958156114e-10
1892 4.301948362970602e-07
1893 1.432573781602978e-05
1894 6.558910085871212e-11
1895 0.0011051946081992953
1896 0.04079868003532051
1897 0.00014458877495174188
1898 0.68086565872204
1899 2.5202177627158693e-10
1900 0.046254561493428624
1901 2.995440309864472e-11
1902 1.3774961969133425e-10
1903 1.3060188798768493e-10
1904 1.9468960255839452e-10
1905 2.182024180582309e-11
1906 1.0910474907806753e-11
1907 0.017024809308266723
1908 0.002448603349641989
1909 3.0834405165229193e-11
1910 0.03378805864055842
1911 4.026690241915186e-10
1912 0.0012200268352288409
1913 8.529275457414633e-05
1914 0.0001949296026111545
1915 1.3307054386769765e-10
1916 2.4552367252257057e-08
1917 0.4232930407854124
1918 6.182104158151551e-13
1919 1.637207185700701e-13
1920 1.9126458339435682e-07
1921 0.0001430886174050779
1922 2.9534231619182325e-05
1923 0.1638165514775804
1924 0.7292777363258498
1925 6.679308511982385e-10
1926 2.1428116286356044e-08
1927 0.0831730812146714
1928 3.033229877865272e-10
1929 1.805821485839848e-21
1930 3.54672335891634e-06
1931 7.265727818577608e-05
1932 0.001048124476338428
1933 1.039559797429755e-09
1934 1.5021663314929595e-09
1935 5.974017514882425e-14
1936 7.99501726510215e-10
1937 5.685826096312802e-10
1938 0.03591477896565541
1939 6.991644507139312e-05
1940 0.002241275101735542
1941 0.0014007430163051643
1942 0.00015127735296143984
1943 2.922859956340735e-12
1944 0.059362307855915425
1945 0.000963731160546389
1946 0.07883949213908363
1947 0.0005548913544204109
1948 0.1832429295344333
1949 0.42360868201511886
1950 0.2899459924256739
1951 2.720654747122889e-05
1952 0.6100358313866696
1953 2.6797754040259775e-13
1954 9.632843819537127e-12
1955 1.6586764825300882e-09
1956 0.1222636652068646
1957 1.0432994449759328e-07
1958 0.019890946773180724
1959 1.5092038495713486e-15
1960 5.0378040715960204e-09
1961 0.811468775496725
1962 3.458138196635866e-09
1963 1.8758468292996045e-06
1964 5.1042004220807456e-08
1965 3.1327869674928365e-09
1966 3.714384753912521e-10
1967 0.6022182206898488
1968 6.685333454297933e-07
1969 0.032895313256383486
1970 8.416146335481885e-05
1971 0.010263085600144365
1972 0.16429216424154472
1973 0.36017788600374373
1974 4.4176504267054674e-11
1975 2.6847938942766447e-08
1976 3.7592891507410024e-05
1977 4.003135640773656e-07
1978 0.0011364496527120232
1979 1.651200523285062e-11
1980 1.1442230700085092e-10
1981 9.823070090286316e-09
1982 0.018740805091133954
1983 6.376083815689088e-30
1984 3.0038399771689913e-13
1985 0.1196885145119278
1986 0.12952975761508437
1987 7.88668329758064e-11
1988 0.09446066307464146
1989 1.6783939327671833e-11
1990 0.029688584738446086
1991 2.446463682847462e-05
1992 4.4653252141214005e-11
1993 0.00010222376572952766
1994 0.2342047612712378
1995 1.2996328252634982e-05
1996 2.1440730084604846e-07
1997 0.014257759052713797
1998 8.151621682168128e-10
1999 2.128814024250523e-12
2000 8.697995231012597e-09
2001 0.024880676966114693
2002 2.3995116757494112e-11
2003 0.019476639245460243
2004 0.08042683335756033
2005 0.16556331979573022
2006 3.1398701425237964e-06
2007 8.33672550331182e-12
2008 1.9387908724383935e-10
2009 6.825354270102759e-05
2010 0.0029344000718159588
2011 4.875744832464034e-06
2012 4.2190573931663876e-11
2013 6.249075427098526e-10
2014 1.2658895576915553e-11
2015 1.0315131479339279e-09
2016 2.364223527601569e-07
2017 5.374496393034083e-23
2018 7.959047554112819e-05
2019 0.19845887388863015
2020 1.2887665622037788e-08
2021 0.009733842162752509
2022 0.00087012343975525
2023 0.3393050278692467
2024 0.019971486751245025
2025 0.11986195590996311
2026 9.439354029423128e-10
2027 0.5057853808715941
2028 1.6998801925914546e-07
2029 5.661212808232698e-09
2030 9.059796769695348e-07
2031 1.8758011010206284e-09
2032 1.0269480534082664e-08
2033 3.36234940004273e-05
2034 0.008040065632118525
2035 3.798743679414964e-10
2036 2.22411238326824e-08
2037 0.3739626167132237
2038 1.5496184032609926e-08
2039 8.895958527424578e-08
2040 3.024077904995505e-05
2041 6.11034342695025e-10
2042 6.285784285271081e-08
2043 9.92582196964613e-06
2044 0.08478133614286178
2045 0.6332474983094162
2046 0.003619710664605434
2047 2.71728304810994e-05
2048 0.17412523723626733
2049 4.325449126374837e-06
2050 3.970247346248518e-08
2051 1.3184755208107386e-14
2052 0.0006147638803972837
2053 4.408684254092575e-08
2054 0.22025473558310574
2055 0.006171247953338009
2056 2.400083607184163e-07
2057 4.02953952481686e-12
2058 3.048508524414e-11
2059 7.55318644751724e-11
2060 1.0527633299239789e-05
2061 6.345067963170533e-10
2062 1.1216623188905098e-11
2063 0.03416659952958689
2064 0.0036345175620179355
2065 0.00017814461425329632
2066 0.7333568476877785
2067 2.4091529948122256e-07
2068 2.107483715650156e-05
2069 0.00013733999705817514
2070 0.00024800714735365105
2071 0.001992323791830635
2072 7.617072013442538e-09
2073 3.491942436412854e-07
2074 1.39624477174776e-10
2075 0.0002919236080177267
2076 0.08052049403214413
2077 9.7818781093227e-06
2078 3.4286093879829805e-10
2079 1.2171123007149398e-10
2080 1.296424127280502e-10
2081 0.0058412733111838895
2082 1.6918699863413615e-11
2083 0.22519814943047828
2084 1.775709331610753e-10
2085 3.4364549177430694e-08
2086 2.6212853942529084e-05
2087 0.7882308790703294
2088 0.0001715102086589971
2089 1.3797667261849245e-09
2090 0.09394884565709326
2091 0.07761134494221286
2092 3.807488856203202e-11
2093 1.9219391651869208e-07
2094 1.2527991551520042e-06
2095 1.630793411638574e-11
2096 9.936880008501204e-08
2097 9.135113923072283e-07
2098 6.76433653691963e-08
2099 6.2061349910335605e-06
2100 3.684157729290443e-08
2101 0.005463277171081296
2102 0.0005471686790008398
2103 9.409938766136831e-11
2104 1.4076353841588068e-07
2105 1.326183090590029e-08
2106 0.006298329240606491
2107 0.18220806317831326
2108 0.01254086259302808
2109 0.11660437736471409
2110 2.402883025939858e-06
2111 0.0233174059150469
2112 4.5760814572202685e-27
2113 0.10746748296686676
2114 0.34215811996850565
2115 0.21475395580958256
2116 4.407210694395815e-06
2117 0.7855177162096796
2118 4.938820656931434e-11
2119 2.6808822720306487e-10
2120 4.231480315274681e-06
2121 6.040396216192556e-07
2122 3.1356149198901182e-06
2123 7.67172992944327e-06
2124 2.7670182481527004e-12
2125 0.11232390800009343
2126 0.003555870281241739
2127 0.0004735486257588287
2128 0.07431502045236846
2129 0.17013937337412882
2130 0.5433846231026638
2131 7.552966912780584e-07
2132 0.039951418775300035
2133 1.362561297026412e-07
2134 0.5261847884218023
2135 3.4006734798365463e-15
2136 2.3625206293291065e-05
2137 1.9639302898033603e-08
2138 4.835106481002942e-05
2139 0.5852605481035535
2140 0.06714591264613465
2141 6.054798778473237e-07
2142 4.873358120716043e-05
2143 1.1178848290805504e-07
2144 0.00010605985655258073
2145 2.271486854514686e-09
2146 6.271761502850263e-08
2147 7.562434641149745e-36
2148 2.678155878353e-10
2149 3.869514711846325e-05
2150 7.416080663773763e-10
2151 7.094482015710417e-05
2152 0.004434511173422926
2153 7.438607930058966e-05
2154 0.08717744972749979
2155 1.2473956849908329e-07
2156 2.9227160095516453e-08
2157 0.16236186281731563
2158 0.722986195373449
2159 4.2841528551800565e-06
2160 6.961941177856754e-12
2161 0.005172695743515516
2162 1.663947299938566e-11
2163 3.402478502973054e-11
2164 1.4524634342592973e-07
2165 3.5756195053785713e-06
2166 3.865619322315706e-09
2167 0.002065590254852743
2168 0.04945658890097862
2169 0.06399412182023079
2170 8.195462248586658e-06
2171 8.181398962639188e-10
2172 0.15058856734163828
2173 8.05354288401609e-05
2174 0.00024144764709194613
2175 0.17082330676213606
2176 0.16176177508778242
2177 2.533103068947459e-05
2178 1.6784480355468786e-08
2179 0.00044950137274343106
2180 0.00011581428854232457
2181 0.7366685454529429
2182 0.19053157397292714
2183 9.755633562125996e-07
2184 1.0027138551626782e-10
2185 2.1463097888254873e-11
2186 3.30171204437817e-07
2187 0.00021729438567479105
2188 1.2304242867273999e-05
2189 0.274117080525939
2190 0.9004842169116938
2191 4.778517923457528e-05
2192 2.060876578861052e-06
2193 0.34202175533540563
2194 1.47883930908818e-05
2195 1.8662837021333352e-13
2196 8.166984092443839e-07
2197 1.0598023904078733e-10
2198 4.738637838205285e-10
2199 7.043124158523913e-07
2200 2.5030709089764466e-11
2201 0.00021965900450519502
2202 0.8617116887465035
2203 0.0005515826976976253
2204 0.0012569005322645716
2205 0.001457643551472327
2206 1.568595331843116e-08
2207 2.9300251418668264e-08
2208 1.410566960054481e-06
2209 1.5563590050856583e-11
2210 0.6858645034464235
2211 4.661754500002838e-06
2212 4.7119955722189975e-08
2213 4.8611996570284985e-06
2214 1.4626433167604992e-06
2215 0.6659365973635771
2216 0.614253450382233
2217 1.924039407203869e-09
2218 2.323860637326147e-18
2219 1.9630230533386063e-06
2220 7.335715780024923e-11
2221 0.00016836756733257336
2222 0.9205052492304702
2223 1.716405148070624e-10
2224 0.7146415437466515
2225 0.0003740890209022495
2226 0.0005631202121611241
2227 5.811350447791677e-18
2228 1.66491983680621e-05
2229 0.1546865913415858
2230 6.155208892888732e-05
2231 0.01920888630681435
2232 0.3187417484883906
2233 0.0009519502825319855
2234 2.649045264365828e-06
2235 0.07898699329087097
2236 1.871865369898991e-10
2237 3.736488785430701e-28
2238 0.5427304482195089
2239 7.425876153977696e-08
2240 0.7823258062824479
2241 0.0004391073746842597
2242 3.13775571759846e-05
2243 0.7504556452041905
2244 0.0013507033364347813
2245 0.003044726765440359
2246 0.09846801186786966
2247 1.5137133401970016e-11
2248 1.906321269863693e-10
2249 0.00028701845579898595
2250 0.07194635333563036
2251 4.968026233644752e-08
2252 0.0001404149757379508
2253 2.153998757213879e-08
2254 0.0024583080026148283
2255 0.027361936818182782
2256 0.42219870911617136
2257 3.5578486613096207e-12
2258 0.0015269408899810807
2259 7.540471874324039e-21
2260 0.09644900219534884
2261 0.0010716233295524078
2262 4.6950092932695535e-06
2263 0.5597193615661727
2264 5.6463820705495056e-08
2265 1.128046762176379e-06
2266 1.7623141877507273e-07
2267 0.11267771211877825
2268 0.11626976043009393
2269 0.00113762668825933
2270 0.0014274075906209657
2271 3.930409440558008e-07
2272 9.028802727659721e-05
2273 8.223809442132582e-07
2274 0.45915210698129005
2275 2.9441384167614614e-08
2276 3.724784165966474e-06
2277 0.0006021791696944505
2278 5.474496100875046e-10
2279 5.121528402097035e-06
2280 0.22369203779710067
2281 9.173831764993007e-08
2282 2.352818826507129e-11
2283 5.593339001743613e-08
2284 0.00570986921220885
2285 1.8495531312033474e-05
2286 0.40250869143196777
2287 0.000825716183868437
2288 2.760036214278241e-11
2289 1.1354926139391356e-10
2290 0.007431373980257195
2291 1.6150096417250241e-06
2292 0.0003817565280354315
2293 0.2750023456641761
2294 4.745226649808231e-12
2295 0.007242566058212286
2296 3.0038722668817466e-08
2297 3.898694338867355e-07
2298 0.006051168486355515
2299 1.7303517531982087e-06
2300 4.208380052981952e-06
2301 0.052863058428868334
2302 2.2948297979452023e-12
2303 1.1425828527641344e-05
2304 0.16460719721249845
2305 0.24405921356155222
2306 3.0223360034067616e-13
2307 0.0009641201483986169
2308 0.4811662820457153
2309 0.10715713598693832
2310 0.45701484500056944
2311 2.9726218481601563e-06
2312 3.446488474093313e-11
2313 0.014829236831929809
2314 0.005049014931409336
2315 0.01387513719683875
2316 0.11364448054940274
2317 3.011001139740825e-07
2318 2.5471427274452887e-05
2319 9.451304476565362e-05
2320 6.152414325233694e-08
2321 7.623041462940074e-12
2322 1.281694880662576e-08
2323 4.223119257508773e-09
2324 0.08132059216317733
2325 5.726447928513887e-11
2326 5.599451590795348e-09
2327 0.0024120323580927036
2328 4.253088122932622e-11
2329 0.0003891155290146735
2330 0.000780640843637302
2331 2.0699622099628464e-08
2332 0.022523570633572625
2333 6.600205386537262e-12
2334 6.882570336073718e-07
2335 0.01831181993234562
2336 0.0015903787529377735
2337 4.00368589928356e-07
2338 4.3679131310538025e-05
2339 0.1872560408074078
2340 1.2564217979620495e-09
2341 1.2896524590856725e-15
2342 1.2477075662221366e-06
2343 3.533122466408727e-06
2344 7.503156563682503e-11
2345 8.383932061882975e-05
2346 4.491693879600184e-05
2347 3.5873020751668645e-11
2348 2.7502820411273556e-05
2349 1.696166189893061e-10
2350 1.160882667560884e-11
2351 1.0609239871046534e-22
2352 3.131843377463235e-11
2353 9.687054584254669e-08
2354 0.00031408670807703964
2355 3.4486763858276002e-06
2356 0.8310379980005924
2357 3.670699657206049e-11
2358 1.994143144999418e-07
2359 0.8234705600321476
2360 0.004632497078352142
2361 6.128086579925608e-08
2362 1.7367232825920492e-15
2363 9.888015607619939e-12
2364 0.11192596946395554
2365 2.4094366868111713e-06
2366 0.0003592908268790769
2367 0.0006109188951783136
2368 0.052220626390276054
2369 6.678584005634715e-10
2370 1.7141873405886333e-10
2371 1.1849863204816561e-07
2372 7.018979151879783e-11
2373 8.205680038859809e-05
2374 0.004582265206830992
2375 1.1241923694013507e-07
2376 1.597963553581304e-11
2377 1.4099751050639534e-06
2378 0.000142631858090903
2379 0.0003174562167621368
2380 0.0005004677525032428
2381 0.0013417527200069775
2382 0.0004128949443931567
2383 1.9901466611951723e-13
2384 1.0637178702692865e-09
2385 1.4356125605553275e-12
2386 3.0569412731536832e-09
2387 6.069689543609066e-05
2388 6.577264806501191e-05
2389 4.81205402738515e-07
2390 0.0004842001567688663
2391 2.5335609449460147e-05
2392 0.158948445018248
2393 1.339881149902729e-10
2394 2.8323185979591966e-05
2395 1.2269358236863318e-12
2396 2.365140691193106e-05
2397 0.0068510792772961
2398 1.8217543107369086e-06
2399 2.86299361860082e-16
2400 0.00024578342392666126
2401 2.3736967420017604e-11
2402 0.0016441321607013237
2403 2.292403773821154e-11
2404 0.03040821903337222
2405 2.55624802249777e-08
2406 0.38131187778354564
2407 9.667228003257353e-07
2408 0.46513399151472423
2409 0.0005346698648266531
2410 4.878637252976224e-05
2411 0.008145524582450155
2412 0.49685291424303046
2413 1.259946938933134e-10
2414 0.003949120420396963
2415 0.0012752789908418664
2416 0.0031151122071911416
2417 3.788844947043479e-07
2418 0.0001948805545895187
2419 3.447944943868534e-11
2420 0.0670945456436385
2421 3.042298543080748e-11
2422 6.802332566221765e-05
2423 3.522855805144956e-05
2424 0.5935001521014067
2425 0.681302562293636
2426 1.7086699629146089e-10
2427 2.992217190231669e-08
2428 0.004342494102436508
2429 2.0420652259124407e-16
2430 3.420685272182085e-05
2431 1.1009277978716209e-14
2432 0.001229381163101892
2433 1.406271399337266e-15
2434 0.6631912734481602
2435 2.1819504677068754e-28
2436 2.8644707500221126e-11
2437 3.5304722770944536e-07
2438 2.1527174558806805e-06
2439 6.53460699349698e-05
2440 0.001982972434838878
2441 1.688287536642685e-05
2442 5.100635699177382e-10
2443 1.3128801931484135e-28
2444 4.446156531313866e-14
2445 0.00012031988184372807
2446 0.06839198097565583
2447 0.01612627767844318
2448 0.6830902624086624
2449 1.7493913852975803e-09
2450 5.9565765979772e-11
2451 0.6542865233523143
2452 0.7392559315941645
2453 2.4385982208309728e-17
2454 4.4073459588398677e-07
2455 0.0015062183986098074
2456 1.3307381346097622e-06
2457 1.255078699128109e-07
2458 1.461269037295549e-15
2459 9.019133516837295e-07
2460 1.041937934987371e-10
2461 0.025501276719044074
2462 3.746464254839552e-05
2463 3.8760969627343994e-11
2464 9.302032180306573e-12
2465 0.008279729284302264
2466 1.6165976718424583e-19
2467 1.393302082126546e-16
2468 0.0001094550924326919
2469 0.00309043393646141
2470 4.3736923154484523e-07
2471 4.159407343003994e-14
2472 5.683691752325274e-05
2473 0.0012402730513281057
2474 0.00010161150732508415
2475 1.4070057014481797e-20
2476 9.784737272156256e-10
2477 1.0088653876303582e-06
2478 0.0006070458187868538
2479 0.00014252881668992096
2480 0.001099852303212486
2481 2.288101407814086e-16
2482 1.712772231628106e-11
2483 0.001522243099149533
2484 6.73164382738691e-17
2485 8.899682540170183e-31
2486 0.47762934962892767
2487 3.162898855481915e-11
2488 1.2858278669747406e-08
2489 0.0009496949315068738
2490 0.013891325898029522
2491 1.0858110132451778e-10
2492 0.00023059001577723837
2493 3.7330675208024745e-07
2494 2.873686635929882e-07
2495 0.5768619744376313
2496 2.568664926209307e-07
2497 0.5119095904765094
2498 0.00019071473979516158
2499 3.2870399725139275e-05
2500 3.421714670499194e-12
2501 1.09238116938904e-13
2502 0.000635023953231119
2503 2.1991686328135537e-20
2504 2.353903710678508e-12
2505 1.4137743905094657e-16
2506 1.4560145378012458e-16
2507 5.2660012372881214e-20
2508 2.869264359668944e-16
2509 0.0010620222810643215
2510 1.343797705364233e-09
2511 0.0002912055377114854
2512 1.608803221942955e-19
2513 1.6886248202084053e-27
2514 3.504808053257295e-12
2515 4.025139120336294e-15
2516 0.0009883961662482278
2517 7.001909758293142e-09
2518 6.362398034096547e-05
2519 2.3935993924464455e-16
2520 6.501397115512536e-09
2521 8.637811055120483e-17
2522 0.10224783415319526
2523 6.504475014395059e-07
2524 2.0383217720705106e-06
2525 1.1168839321063722e-15
2526 2.2609426631097275e-11
2527 2.5665914911685766e-11
2528 0.0016412793884792046
2529 3.6624566744359397e-17
2530 2.6099904142547714e-11
2531 7.8912161655223e-13
2532 0.00011459321975020407
2533 5.757618839988212e-07
2534 6.422949063135641e-32
2535 2.8987816308586113e-10
2536 0.0005023286992705546
2537 1.0056868262087173e-09
2538 0.00012381091509746433
2539 0.0004005306771379277
2540 1.192793797254896e-06
2541 0.007185794722298295
2542 1.999241459045505e-05
2543 0.00010213947759648453
2544 0.7145608615443075
2545 7.547951175901464e-07
2546 1.431324100323994e-08
2547 6.334015496552945e-06
2548 9.553995457649778e-09
2549 0.0030542925898801106
2550 0.01743506355666936
2551 0.0003272216376485131
2552 5.424806132144545e-12
2553 0.001023385691081503
2554 1.223873522582928e-09
2555 5.571372442954999e-10
2556 7.90945685485316e-20
2557 0.00011085799150787184
2558 4.1105242288306365e-11
2559 5.993883949791064e-13
2560 2.6535912174423025e-12
2561 5.838006316768825e-15
2562 4.144171481568192e-05
2563 3.744689715752536e-05
2564 0.0016393376602941293
2565 9.351492978891735e-30
2566 2.513622717693078e-20
2567 0.024895349195215973
2568 2.5664258296636917e-20
2569 5.0868431184658265e-05
2570 0.3042179350463383
2571 3.2396526356871925e-08
2572 0.0034261849020542066
2573 0.0038294094195408506
2574 3.004264989650351e-11
2575 3.9273326915174064e-10
2576 8.510804039322616e-07
2577 0.0008887542939213066
2578 4.5952753824336e-11
2579 0.0022931676639010483
2580 1.9930293252758777e-05
2581 3.3523354164355555e-05
2582 0.0022798604929125054
2583 0.018786022005244617
2584 0.006777642596731086
2585 4.94542182894481e-12
2586 4.5609477922921175e-07
2587 2.1976164015603094e-06
2588 3.042690990288027e-15
2589 0.0003669523950079468
2590 3.4091078926405136e-21
2591 4.111016079165457e-05
2592 5.301572006034244e-07
2593 0.8131886805424542
2594 0.0001278731899281177
2595 0.8882822045805304
2596 0.004863150277369325
2597 3.5970272920689e-06
2598 8.995402123032363e-06
2599 0.0009234821073244694
2600 2.0853791351464796e-10
2601 0.0005812570755945888
2602 6.559041516417433e-06
2603 0.00034897465335508054
2604 4.893907831855525e-15
2605 6.407136881892001e-16
2606 2.130732664246276e-06
2607 1.5704820252351424e-05
2608 4.708719862723349e-12
2609 0.001351828635770697
2610 3.183863899057622e-18
2611 0.008091736961402331
2612 6.455424337240142e-36
2613 8.583645036405328e-07
2614 3.6022990813138546e-11
2615 1.3585019130129344e-12
2616 0.012252417816391232
2617 0.0003470090251545778
2618 0.015095197949765573
2619 6.231007719740232e-18
2620 1.429897083447298e-24
2621 3.754051485538961e-31
2622 0.0031928691624207133
2623 3.802696622607907e-16
2624 0.00020447542982194423
2625 3.4566925312128304e-10
2626 0.8790247111627415
2627 0.0008943107479237276
2628 2.672964293177878e-16
2629 0.8479090559898895
2630 1.574732761234567e-09
2631 0.0006529756291222468
2632 1.1364552219062188e-20
2633 0.0023409007818745095
2634 0.007111591453881993
2635 1.8261138935652226e-06
2636 5.4058617894000545e-19
2637 0.8430900481667081
2638 2.234187983890757e-05
2639 7.182726735695806e-21
2640 0.7867704063593763
2641 6.564040217945124e-07
2642 7.267987480074154e-09
2643 2.100810809061528e-05
2644 3.3750093344915766e-19
2645 3.6923404625827934e-09
2646 0.00026114725128542713
2647 0.8837445374203553
2648 8.544746540736812e-34
2649 2.2262091265771726e-05
2650 2.010926014551939e-27
2651 2.1410603125291924e-05
2652 0.07164348029863774
2653 0.001022872328642033
2654 2.2875036491378353e-06
2655 1.9053111700906027e-09
2656 0.006544737665969988
2657 1.2162883067399257e-06
2658 5.200723531989022e-09
2659 5.303275159333678e-05
2660 0.6361820180855018
2661 0.009245658818838565
2662 0.6693764877072004
2663 1.789979125690377e-07
2664 8.706244512924376e-18
2665 3.669014831255862e-08
2666 0.7864631905871292
2667 5.852687877023395e-40
2668 0.0024707709322757698
2669 0.018916273690859877
2670 9.966898027205072e-07
2671 0.006160353040364299
2672 3.1878904412752386e-07
2673 0.6463768013098825
2674 0.0006500308023504898
2675 0.9033488543328619
2676 0.005107969997185885
2677 0.0001771631172460543
2678 0.011893471774377651
2679 0.0017070679504273287
2680 0.4915619411148985
2681 0.7305962635599969
2682 7.088975277775905e-05
2683 0.8607803520081699
2684 1.1663171703843923e-34
2685 1.9078283401207317e-05
2686 2.519816100582346e-12
2687 1.5859263272246094e-13
2688 1.0878088904380385e-13
2689 7.135597985896244e-07
2690 3.1833360453868516e-09
2691 0.4117252162661221
2692 0.0020929303625398347
2693 0.4658736679359693
2694 6.997448151913688e-14
2695 0.001023021829998428
2696 0.7842603199394437
2697 0.33441885756547113
2698 0.004307863910349899
2699 6.60797957092474e-05
2700 1.0828590516899958e-09
2701 0.0008196147382198697
2702 2.723013712754678e-05
2703 0.006061038124626871
2704 3.396727614584504e-05
2705 1.1256689533494173e-10
2706 9.763118868472134e-19
2707 1.439809273988774e-18
2708 0.0028576945706726784
2709 0.9047265537695761
2710 0.0008964647038107073
2711 6.340387884187794e-05
2712 0.0015005980806664476
2713 0.187686537489816
2714 0.0004994771958986307
2715 8.098311981489366e-10
2716 7.461678518024873e-16
2717 5.640447777861959e-10
2718 0.0010210556248656858
2719 6.528116901394599e-14
2720 4.190090924708817e-09
2721 4.7026930770477185e-06
2722 5.605507330405642e-10
2723 0.5344375883843668
2724 8.280374472977298e-10
2725 5.256938091549038e-09
2726 0.00016311931117350358
2727 3.93441354823643e-05
2728 1.1827889234470892e-08
2729 2.2785284290161843e-09
2730 1.1573029701913937e-05
2731 0.840575785738453
2732 8.483289636742846e-08
2733 0.010870763331619161
2734 1.451598248999574e-17
2735 3.635265453507267e-09
2736 0.0029252452829161796
2737 0.0005808133216698225
2738 0.06344742237827161
2739 5.306340045666182e-12
2740 3.5963153252480075e-14
2741 0.0021969084907621644
2742 6.483632983763285e-09
2743 5.77233172694305e-10
2744 6.431359033690935e-05
2745 1.7493107105596504e-05
2746 1.014271429355605e-05
2747 1.2186277437790995e-07
2748 0.6847273331057742
2749 0.8427129913795667
2750 1.9794436642938519e-19
2751 0.8435892859405482
2752 5.846804684143409e-14
2753 1.856007843651737e-07
2754 0.0004753222527219005
2755 0.010312682155077668
2756 0.0011069253905004472
2757 4.990455837368348e-06
2758 2.49492773141141e-06
2759 0.13775512156021819
2760 4.341144630873506e-12
2761 0.0006241519443272209
2762 0.07389953866100057
2763 8.499405576025717e-12
2764 3.5214226636613366e-09
2765 0.3547097956224707
2766 0.7947516562970698
2767 1.8431187666104773e-06
2768 0.004720123407510499
2769 5.317885375920445e-05
2770 0.0013696154255704257
2771 4.433823742802295e-13
2772 2.640159384055965e-07
2773 2.0285246231529117e-05
2774 9.394135914465415e-14
2775 1.5264943080213982e-06
2776 0.04380418025659026
2777 0.03182251128346722
2778 0.0668713748264217
2779 5.8872073513315095e-06
2780 0.02183384740582421
2781 3.6859749843726855e-10
2782 0.28884606909833827
2783 0.05553892870846331
2784 0.003944917263084013
2785 3.461381289726748e-05
2786 0.07156981928754806
2787 0.9300984595905082
2788 0.013662159738788439
2789 0.07342763652975492
2790 7.483900295471386e-13
2791 0.9134250886362046
2792 0.07569374398393058
2793 9.804489741950168e-06
2794 1.380364833292547e-07
2795 0.008054836045161697
2796 0.0027827542064654902
2797 0.0005028815520364603
2798 0.0026728800164934857
2799 0.02982992539931201
2800 0.0007663036916637762
2801 1.754238058514418e-05
2802 8.568320621751914e-09
2803 0.0009559653820464046
2804 4.792068064968988e-07
2805 7.676858804569858e-08
2806 0.0015111907577242396
2807 0.027037663524206997
2808 2.666505531127008e-06
2809 0.8099190089392723
2810 0.038732772345254816
2811 0.1879764469609527
2812 2.1538485452536224e-13
2813 2.7530981174443554e-06
2814 2.0736757480693283e-09
2815 7.452371757340601e-12
2816 3.059644660466417e-07
2817 4.4428028200973035e-06
2818 3.553731045648356e-08
2819 1.3572618254795872e-09
2820 1.509838981627545e-05
2821 6.055538164881312e-13
2822 5.850574149044266e-09
2823 0.22770931694457397
2824 0.00028018361658573563
2825 1.8427441571140557e-09
2826 0.05320951500771814
2827 0.02101960081493164
2828 4.678804302389995e-13
2829 0.07565124484281338
2830 0.09647847017791428
2831 0.12352179814720687
2832 0.09965342376801042
2833 1.4109589488064414e-07
2834 0.0348705467602111
2835 4.1177147718512475e-12
2836 0.1420978341239335
2837 2.6761077359432133e-10
2838 1.83028244100576e-07
2839 0.15129252493829345
2840 0.00020285826483187107
2841 0.14923688474791205
2842 0.29109031684150727
2843 0.18302898316973745
2844 0.13737845828217513
2845 1.4151343778005453e-10
2846 9.210733642778754e-15
2847 0.0002845368901285723
2848 7.539809544306493e-08
2849 1.869852294503358e-08
2850 0.00020232445745147214
2851 0.00017677642547295634
2852 2.2181093911263058e-14
2853 4.378442165215546e-08
2854 2.6858785681228127e-08
2855 0.0004309954038334402
2856 0.11686578052919935
2857 4.1602918709265687e-20
2858 0.04789754237517302
2859 0.004609426635454304
2860 0.0007091236650698198
2861 4.010785684904842e-05
2862 6.799340262387258e-12
2863 0.06627200206582906
2864 0.00018201687067690602
2865 6.020141165057329e-13
2866 0.09976635795742335
2867 1.8939556565664415e-11
2868 5.053143154487718e-07
2869 0.004596911837476437
2870 2.5941940248992384e-11
2871 1.3099896575187127e-05
2872 0.044749275305194625
2873 5.035843727991604e-07
2874 1.556495454616478e-12
2875 0.00018490224359545934
2876 1.0561714703706212e-05
2877 2.9999283943841716e-08
2878 2.867262623417095e-07
2879 2.33170180515469e-15
2880 0.015317002537724597
2881 0.00025714658087998705
2882 6.55797518306375e-06
2883 1.007887113157248e-08
2884 0.0005750488426103805
2885 5.449505532916515e-12
2886 0.00011261869636653404
2887 1.9197391030260532e-16
2888 1.5487617103369432e-08
2889 8.237408774864812e-11
2890 0.6897591972037896
2891 4.677840802816996e-08
2892 8.338065812459422e-06
2893 7.62350278673416e-13
2894 3.4273372624969744e-07
2895 1.0269201382514488e-08
2896 9.348585430252584e-08
2897 0.2651626519257708
2898 8.970343091157928e-09
2899 0.17252815219707482
2900 3.6110342471396034e-06
2901 3.754339015956202e-10
2902 3.403649126750425e-06
2903 0.16227546435430634
2904 1.1112724524656946e-13
2905 0.000183683820891873
2906 4.4725440424034434e-08
2907 6.6944006470088816e-09
2908 0.0778664872155177
2909 0.6782558201075398
2910 0.00044753729758925697
2911 0.5567511716391529
2912 0.00025164633154018225
2913 0.0006699081161643342
2914 0.1072035635234666
2915 3.5692444983633445e-14
2916 4.2411025944842713e-08
2917 1.810061820014371e-08
2918 0.5340054266952675
2919 8.986124819665107e-06
2920 2.1635744670254302e-05
2921 1.1082299210202796e-15
2922 7.979751993340484e-08
2923 0.1382206871548274
2924 4.180121766143179e-08
2925 0.0004540789982706915
2926 0.0066911175789387085
2927 0.06460312227860135
2928 2.1970901264158915e-08
2929 6.527059350274955e-13
2930 0.07804733877378636
2931 0.02927564021801054
2932 0.013621039733541077
2933 0.1370083510795408
2934 0.0781362551525531
2935 0.1317892071269732
2936 0.04770884122722628
2937 0.03294166546291543
2938 3.924318769848982e-08
2939 0.1004732442115135
2940 8.202725307130572e-07
2941 0.1828302965928404
2942 0.2034492461983557
2943 0.05839783252137724
2944 0.004702576502644363
2945 0.41835078488057664
2946 0.17866667824562504
2947 5.403382140983057e-06
2948 0.05298377366760499
2949 0.07173494406104071
2950 8.880555884396984e-14
2951 3.6734455946304412e-25
2952 0.26133381402507005
2953 0.05368826427405156
2954 1.0213538510883386e-08
2955 1.5513405098532918e-10
2956 6.456812974068618e-13
2957 1.6477212321361081e-07
2958 2.1288802140056093e-08
2959 3.1272306329358377e-10
2960 0.11145275988359947
2961 0.12934372661016189
2962 0.00029529424056453827
2963 0.09737756879461489
2964 0.03419744620593772
2965 9.07671295456932e-09
2966 0.02569691547340482
2967 0.09171026606513212
2968 1.8101879291505823e-08
2969 1.6130809824948122e-06
2970 1.1773546698547455e-07
2971 9.693525221797494e-08
2972 2.983253104161501e-09
2973 8.487698699286763e-08
2974 0.04415414412721147
2975 7.126542360387642e-09
2976 1.2567992395309208e-14
2977 0.12128196741277947
2978 1.328267500485996e-06
2979 0.025883338485056553
2980 2.9081037981952125e-12
2981 7.229671308575137e-10
2982 0.027566393881742646
2983 4.0344304614921926e-10
2984 7.604038967466269e-09
2985 4.035367254597893e-08
2986 0.16630326953224334
2987 1.2649353552992711e-05
2988 0.024734609665389897
2989 2.7228731143297642e-06
2990 4.0852097035585914e-05
2991 0.12763256460217268
2992 0.0979813936955973
2993 0.00018287579654261446
2994 2.132667257677843e-11
2995 4.6133487239683964e-05
2996 2.208787921203181e-06
2997 8.199435134608055e-14
2998 0.0005916367997271922
2999 0.0886088226003422
3000 2.066466614626333e-29
3001 1.0556158655746892e-06
3002 0.0024047018790783184
3003 0.02064328038056335
3004 0.00022443931385251182
3005 0.0013175123261057993
3006 3.762137390764118e-07
3007 0.00017040349963605067
3008 6.404084741679557e-20
3009 3.514923839475091e-08
3010 4.793263126483131e-06
3011 1.44422180619186e-10
3012 7.305193279387562e-06
3013 0.010803823402637839
3014 3.6094187352232296e-06
3015 3.8551991709738993e-07
3016 2.8873431800493907e-06
3017 1.751520331882282e-08
3018 0.4275699136434688
3019 1.4507130421764497e-08
3020 1.5424564438730399e-09
3021 2.918557468795079e-06
3022 3.82968277251943e-07
3023 1.5460847882447513e-07
3024 0.19790497428569181
3025 3.093705940767597e-08
3026 0.21348332237059453
3027 0.1818191826138954
3028 0.13822799152464546
3029 0.2719704383412788
3030 6.775646763482057e-33
3031 2.6751523103973943e-08
3032 0.13869584246838654
3033 0.1357280371556038
3034 0.25719828317402554
3035 6.475095802102744e-09
3036 0.16264935183116264
3037 2.0507263123331302e-05
3038 0.2404997764976307
3039 0.09302699767180693
3040 1.2324652424669434e-10
3041 0.266323285918823
3042 1.217855689975918e-06
3043 0.10997130845170841
3044 0.3060691102405802
3045 0.003210073590278069
3046 0.11577531345661687
3047 0.11523113631976391
3048 3.7077066884119755e-09
3049 1.8678106111008863e-23
3050 4.447655888887156e-14
3051 3.4159633941101167e-13
3052 3.903372101046656e-11
3053 7.712616218624972e-32
3054 0.10239393397366475
3055 1.0295698810383063e-07
3056 0.3370095863880707
3057 1.0214691872230152e-21
3058 0.2242552100324719
3059 1.2147012765804435e-06
3060 0.4402636376872967
3061 5.012070850781222e-07
3062 5.476442372255777e-05
3063 3.829964187374606e-12
3064 3.7154215948740663e-07
3065 0.005729664930081665
3066 8.470095471340335e-08
3067 2.5361489066857355e-11
3068 3.094949500528553e-08
3069 4.415518064672871e-08
3070 2.1941491086359137e-08
3071 2.5537306210899845e-09
3072 7.839894427620825e-09
3073 2.716659871548118e-09
3074 2.2538410247027635e-09
3075 0.006701929405354453
3076 1.3712029995566139e-05
3077 1.6702860026191268e-05
3078 3.8798487750133644e-33
3079 1.0844935698117801e-11
3080 1.506880185809e-28
3081 0.00029665001626834884
3082 5.269313334840008e-07
3083 1.5395947764169082e-07
3084 1.243562581428912e-10
3085 6.190995551304796e-12
3086 1.2016542186532017e-13
3087 5.1769164595445855e-12
3088 5.245353740047018e-13
3089 1.5305148388972624e-12
3090 3.8722989232355215e-08
3091 3.652223822494174e-17
3092 0.041240731022514084
3093 1.1577120169188247e-14
3094 2.0413021652609096e-14
3095 3.4286174984573446e-21
3096 7.439347923398651e-10
3097 0.007328912460027968
3098 1.7391669402628761e-12
3099 0.00019434989590628773
3100 0.0003197504089951687
3101 9.539930147382602e-09
3102 1.8546692113813814e-17
3103 2.9064215591290226e-16
3104 1.5680537571893695e-10
3105 4.34795774181993e-34
3106 1.211657193531653e-12
3107 7.24036440524981e-12
3108 6.142256742005171e-05
3109 0.0002412815177569677
3110 4.389565315709904e-22
3111 7.879125110459274e-12
3112 0.15295596974044864
3113 0.20889641421716543
3114 0.2235259271150349
3115 6.765914864904563e-26
3116 1.5049617572848914e-26
3117 3.763254657452478e-05
3118 4.945335250527609e-06
3119 0.00011678348180174925
3120 0.06981279752395578
3121 7.153296881981608e-05
3122 0.32432320961276073
3123 1.0971438227974642e-10
3124 7.119752177083402e-10
3125 0.07967747566044121
3126 1.1502815858667362e-20
3127 0.31930540307615
3128 0.0010255838199266741
3129 0.06305999308006667
3130 2.8489717543489636e-23
3131 1.6778947929536727e-06
3132 3.468093493165262e-06
3133 0.00011100571442546829
3134 8.949024044769068e-09
3135 1.365085059350594e-05
3136 1.4240489134687865e-11
3137 0.0001453930612920604
3138 1.7252239751372458e-09
3139 1.8276181439441282e-10
3140 2.1972532890346e-22
3141 3.9484581679043695e-09
3142 0.005455188348516297
3143 8.440274047823653e-09
3144 0.0037313034752819952
3145 1.1003891474744478e-05
3146 1.6379163943536309e-15
3147 1.9881740156173076e-07
3148 8.222229286827293e-14
3149 1.4593604886587654e-12
3150 5.735971929158402e-13
3151 2.0617692542657117e-14
3152 2.036771687933038e-24
3153 0.0029552912612258696
3154 1.2647962125780177e-31
3155 1.2047365838461338e-49
3156 1.7547682567061379e-06
3157 1.261524946083756e-12
3158 0.00011432284501537966
3159 0.00013284401122258812
3160 0.00018492963759672896
3161 4.892532953612676e-11
3162 1.9334754705951292e-07
3163 9.99611237654569e-13
3164 9.157820183901065e-29
3165 1.453019688128028e-11
3166 1.0173268159489589e-14
3167 2.683624845971441e-07
3168 1.3382206803112326e-05
3169 1.0170615282583476e-12
3170 1.3575747125947276e-13
3171 0.0015720884647544057
3172 1.7791666927431008e-23
3173 2.200631508514661e-12
3174 5.610250059693408e-14
3175 7.55072210969182e-13
3176 3.2072991795611804e-05
3177 8.84179939848291e-09
3178 7.307271102404776e-12
3179 5.6497813071267747e-14
3180 0.03666113269450373
3181 7.917479708733678e-06
3182 7.069612155041642e-06
3183 1.9923095758831472e-08
3184 0.0004205506045568115
3185 3.963854787732224e-17
3186 1.5769194786936937e-32
3187 5.224067959729469e-15
3188 9.655380022017235e-12
3189 2.3413190850083578e-12
3190 6.2729665804452145e-25
3191 3.21208834616827e-15
3192 3.834277960036128e-15
3193 0.004567133437183967
3194 0.0016397253569593205
3195 0.002982053474067041
3196 2.5587679893760005e-14
3197 2.2818138413108438e-06
3198 9.329801015040841e-13
3199 2.488441175898237e-22
3200 7.7435481141351985e-19
3201 1.3546750572470778e-25
3202 0.010376972757553372
3203 3.0158486865983736e-14
3204 3.3443893546025864e-09
3205 1.3762960694447859e-08
3206 1.2039522157991017e-05
3207 2.4083562387696142e-05
3208 1.127912871664914e-22
3209 2.1987592130024414e-17
3210 2.097101311033525e-23
3211 1.774975455921469e-05
3212 5.522632413393578e-13
3213 0.007051907132750878
3214 1.0130515295059635e-23
3215 5.14397254584665e-26
3216 1.9454605638974416e-13
3217 0.012753315400850106
3218 2.9401104466732694e-05
3219 3.2175845392399014e-08
3220 8.780152805856945e-10
3221 1.6272026632699005e-10
3222 2.6576631165070768e-22
3223 5.474988474612087e-09
3224 1.2976084282157827e-22
3225 2.117768342568102e-09
3226 2.8015630385500013e-11
3227 3.4938275092314176e-24
3228 1.1802610736807938e-12
3229 1.6243664754887002e-13
3230 7.412848922747544e-12
3231 4.6115419307892854e-11
3232 1.0921921980947911e-17
3233 4.566835007121529e-09
3234 1.579448889419211e-11
3235 1.6867088773644277e-15
3236 3.1081064933888254e-16
3237 1.0729854109906741e-12
3238 2.508702143233277e-09
3239 0.0006206129678226816
3240 1.5202709755288053e-08
3241 4.748699281084688e-20
3242 3.8162123922699593e-07
3243 1.871506762578002e-16
3244 6.330785028967294e-09
3245 1.3903500760869823e-05
3246 2.6949850420583336e-10
3247 1.6094211703012838e-08
3248 0.0002311647247622744
3249 2.1569837704929796e-09
3250 1.4308602977629709e-06
3251 9.243518996411717e-14
3252 7.995357023785036e-06
3253 0.00020186527795593238
3254 1.6115473667675175e-05
3255 8.219379730154316e-09
3256 1.9740862037844177e-21
3257 1.9820806716774146e-13
3258 1.872377438099473e-17
3259 4.053598776571415e-17
3260 3.065834126357253e-24
3261 7.638973288294848e-26
3262 1.30114136530142e-12
3263 3.355496844500664e-15
3264 1.298915945511392e-05
3265 1.1544603192372845e-11
3266 3.095727003386829e-17
3267 0.00013753972353090064
3268 8.341884910866241e-06
3269 9.289478675024582e-07
3270 3.7432775147715028e-06
3271 1.8208605001711036e-17
3272 5.901692189216499e-18
3273 3.67202122161928e-06
3274 1.0362988011478929e-11
3275 4.30359145900179e-17
3276 3.2521552255891566e-14
3277 9.402884301238505e-06
3278 1.2920145944033652e-09
3279 1.0601558098234864e-07
3280 7.1453527864234655e-06
3281 1.156512545731779e-09
3282 1.7547747738223875e-13
3283 2.5767919595446278e-12
3284 0.00013570912735205487
3285 0.0002493417390428991
3286 6.807201465366745e-14
3287 2.0662763006859174e-18
3288 1.444903020742186e-05
3289 3.129103557411735e-08
3290 5.783854987108997e-12
3291 2.404640725187976e-11
3292 5.567521725866321e-07
3293 4.5634812360543665e-26
3294 1.6992721148895977e-12
3295 2.419842706094645e-13
3296 5.240200468113123e-27
3297 2.7162177056050516e-12
3298 3.659825113705119e-24
3299 2.666327443011387e-05
3300 1.4380424295949648e-09
3301 6.845883013565567e-13
3302 1.7725578178386755e-29
3303 3.903595374196779e-12
3304 8.617066260004844e-30
3305 9.335013572598804e-15
3306 0.00040143789719661245
3307 2.4419330087010756e-08
3308 1.44478295573486e-34
3309 1.986767076061709e-21
3310 3.1067977447687184e-13
3311 2.769552989597629e-10
3312 3.87427259374078e-07
3313 3.1047953049748714e-12
3314 1.2486472439624463e-37
3315 3.4256916447938614e-09
3316 8.302280488362186e-07
3317 1.8522516084567836e-25
3318 1.4731638302347012e-07
3319 1.6584032800616075e-37
3320 3.9040160447229727e-10
3321 9.119864802508347e-20
3322 1.5491762854231777e-09
3323 7.115015373217541e-07
3324 5.883499503834396e-23
3325 0.0005037164970112154
3326 2.6279458551137746e-11
3327 2.581807681023812e-06
3328 3.264760126522454e-08
3329 6.36779469968064e-13
3330 4.278893056355934e-09
3331 1.2077338086389467e-06
3332 8.015837661488437e-06
3333 2.507664232652215e-05
3334 3.495138937432561e-17
3335 0.0006269484726843903
3336 1.2642517847448673e-15
3337 1.7362276858497548e-07
3338 7.745358656056367e-32
3339 1.0876627186375158e-06
3340 0.00023237557872458683
3341 0.00010729577109166202
3342 1.4096015880336196e-14
3343 7.783195508629944e-23
3344 6.078272349287148e-12
3345 5.781714973662187e-06
3346 7.654763829483704e-36
3347 1.498439654875064e-12
3348 7.034100704623157e-31
3349 4.900205463065368e-12
3350 0.03200735408831343
3351 1.2589736952519264e-05
3352 9.885923361247962e-14
3353 1.562678811421983e-26
3354 0.008165569562918184
3355 9.195313752731152e-14
3356 1.0174385652695721e-05
3357 1.527133361195211e-12
3358 4.4957269585577864e-17
3359 2.0546156435647745e-18
3360 3.1853629506305903e-06
3361 6.9452417034362226e-15
3362 1.7595474746136417e-16
3363 6.338878908073255e-10
3364 0.0002043382648976166
3365 1.8694411080087534e-15
3366 1.873560875240169e-30
3367 0.0030815160941354085
3368 7.318728042221338e-23
3369 1.000141707377402e-06
3370 9.171698737893622e-14
3371 2.2013365340463432e-05
3372 2.190483208461419e-06
3373 5.647346747108535e-07
3374 0.0028943229022684804
3375 1.0185012700430831e-21
3376 1.3726889375983336e-08
3377 0.0064606708588890996
3378 3.345302403325621e-05
3379 2.0935880895160354e-24
3380 5.093737127563268e-29
3381 1.5959138527237643e-06
3382 2.874999417336828e-06
3383 1.1317798335184245e-06
3384 9.722038786322627e-37
3385 0.00024590084556378453
3386 1.2535645195549566e-08
3387 2.751116776472174e-17
3388 3.039594928688447e-11
3389 2.1046370198952658e-12
3390 0.01286411704298348
3391 2.6216946567887008e-09
3392 4.532355432759182e-09
3393 7.066824233422777e-08
3394 4.749422971295119e-05
3395 1.0344933168926063e-22
3396 9.394152211254767e-05
3397 4.455848040993107e-13
3398 1.569482640257172e-14
3399 5.647450037518395e-06
3400 6.230694074404394e-11
3401 1.490181338142522e-05
3402 4.641756654113912e-10
3403 3.4291767014926595e-09
3404 1.0965284926821173e-08
3405 5.4107419103372985e-09
3406 1.4492634921926957e-13
3407 4.667107893216486e-11
3408 1.0486636355752786e-30
3409 0.00037047138713915297
3410 2.3018178462559384e-07
3411 3.4300869603327015e-08
3412 1.5643494812487072e-07
3413 5.062073809811538e-06
3414 1.3561182636108094e-15
3415 1.0504742313366091e-05
3416 1.0621573760235386e-11
3417 1.3196784887298277e-14
3418 6.288500536421625e-07
3419 1.0600953501302882e-09
3420 6.45281617270469e-09
3421 1.5512574237870537e-15
3422 8.863280926330378e-18
3423 0.00012480805688545307
3424 1.502811697414482e-12
3425 2.2715887523209695e-12
3426 1.084059968736731e-24
3427 3.741778591892713e-17
3428 2.5477291084895755e-11
3429 1.2312024454159508e-22
3430 7.627456743015503e-16
3431 5.953039423029562e-10
3432 0.0003995342548509268
3433 1.1300258146982433e-05
3434 4.695802672807792e-05
3435 1.203578749778393e-13
3436 1.6336051222641298e-15
3437 4.43764596234844e-14
3438 6.747007068800353e-16
3439 1.5099221465832138e-08
3440 8.633732444778296e-06
3441 0.006729182484728423
3442 0.0001810115809096101
3443 6.118785867083657e-08
3444 2.96515590446871e-16
3445 8.548747561104116e-12
3446 2.209935233230416e-11
3447 2.799758211455771e-28
3448 3.1284924316150835e-15
3449 3.205518102548868e-17
3450 1.2901347915982908e-17
3451 0.02036627470591713
3452 1.1879394535373553e-11
3453 2.026413608515741e-16
3454 1.5005907436768706e-17
3455 5.802201065106973e-31
3456 6.362325503297707e-17
3457 8.328087600217105e-05
3458 1.2468621493858332e-11
3459 1.918629380388496e-17
3460 1.646888581408193e-12
3461 8.279134078032487e-12
3462 3.8822848951020437e-35
3463 7.479174214193662e-05
3464 3.192283789931812e-15
3465 1.2064654960366194e-29
3466 5.1143072107671645e-17
3467 0.0008157214879672689
3468 8.087603217017171e-06
3469 1.0535535212985668e-10
3470 3.5253424440743256e-06
3471 1.906147795949636e-14
3472 1.4026345664985521e-27
3473 1.2093784019594555e-14
3474 2.4635770969280724e-12
3475 0.010428356127668584
3476 5.7758314878961005e-12
3477 2.1864607779833253e-35
3478 5.220603167796087e-06
3479 2.959594912904553e-13
3480 2.150101798940134e-05
3481 6.175676396628562e-22
3482 1.0800566391379857e-13
3483 5.9028921681915896e-15
3484 1.603465036938721e-13
3485 5.530125569573186e-09
3486 0.0002683494270831715
3487 0.0003877730318905479
3488 7.438312036701641e-13
3489 6.942929656419343e-11
3490 1.705831984918246e-05
3491 2.5691979572278848e-08
3492 4.4117062445377653e-07
3493 7.826138850021403e-12
3494 1.0554289964068152e-12
3495 7.690878310543509e-08
3496 1.808494399636087e-09
3497 1.152516684020724e-17
3498 1.3131505892062848e-26
3499 8.288639177183187e-11
3500 1.5054612716905504e-05
3501 2.84958384785485e-16
3502 2.452513076230535e-12
3503 1.1722144815482675e-19
3504 7.394132151517643e-14
3505 0.004111057053720881
3506 4.444935771404726e-05
3507 1.357769552613725e-10
3508 8.344637855591161e-17
3509 1.209805367671385e-10
3510 4.8441284196456736e-14
3511 4.82410347413007e-14
3512 3.767136455736538e-07
3513 1.0061791015752517e-05
3514 3.1150580138671223e-16
3515 5.874264425807145e-08
3516 1.757684733282084e-23
3517 6.822398655602179e-06
3518 4.68493620325107e-19
3519 1.949231845151556e-12
3520 3.1575013978549177e-23
3521 0.0024080950237951103
3522 2.7456701479887363e-22
3523 1.1188382905413895e-21
3524 3.1001065249474017e-32
3525 0.01605632915236044
3526 4.2630938278093626e-07
3527 2.2004440352708508e-34
3528 5.1820921860098004e-34
3529 3.3600446948110413e-14
3530 1.6004246086284756e-27
3531 3.118764476041194e-12
3532 4.9048248306900596e-12
3533 0.005195241691897266
