0 1.2018163903571547e-06
1 4.045025117696042e-05
2 1.1538542507031948e-14
3 9.058691064071022e-05
4 3.153762106677503e-07
5 1.434417565937224e-07
6 6.303399833047786e-12
7 3.9778311721570248e-16
8 8.580039870783167e-21
9 7.107021551434903e-32
10 8.227667312442505e-10
11 9.518378805441485e-15
12 1.4266368927462872e-07
13 1.9059207695883984e-30
14 6.380674515380968e-06
15 2.458153117333838e-11
16 1.694050902933571e-13
17 5.053956273893132e-09
18 1.1331126223813493e-15
19 4.164305966245352e-17
20 6.16283337850693e-12
21 8.940748757658722e-13
22 0.0012564860535407012
23 1.0889425441028322e-11
24 0.00028286760257222206
25 0.0004762270965016805
26 1.1595468596971078e-26
27 7.097833031882649e-30
28 5.7460942419610436e-08
29 2.0083965529106963e-09
30 5.587497102653681e-30
31 0.0021219088587050945
32 3.15373197950792e-46
33 3.4271379172265154e-11
34 1.897943686135894e-09
35 1.2943534801876004e-15
36 2.014210003574386e-06
37 4.197285190989699e-13
38 2.2591437864161258e-05
39 4.336939950036397e-06
40 1.0005940658603623e-21
41 4.25768417242949e-29
42 7.219783289503039e-15
43 1.8706992875842504e-07
44 4.603549702809105e-11
45 1.7592932822233094e-07
46 9.375172985700906e-07
47 0.0001298971419261784
48 0.0014984506239790708
49 3.475421576307097e-10
50 3.746834809307102e-07
51 1.3136084234666921e-14
52 3.461483780154279e-13
53 1.6695975797755806e-10
54 1.5297042601447134e-06
55 6.222294378661601e-05
56 6.233807280532058e-08
57 1.518708262540232e-28
58 6.787832905062305e-08
59 8.410934601128114e-07
60 6.575049523286698e-05
61 2.9965632341106265e-11
62 0.00012153566873131824
63 2.9540384569520843e-05
64 2.0620849361381283e-09
65 8.067235060341131e-08
66 1.3894174695883707e-07
67 6.396804860509919e-24
68 8.967243078682841e-11
69 7.756388767337536e-06
70 1.0743091629132498e-10
71 0.002499989271739775
72 1.6357442379552755e-37
73 8.239345985857909e-45
74 3.560327956986483e-14
75 6.1126137678838834e-12
76 0.0007332692645927226
77 7.326270092447566e-07
78 0.0019358036162227805
79 0.0016650769668556382
80 1.1263981340121278e-10
81 3.6325865513069292e-12
82 1.0738292623617205e-10
83 2.7478212768827093e-40
84 4.473643704710361e-11
85 1.1998887648952875e-07
86 5.633226067767947e-08
87 2.238328211828226e-06
88 0.000966904587654897
89 3.936284390592667e-05
90 2.2285967485601137e-10
91 1.8953645251590168e-10
92 1.3039534757817131e-14
93 6.785422266506417e-05
94 1.2312793438111374e-32
95 1.074848671840703e-28
96 9.245817363132693e-17
97 0.0006135499750878936
98 0.0003111963326542654
99 3.5738340222263586e-05
100 1.0383198980545817e-08
101 8.987035691372818e-05
102 0.0005576845291332783
103 0.0002338733335431625
104 7.594867328205156e-11
105 1.1578711649227222e-29
106 3.9826813071215305e-18
107 5.18425597784434e-06
108 3.1164949929921056e-13
109 4.3790074271243477e-07
110 2.848751325382975e-08
111 5.300461143487831e-37
112 0.00010757787273267378
113 2.1001988630021055e-22
114 7.902601612203541e-05
115 6.474880992243761e-11
116 2.3223578658270705e-11
117 1.174312822189231e-14
118 5.740226758726612e-11
119 4.418189283029197e-05
120 2.6489398446373503e-08
121 2.3947216001841344e-11
122 2.806687811075005e-12
123 3.3489732956205202e-15
124 3.77620816085483e-10
125 5.813251622264995e-06
126 2.9828109227343207e-07
127 2.9497837831079944e-05
128 1.9868696989852217e-05
129 4.0327593634456694e-07
130 0.00039487471967170095
131 7.206318148024079e-46
132 1.8730197075797743e-07
133 2.996772697694951e-10
134 2.366697965435558e-12
135 8.715960261014154e-39
136 1.908178071184129e-10
137 8.515187652745114e-21
138 1.4763722759374647e-27
139 1.8464320479392144e-06
140 5.110693096678023e-07
141 3.185258020456225e-06
142 1.3830943131725725e-05
143 5.0140602441189e-13
144 0.001493510554546777
145 4.758268550002148e-06
146 5.7107505681143036e-06
147 0.0013285132772204908
148 4.331843257382324e-21
149 3.400275831897444e-09
150 0.000407724285245881
151 0.0004617421584295981
152 1.504029722095524e-05
153 1.7118575545370935e-22
154 2.7872786517855963e-10
155 2.796480691886697e-07
156 0.0022553954208942165
157 5.088915230019362e-07
158 1.0080536925833119e-07
159 6.232893141105698e-05
160 6.256595953332273e-06
161 4.6423976766951475e-12
162 4.022852235364447e-37
163 9.947486400684068e-06
164 5.375924518118756e-10
165 6.100266979695512e-05
166 1.9279747082647682e-09
167 8.85222415135882e-06
168 4.713634229056301e-26
169 1.41180534853889e-09
170 8.880444037318996e-09
171 1.1555928512250639e-29
172 3.1638139546012415e-11
173 2.1375459152414694e-09
174 6.325223003939968e-06
175 2.0424199816841525e-08
176 4.653766267029287e-17
177 0.003702540578802017
178 1.694681066602598e-11
179 9.547609379600341e-18
180 0.00644874719106859
181 1.5213005529552835e-33
182 8.67998661401908e-06
183 3.6634945072496173e-10
184 6.296174907764147e-06
185 1.107481361916063e-05
186 1.3285141376135402e-07
187 9.593475555297627e-07
188 3.1995644153245376e-08
189 1.110907073863249e-06
190 2.6319415883814586e-06
191 0.0001787454128886214
192 0.00019432354148684686
193 1.6965172023983916e-35
194 5.186034404437821e-12
195 7.357555631465662e-09
196 3.134628735575582e-09
197 4.3194340163860746e-14
198 9.441562350998351e-05
199 8.95284938216206e-16
200 8.988423952592714e-06
201 2.1798707118710852e-08
202 6.927785775331201e-07
203 1.2714432991430448e-21
204 1.06998504001076e-13
205 7.27708057002799e-11
206 6.638656652315771e-10
207 1.1018512643981506e-12
208 9.716379021493416e-05
209 4.780265028531261e-07
210 2.2220303532909336e-22
211 0.0023887187041785004
212 6.133847884756467e-07
213 1.3922053230364914e-20
214 1.945551320521443e-05
215 3.083840762631935e-11
216 1.3114913799734236e-27
217 9.134596393870733e-11
218 9.438737837745972e-05
219 2.7314252540766266e-06
220 7.176452646921777e-17
221 3.8927425176801414e-13
222 1.7031754908924724e-07
223 8.824797461679093e-12
224 1.0342834358599179e-21
225 2.7397952957553918e-05
226 1.883915885526269e-05
227 1.4596732609038712e-29
228 3.750771796506103e-06
229 8.050097361961165e-14
230 1.0108246975158507e-11
231 8.455650487831508e-12
232 5.521318954845204e-05
233 2.3758033510815224e-06
234 2.7155498090840783e-11
235 9.882561665436925e-35
236 6.066201882248779e-05
237 1.8670146281110938e-29
238 4.5521498100448493e-08
239 1.2179085797745142e-23
240 1.1892808710183253e-06
241 2.361862939754803e-05
242 7.841306873323106e-23
243 2.103602815371598e-05
244 0.0009173443770862585
245 3.9826321798123566e-25
246 2.484150252830757e-27
247 1.8271280139391668e-06
248 1.7101839685566713e-46
249 0.030148379596072118
250 1.2337854060902234e-06
251 4.5399795256949e-45
252 0.00013373928858700498
253 6.742762571843989e-08
254 1.843142573046607e-25
255 3.771296081332563e-07
256 1.0564240199465475e-11
257 5.927071565360077e-40
258 2.028799000062387e-11
259 3.642320789254333e-27
260 7.277727207837785e-13
261 8.392049854091563e-11
262 6.2889330643631e-05
263 0.04577902379163041
264 1.5616085418927128e-06
265 0.04932627044668637
266 5.654627860707701e-18
267 0.00011823895084849662
268 0.00019470588310872917
269 0.00574389679576413
270 3.815737964705594e-07
271 0.0036027118133973935
272 0.0025489921548721094
273 1.276076749820489e-19
274 0.08583976101452508
275 1.2184618248457847e-11
276 0.2032215027610475
277 0.19742606662279155
278 1.2325868874914348e-11
279 3.7015909953110446e-30
280 2.5476286537409498e-09
281 5.805019612163839e-05
282 0.006548328945869216
283 1.7411370470415185e-38
284 9.99804282636846e-07
285 0.004553986133650994
286 0.008717211513107812
287 2.2883566557803855e-16
288 4.214480828470415e-34
289 0.001592836623990585
290 0.015476294215299304
291 0.0011341872113773994
292 0.3211914729042847
293 2.30709163214048e-07
294 1.8486014855718758e-32
295 0.0005688865169163736
296 0.03259603334415066
297 0.003813338080547336
298 0.0002876609858010033
299 0.014137009722629636
300 2.574869359238405e-07
301 0.029627427946612984
302 0.0001797601929842397
303 1.846513550230271e-26
304 1.2947751219310401e-06
305 2.0435179766554582e-06
306 7.53313703963654e-06
307 0.0006179842892047684
308 6.836090523643795e-07
309 0.0589468085990058
310 0.01889692531452771
311 0.1760112680357145
312 0.032448897187091826
313 2.039670275807945e-05
314 5.304487926868689e-09
315 2.212213702491744e-06
316 0.03653053836678502
317 0.024688817924308035
318 0.22002600197483366
319 1.109509872012678e-11
320 1.6315638566399979e-09
321 0.035517773740464324
322 2.2382287583578673e-07
323 0.03663378393590082
324 0.0005669233075982565
325 0.02288052831424762
326 0.06404238091672478
327 0.03900514135114818
328 5.002853537136807e-13
329 0.02628945661893587
330 0.02534924123159587
331 0.0003593569412171613
332 0.48791438141217097
333 0.004362910865124948
334 0.6874267444940967
335 0.12140527646234539
336 0.022369257488773997
337 0.661992591496921
338 0.7886831955794044
339 0.01619136521135513
340 0.7840643371494556
341 0.0018440743530675737
342 2.5833292658679013e-08
343 0.018273327231922275
344 1.8446374333090947e-10
345 0.021859008149273513
346 0.030476974956498846
347 0.010806087267578951
348 0.8568719293119239
349 0.8366067345587894
350 0.13192408045892673
351 2.289025449382273e-10
352 5.0443824416420254e-05
353 3.599352228529948e-08
354 0.743631199516192
355 0.8191686087421115
356 0.004550505127507827
357 0.8656260666990534
358 0.12779816606372066
359 4.393529774536535e-36
360 5.955635877448228e-21
361 0.29939718049497266
362 0.0029502157618228335
363 0.17630935650380475
364 9.526292200383329e-14
365 1.0772649618300156e-11
366 1.2021395881741874e-21
367 0.00040862089487923707
368 0.007261190790176205
369 0.80905641788669
370 0.0012591251954964093
371 0.00035552448280974744
372 0.0016650250094597256
373 1.990538532676166e-05
374 1.9365756901824175e-07
375 0.6259032889896089
376 0.004606173864171836
377 5.200852217905717e-13
378 0.0001119126644421551
379 0.7023736049743267
380 0.5639330727138359
381 0.00013536047328795053
382 4.4646003701101915e-13
383 0.05307774823928128
384 0.28205232329936303
385 1.255543939805498e-21
386 0.4628613207051649
387 9.425862519530387e-08
388 0.006318025607577603
389 3.7702693426975695e-12
390 0.3069744242643672
391 0.04651786105482468
392 0.047489904305274555
393 0.03146855818560215
394 0.2699014560076063
395 0.10057442876144673
396 0.33506919652858735
397 1.829410488769028e-15
398 0.029201934369170575
399 0.015004312086564352
400 0.006935597534635015
401 0.021842457464713593
402 6.022968481706393e-21
403 0.027847224215897203
404 0.3175033961857065
405 0.01274183333542128
406 0.3716816459436953
407 0.05640774194243715
408 4.654151631337361e-06
409 0.0005613501322235613
410 0.007682518557340663
411 2.2573547225775228e-10
412 4.7523096558646064e-33
413 0.18394625123033462
414 5.050470662711037e-24
415 9.566381024519237e-28
416 0.1859645963959393
417 0.2647585136539198
418 1.677391256365172e-07
419 0.3334372877572716
420 0.08726526500170187
421 0.07866027947671916
422 0.010534612258494773
423 1.860128547261265e-20
424 0.16668516739011752
425 2.914215072267534e-35
426 0.08190789349747078
427 0.2241891754147727
428 0.2375783799460809
429 5.108085564069073e-22
430 0.22631104477694408
431 2.620737537822468e-22
432 0.0004826923406379708
433 0.002533360702222518
434 5.118965299677625e-07
435 0.00010873284839882145
436 0.38543139957164535
437 0.07888207692204183
438 0.11350178476641021
439 0.004743596268536692
440 0.24905012679037697
441 0.005697787629935075
442 0.004850762741539858
443 3.339919363724659e-10
444 2.9134620939381804e-22
445 0.005611000741072889
446 1.2713340972491918e-05
447 0.31164928450341434
448 6.004321611079412e-19
449 0.005416522034648599
450 0.013152741767285698
451 4.997406606135022e-21
452 3.2708971478468424e-11
453 5.523215304738213e-08
454 1.5357622893539133e-39
455 1.979349631278301e-05
456 7.095894523039915e-07
457 1.3964772183961456e-10
458 0.350494496023934
459 0.0001693464720406146
460 4.39548859325149e-09
461 0.012411295448609989
462 6.423610135206886e-21
463 1.879319593171541e-05
464 0.30232531521955264
465 8.908885742328232e-05
466 0.0032242359221076144
467 3.429005112313554e-05
468 0.013603351240456854
469 1.797674696851116e-29
470 0.0038570649163670815
471 0.015625884601517565
472 0.36572636673881814
473 0.0003081680374290062
474 2.2582809293709935e-38
475 2.761817024077133e-08
476 0.014968130747596004
477 0.012927557758012433
478 2.3846754686419927e-07
479 0.06441444526920702
480 0.5428479366037091
481 0.43664913468690425
482 0.04281560891856258
483 5.079632263326153e-07
484 0.21846481994140257
485 0.6096382819379581
486 0.11941980711769024
487 0.6595566879456148
488 4.787086156703948e-16
489 3.3064910704655742e-06
490 7.526158865234511e-07
491 8.665859607604758e-07
492 0.001503693297513327
493 0.0031946314732794164
494 0.3261290020967529
495 2.928769161553494e-08
496 0.02404028285543344
497 1.735788845114871e-06
498 4.743607636120706e-06
499 0.2824874655189639
500 0.002567113974133653
501 0.00526288128848919
502 3.8511207141492855e-07
503 0.41742135002693453
504 0.4216172160249281
505 0.3553595292080586
506 0.08694411362148684
507 2.286175369188085e-06
508 7.068172495756467e-08
509 6.960334161568412e-09
510 9.284654489036094e-36
511 0.11952780001381327
512 0.02373804831345453
513 0.006024618903138011
514 2.3165324035928957e-08
515 0.011940073025088796
516 0.015902889343298976
517 2.7406311247168147e-12
518 0.002973009415479651
519 4.754816569111462e-08
520 2.7337979477696843e-08
521 2.272633653309791e-11
522 1.4233910276196382e-16
523 0.16523823980356467
524 0.00047200206823613556
525 1.386714048199709e-12
526 2.152821714767176e-06
527 0.016866171769904112
528 1.8508641387101433e-19
529 0.04321716425551179
530 1.9131314304554033e-08
531 6.618031983707382e-06
532 9.325815999954353e-13
533 0.113101126063381
534 3.7694369087755004e-08
535 0.14057399461972955
536 0.012698868462180834
537 3.621172679306351e-11
538 1.1131193241617375e-08
539 5.060235430995804e-09
540 1.880260386623848e-26
541 7.899427605901776e-41
542 0.03734968863992268
543 0.04884508784787031
544 0.7187187009041797
545 0.05999797481834666
546 0.004918214752683127
547 9.544944827260196e-06
548 0.012413347013082197
549 0.010451399866136846
550 0.06673129335251213
551 1.8079221955967998e-14
552 6.843793660603337e-29
553 0.02365396830376212
554 0.006957372685264166
555 9.132009183801069e-07
556 0.045632790576349294
557 0.005206468149772256
558 0.050211249108243
559 0.025886608229451456
560 0.07208447745346831
561 0.010638573881813277
562 0.0021034738635007156
563 6.33872794551726e-15
564 5.996077617959665e-13
565 1.0532351378560833e-06
566 9.520949010369436e-13
567 1.7291986992486168e-09
568 4.6882625977497394e-27
569 0.00040133775804892326
570 0.06532534268518457
571 3.02460675651867e-20
572 0.03349557725743126
573 0.0022040486457903462
574 1.3403244480303005e-31
575 0.014092641718251078
576 6.843575418615198e-12
577 1.1924420010916814e-06
578 4.8811846207483795e-05
579 0.005691263555493711
580 1.3025956814795718e-08
581 4.6073312339571296e-10
582 1.3261115971993432e-08
583 0.06303468509516316
584 0.018481349229881868
585 1.390222825901936e-12
586 0.08333036881309124
587 2.4599401294526834e-34
588 6.3048853909818324e-06
589 1.0754503200466364e-15
590 0.08703870531535654
591 4.412593071979516e-05
592 0.008706790749666826
593 4.727589245050768e-05
594 3.0631251898581684e-05
595 0.0003577834057310583
596 1.0537007561274418e-43
597 3.2544517318453172e-19
598 4.031292069216301e-12
599 6.831268542188341e-39
600 0.0005899829161420253
601 0.00015329870541385375
602 9.620459163923996e-10
603 1.8534772687178467e-12
604 0.01003732212913929
605 0.0024471705932031344
606 0.008581921364258515
607 5.603742020527082e-12
608 0.002208110019008204
609 4.637035086491462e-09
610 2.527621880606733e-09
611 4.266465223216228e-06
612 0.05014022892219467
613 3.40592200903994e-08
614 1.6168791798382755e-12
615 0.00028334668948359643
616 0.003591305041744484
617 0.005959834921689389
618 0.019000539766845667
619 0.0013345924945927072
620 0.0016378948161463007
621 8.366148099881343e-26
622 0.008559266760932853
623 0.05062145393835563
624 6.572370614077491e-13
625 0.10089512026880307
626 0.12175905583595645
627 0.007709147254151245
628 0.05321966781474071
629 3.542138681731857e-12
630 0.0034718641814189765
631 1.85064293979222e-12
632 1.6483638481874769e-06
633 0.05351062471780713
634 8.574536928456778e-26
635 1.743489531720139e-29
636 0.0343697775474413
637 2.9776256139479487e-33
638 5.074479386860372e-06
639 7.231539454037493e-17
640 0.008570658780430236
641 0.07528236182033703
642 0.05746290317602664
643 0.006518020818742351
644 0.0030840954005374845
645 1.0044282643130117e-16
646 0.003793456034364696
647 0.002912212081905466
648 0.7498771040980958
649 2.1214381913994458e-16
650 1.9153475526459048e-06
651 0.8170822894482849
652 0.11714801737273811
653 1.0615554096710411e-19
654 5.66738632462276e-28
655 8.433941792986605e-33
656 0.0473803273235874
657 2.9559385992422327e-10
658 1.4753027574929072e-20
659 1.381181265280712e-15
660 1.610684830742084e-06
661 1.379851138860885e-32
662 4.043306437552157e-06
663 0.6627685874856808
664 1.2301431699340813e-09
665 2.0441100234330444e-09
666 1.151910872677762e-05
667 6.506231853384745e-07
668 4.104564034607013e-06
669 0.0022639895239592147
670 0.01120455643226066
671 3.799491568990925e-05
672 2.301445541554933e-10
673 8.980428470561435e-31
674 0.004539446291686894
675 0.08094922665394481
676 0.009371510307061817
677 0.06307340677418197
678 0.07378925190629575
679 0.006211075512893932
680 0.0017970308199486552
681 0.0006605878683882675
682 6.298003572003735e-32
683 2.7210786615579567e-05
684 1.2907419990562196e-08
685 4.897482485718148e-17
686 1.6626931612857883e-06
687 0.00037919605683704396
688 1.202766476846957e-12
689 0.00013919723918590971
690 8.123614902390032e-05
691 0.04476769702802781
692 3.5586108989087234e-13
693 1.4637255057950053e-11
694 2.903594627736403e-26
695 0.0009254162014224095
696 0.0005445260165871043
697 4.646937382935297e-25
698 0.10176474342345561
699 0.00017111676128237632
700 0.0052482436061486335
701 5.2498214467593076e-05
702 2.2029334722326e-05
703 0.0007591258657240336
704 7.56970038424466e-09
705 0.0063770051436118
706 2.0191743236741742e-08
707 8.032782392469946e-07
708 2.5092959734245045e-20
709 6.85827118900011e-27
710 2.5781525946299416e-12
711 7.243682444174042e-07
712 0.710177872999527
713 0.022108179604209393
714 3.873158644836338e-18
715 1.694163610956104e-24
716 0.0074143714111200125
717 3.836688582314661e-09
718 4.951909745585767e-09
719 0.006633993367996026
720 0.0005027370700955319
721 0.00035278009330716426
722 0.000247210301168346
723 0.13897066595041263
724 8.274167618862906e-06
725 3.33372206908184e-25
726 0.000694766054683142
727 6.590144038050662e-09
728 4.26849711714806e-23
729 0.5824059087434538
730 0.0001642933454329379
731 1.5899704985166855e-16
732 0.06460862392180042
733 1.0708256511815555e-26
734 1.642129393716496e-30
735 2.5274528975190474e-17
736 0.5641987929977904
737 0.10690671838576982
738 8.52964762386542e-24
739 2.284521368505777e-25
740 2.6226338696895162e-05
741 1.4529618464007412e-24
742 1.1005990806563902e-15
743 0.00039118375044583744
744 2.0951666017759487e-05
745 3.2328858463029116e-20
746 0.01099665915842717
747 7.393327340019823e-07
748 5.181804683221608e-16
749 0.6638432650117274
750 0.08939478934613934
751 2.0001008434496596e-06
752 0.02815283063073899
753 0.023466719669025606
754 8.910849768003854e-17
755 0.0008205536380173002
756 0.0017300944262707764
757 7.187806437930849e-09
758 7.87936029007025e-26
759 0.006262085552932201
760 0.6739979186177619
761 0.5823409592266631
762 2.793778030828789e-19
763 0.0002537850415416338
764 4.5976555911637654e-05
765 3.3891462942941534e-05
766 0.010951026179179592
767 2.4785797099651745e-30
768 8.21340989529863e-25
769 0.008053758939357163
770 2.5531718847040994e-13
771 0.01008318189607638
772 8.276302083454432e-05
773 0.03440441475523432
774 5.973841538220348e-16
775 1.5965013408451475e-06
776 0.01902227291991323
777 0.00047760058038960303
778 0.3045563360959988
779 0.00015237760052511519
780 0.004133089705831551
781 2.5851874792952446e-05
782 1.8800565859154334e-21
783 1.1489146104984143e-07
784 1.881030975933127e-18
785 0.001721214327593201
786 1.094196310384787e-33
787 1.7054244502923656e-21
788 0.001324035997419035
789 0.021905410495238576
790 0.1524719591021919
791 0.007270443757192196
792 2.4382039589091843e-17
793 0.0015195202734619162
794 7.10134379129623e-17
795 0.0008421176917742598
796 0.12739524895604837
797 1.501096870181804e-13
798 9.162510915345836e-11
799 0.5362867418909464
800 0.0007928787781315912
801 0.00358414141256421
802 3.903055569467709e-24
803 4.619566110249599e-05
804 5.0462705161838336e-21
805 1.555888641301057e-20
806 6.028829473465916e-14
807 2.722659701676284e-13
808 0.6264412626933868
809 0.0006794477959793172
810 0.007738561665104765
811 3.0995742061296e-08
812 1.2974057451161804e-11
813 2.384845519652447e-09
814 2.0635354091828313e-07
815 1.1586716189697043e-22
816 0.12715043549436705
817 4.237081072391878e-30
818 7.925006050456488e-06
819 1.4948720963925204e-07
820 0.0059255158970817874
821 2.873704921613396e-08
822 6.841916050599219e-05
823 2.7437015190743645e-28
824 0.024791158017279418
825 0.17251755521858306
826 1.3053608380387382e-14
827 1.3852043666249102e-20
828 1.2696691002216029e-08
829 1.3870370775131446e-09
830 0.04517425389516516
831 5.34446666230165e-05
832 0.09887735417515746
833 0.09081988484473555
834 0.0003295846629786333
835 0.07784859600855436
836 5.510133321980629e-15
837 0.7011923961451026
838 6.625771904157062e-07
839 0.00017954529004680542
840 0.10349110532633737
841 0.004822981031641607
842 0.049394171792862304
843 0.0003491818783579426
844 0.006510382577980297
845 0.0005094952399064224
846 0.00687299077733974
847 0.5087969064650656
848 1.7510531144630663e-27
849 5.536292519462754e-20
850 0.04559638728697094
851 0.0005376013818181785
852 0.00028052672941536184
853 0.0007113351994786096
854 8.092345363737295e-24
855 3.034794942612196e-14
856 0.21222606167080504
857 1.7327500679804466e-32
858 2.0514337659260597e-31
859 0.00029370854410252915
860 4.857456357310852e-15
861 7.67159474194629e-09
862 3.697619351310832e-06
863 0.000942205091120803
864 0.08570363434807698
865 0.18068758349319175
866 2.4113581964481136e-16
867 0.000294827593165473
868 0.05056524638489831
869 1.5530200941451248e-11
870 3.2614441268700456e-12
871 0.0026621874376879825
872 5.481090467117813e-11
873 1.8366779573255172e-05
874 6.8167217145138975e-06
875 4.799326468243185e-19
876 8.791476120653659e-05
877 0.00020969978728270378
878 0.005955451768604863
879 0.00017851127169219997
880 0.13806385262636933
881 0.0008077677620137743
882 4.141020843564891e-06
883 2.067576704593691e-09
884 1.754584668586532e-05
885 2.1713763373628737e-06
886 0.1756674824984656
887 2.100935599680506e-07
888 4.173286361376624e-22
889 1.4894222335859244e-10
890 0.01814459523905086
891 8.298771021637192e-14
892 0.1139862045423202
893 0.0006337252132491127
894 1.0398259617755963e-10
895 1.81360499045732e-13
896 2.543986911251239e-10
897 0.23755140107877132
898 2.817840694343615e-13
899 0.0717104150478359
900 1.8428969232464096e-14
901 2.7778261959478052e-15
902 0.1311774572442693
903 0.03882442511366481
904 1.2335416707370519e-15
905 0.011999546970103872
906 0.012765467183904146
907 1.7942376341318134e-42
908 0.0006816078709784802
909 0.001299108186580365
910 0.005503617495912979
911 0.0012461363432696596
912 1.2638840187837507e-18
913 1.127681464221434e-24
914 3.108344433435126e-08
915 0.09270589671615503
916 3.778545895241142e-09
917 3.3251910527882264e-11
918 4.857425174979854e-13
919 2.0771742643144706e-23
920 0.1661700973861857
921 1.393625410671434e-05
922 0.0005831560306205457
923 3.7035835905532624e-06
924 0.0006632524698530815
925 8.774128702496888e-26
926 3.08224852833732e-21
927 8.054288850990649e-12
928 6.378560348713361e-05
929 1.8148139678756933e-05
930 0.09504715105429519
931 0.0003745158105724334
932 2.937775230428597e-10
933 4.062291559740772e-05
934 0.7406969410893136
935 0.0002244300186305008
936 5.095613342977601e-07
937 0.0027077878642963247
938 1.4314465580444691e-22
939 4.600893805231224e-17
940 0.044460753293955255
941 0.00859738060116339
942 0.537504207581445
943 3.690946064060604e-07
944 0.02669255212352654
945 1.4977668392818132e-07
946 0.1255007990665115
947 1.6473160471020315e-05
948 3.894065743787236e-07
949 2.6304299698909305e-07
950 2.198613217050751e-07
951 0.09282838397486658
952 2.6269897044532104e-06
953 0.6978526466264354
954 1.1254510077049946e-07
955 0.00014642614085457907
956 4.6888963365054434e-07
957 0.029920370502848664
958 0.07013141424626773
959 1.7486557260698525e-05
960 0.0009449667873017552
961 2.398803024936428e-05
962 0.684407167731649
963 0.07535582931849119
964 2.1909304413555078e-29
965 0.0003396987800923572
966 0.0731767296073897
967 2.0529736669953095e-14
968 1.752049141507453e-18
969 0.08283137540882007
970 0.03697298720938469
971 5.1124792746904444e-14
972 0.00035708564336622866
973 9.027819273588124e-06
974 0.0030417996904496584
975 0.00033297620267041525
976 0.0013976307406452571
977 2.849789456114638e-05
978 0.0004292125710892449
979 0.03274567826588309
980 6.164242998827097e-16
981 7.169518078310995e-06
982 0.00027939327011683516
983 1.748590228067609e-21
984 0.0004738418873195139
985 0.02754540078987057
986 0.004857109088131567
987 0.0002822646097407761
988 1.1866304085511418e-17
989 0.21448796228023856
990 9.22611835760475e-16
991 0.00026812202595323536
992 0.03867334879457182
993 0.0038852785779674767
994 5.90464004806888e-17
995 0.051235015505060086
996 1.2832373451899926e-05
997 3.113186972065742e-11
998 0.15347489999669733
999 0.10748304356011597
1000 0.7851667147432687
1001 0.0003097068306360692
1002 4.356108081482645e-06
1003 0.03403035487799801
1004 0.1574673356003574
1005 8.777246126466137e-10
1006 0.0002731708095747742
1007 6.011907926237353e-16
1008 6.5588003448448e-09
1009 0.014787945169673295
1010 0.001431345111782645
1011 6.581280413398535e-13
1012 1.241321202171375e-17
1013 0.00019647180117199792
1014 7.489635409111264e-11
1015 0.0005409440971860183
1016 1.475349380513179e-19
1017 0.0001281053129777565
1018 1.526803695674928e-05
1019 0.004600457447514039
1020 0.2505116771219688
1021 0.00025961766507885003
1022 3.089360760576579e-08
1023 0.011148407878956464
1024 0.0006992197834596942
1025 4.095457492373923e-09
1026 0.005438492102568736
1027 0.0019418590049106934
1028 8.986657450182621e-05
1029 0.1399180513324841
1030 0.0002759589187168794
1031 0.7629474155942515
1032 0.026707120634686922
1033 0.01452363498705056
1034 0.00030615853132667353
1035 0.0018670708370226942
1036 0.11918770722608975
1037 6.385969772338382e-06
1038 0.022851705595565153
1039 0.13171630055055664
1040 0.001480695107195517
1041 0.011799688785811908
1042 2.5229051266716565e-05
1043 0.007613546331071388
1044 1.2026245289303026e-24
1045 2.1604648445446683e-13
1046 6.016807781199595e-10
1047 0.7566829047001343
1048 0.0045012647152585525
1049 0.02264121244208683
1050 7.338557643871947e-08
1051 3.0849231561582347e-10
1052 0.00020888407371235946
1053 0.00016843363971215527
1054 0.00013034025390289044
1055 0.0036388546997329907
1056 0.0006990931388470681
1057 0.0001942559119582894
1058 0.026954327454969288
1059 0.09996393248471172
1060 0.03781103287068529
1061 0.0017417448833742042
1062 2.1863238418990613e-08
1063 0.0007093557919942634
1064 5.36327021470795e-18
1065 0.04376617593354458
1066 3.2211398154332805e-25
1067 0.04135753050024077
1068 4.91380140743451e-07
1069 0.04395003533643982
1070 1.1520044427311493e-09
1071 0.0003843053683962289
1072 7.605339483203325e-06
1073 2.6712152740115e-05
1074 0.0029430399957069363
1075 3.3014978035093545e-12
1076 0.02347842250188118
1077 5.462225073006843e-07
1078 6.297489180935086e-15
1079 0.0475170368754899
1080 0.030211472243586904
1081 0.0012284096884319113
1082 5.136863713100614e-09
1083 0.04205834319906208
1084 0.04828696726919515
1085 0.06713070183082549
1086 0.022638564231029154
1087 5.0934041698909545e-16
1088 0.22384158580501431
1089 1.7956242387463934e-06
1090 0.019035522094190786
1091 0.0015173199949152572
1092 0.1924012469927017
1093 0.00013328118576083793
1094 0.0036353306358899782
1095 0.037900448797494046
1096 5.762833261587687e-05
1097 0.0026551605921119577
1098 0.04472542762182584
1099 1.4298057521772211e-05
1100 1.3386853851879985e-13
1101 0.03072298578913608
1102 0.21486370299198707
1103 0.05564377080612813
1104 0.002697819463373502
1105 1.7150126243829584e-16
1106 1.9764315647899054e-09
1107 0.15312414405490407
1108 0.028741089254104332
1109 1.8960463149948258e-11
1110 0.09956467686352391
1111 1.0912187990399927e-09
1112 7.849798114535765e-06
1113 0.07852276843288725
1114 0.0010872702514296494
1115 9.054701005424443e-09
1116 0.000533271896104387
1117 2.9132584376154186e-08
1118 4.866538443024233e-23
1119 0.1738239400185754
1120 2.0500832233030358e-07
1121 0.0012680874336103984
1122 0.000718759481477792
1123 1.3810325562650423e-05
1124 0.003648962120867727
1125 0.11060741861090245
1126 0.001293815632356303
1127 0.07616661470787241
1128 4.6640138174489904e-21
1129 2.2330560572643615e-11
1130 0.12379665384581663
1131 3.6395451128153216e-12
1132 0.6674735565886756
1133 0.018470977679917615
1134 3.939364736919944e-23
1135 6.993891534221948e-05
1136 0.000837154112049496
1137 5.8120905960907e-07
1138 0.0495918108080695
1139 1.711523638870554e-07
1140 1.253691235314703e-07
1141 4.356875414464797e-18
1142 3.636630177525085e-20
1143 0.0008376768727041803
1144 2.0571310261067537e-08
1145 1.2624603926472314e-07
1146 0.027951920371662234
1147 0.02790219855555178
1148 0.0004944140622140986
1149 0.03137454887468607
1150 0.6530030533049141
1151 0.00022205915208832816
1152 0.0002138552001350587
1153 0.1023952189128358
1154 3.733653613075536e-09
1155 0.008053578700156936
1156 0.09722658419493234
1157 0.10827323818949518
1158 0.036008905729696304
1159 0.00022715520284482955
1160 2.653923040970876e-15
1161 0.05157877614635613
1162 2.3720342306974383e-09
1163 0.069521023977739
1164 0.0009232630840245741
1165 0.05003769851622616
1166 0.17845007562549042
1167 3.6408083199317526e-07
1168 0.004128617714533182
1169 0.0003583858296973599
1170 0.20241100342670423
1171 0.00024898701525701846
1172 0.09444405371148867
1173 0.0004948290247505896
1174 7.349562307665242e-09
1175 0.7107149468081178
1176 0.0010744053975318137
1177 1.4717007384464082e-08
1178 0.0011888065707403206
1179 0.055338331596223776
1180 1.0375685610227248e-06
1181 0.011385145942469132
1182 0.0062343110372810725
1183 0.44991165021494284
1184 0.001259436691127202
1185 0.1615779148768677
1186 0.08168202616178945
1187 0.06585794421791451
1188 0.03705172577114816
1189 0.0014839263706589356
1190 3.110917678378212e-05
1191 0.002283588218727969
1192 0.0002607192347136577
1193 0.19962245681683347
1194 0.0018819672624104055
1195 2.2026428496696694e-09
1196 0.23135114979109972
1197 5.752447777298934e-12
1198 0.00034043992511034163
1199 1.8424087721790945e-08
1200 0.0010632533806182634
1201 0.0008022886355729011
1202 0.021553629486376204
1203 4.733040117372402e-14
1204 1.993489464593771e-08
1205 0.15774248774312308
1206 6.794868210317205e-08
1207 0.0005191795346365802
1208 5.2312255773181474e-05
1209 3.9295943867704404e-13
1210 0.0013697899706608477
1211 0.1798916297161161
1212 0.13538440652960268
1213 0.07724464768817571
1214 1.6445763166491744e-20
1215 0.005151695300162297
1216 0.0005817497148692375
1217 2.8382109211003233e-18
1218 7.63619709054661e-05
1219 0.000125735423140666
1220 0.6687688481454455
1221 0.0006319354063089765
1222 1.1335268096079012e-05
1223 0.0007255405360486176
1224 1.9621741494915877e-08
1225 0.0007462665373374443
1226 0.024603036021451134
1227 4.400320762084177e-06
1228 0.016908828048387746
1229 1.0540455057171588e-13
1230 0.04529107908425586
1231 0.0317072337284769
1232 0.2822262017572501
1233 1.90914195565239e-05
1234 1.9905325249173025e-06
1235 0.07556987323023369
1236 3.250135936930714e-17
1237 0.02403429558355301
1238 0.00015227941283100951
1239 0.05528115903093538
1240 9.2338844608403e-19
1241 3.047659650222002e-08
1242 2.704858659844705e-06
1243 4.7209167939222616e-06
1244 0.00022907003456701787
1245 0.04714552173831934
1246 0.014467447269495079
1247 1.383959298612907e-07
1248 0.00227927252211084
1249 0.5092439470388792
1250 0.22384900005129038
1251 0.0003053413572105889
1252 0.4143036221532698
1253 0.01269014994517538
1254 0.2509364547369984
1255 0.03258532955016315
1256 4.1808520627181624e-07
1257 5.120388240676127e-09
1258 8.037931802894013e-13
1259 6.729780521083164e-05
1260 1.5510537753934943e-13
1261 1.004847321882265e-06
1262 0.5698577054904981
1263 3.10266813784961e-05
1264 0.5959182784670601
1265 9.776356131343749e-07
1266 0.049448812368192055
1267 0.018689213303092846
1268 0.0003096801042958874
1269 7.145466405580631e-08
1270 0.002662590152751999
1271 1.1033000619852347e-05
1272 0.0005225764024528761
1273 1.3216671551356707e-16
1274 0.2615383800984872
1275 0.05506129112606139
1276 5.088380844194249e-07
1277 0.009066070629880792
1278 0.13427272335580087
1279 0.08631021611542014
1280 0.00026925738820539954
1281 0.0017046154877222068
1282 0.298969796778795
1283 1.8235791394444366e-10
1284 1.2696405193473953e-06
1285 0.11807989555615071
1286 1.1759905888994233e-09
1287 7.132766081704043e-07
1288 0.0004439767883266563
1289 0.0006368758927319697
1290 0.20843755136421543
1291 0.11381060571018707
1292 0.1605949949863437
1293 0.24098214914142982
1294 2.4537977270162482e-06
1295 9.467636437301354e-07
1296 0.21674381795075368
1297 3.206785881834337e-17
1298 0.020106085319373374
1299 0.6148909518152496
1300 8.185478969940738e-07
1301 0.00929401517045283
1302 0.00601640654470076
1303 0.31628016895655153
1304 0.029482620134187374
1305 4.0553521449646646e-12
1306 2.4035410170191662e-15
1307 8.937144171704712e-07
1308 8.904640008364226e-05
1309 4.705303442410614e-05
1310 0.28254421152226733
1311 0.01194970582212952
1312 0.0035957654958774306
1313 0.4315552840966612
1314 0.00031358814379226884
1315 0.0006656852236415398
1316 0.0014303735652673993
1317 0.00045971997909186014
1318 0.6428308674015695
1319 1.7387354787745625e-05
1320 0.001716080152912604
1321 7.707159791547825e-06
1322 0.04080736581979611
1323 1.5179209825679672e-05
1324 0.002755743789639146
1325 0.49361453840482156
1326 7.423134078295633e-26
1327 0.024717543651159732
1328 0.5803229106283931
1329 6.5415329154314735e-06
1330 0.19338074894366494
1331 3.768797311962563e-11
1332 0.00028174684611123775
1333 0.00022301909917872643
1334 0.0008138563096908822
1335 0.0026246598075259126
1336 4.964734097463896e-05
1337 3.345523815241897e-05
1338 1.2589675719092305e-06
1339 0.03695735464245852
1340 0.022063205712582388
1341 0.06822233242822606
1342 0.3586511942223186
1343 0.002201244357577855
1344 0.01047819223550344
1345 0.6354933227221397
1346 0.4746583284871058
1347 0.017863534229900974
1348 4.8479211532811605e-06
1349 3.605676049279972e-05
1350 0.013042874136787716
1351 2.1147897312102877e-07
1352 0.02822727716531042
1353 0.0013939292693737001
1354 1.600653588686871e-08
1355 9.863892591579603e-10
1356 6.356902304594857e-05
1357 0.029696327887963368
1358 0.025519162376499902
1359 0.48409782427218956
1360 1.4561928247691064e-07
1361 0.0007704192295636139
1362 9.475497194179777e-06
1363 5.6129834910693654e-08
1364 4.35894673982165e-08
1365 0.00021967707496757223
1366 0.4344106312858887
1367 0.16903503834833944
1368 1.0857693606348828e-14
1369 0.015621840912911203
1370 0.2966234404360646
1371 0.0028019416336754637
1372 0.003095710749663125
1373 0.0008351447868081759
1374 0.000799939259773437
1375 0.0031366693445457564
1376 0.00025259057033160233
1377 2.339729761356418e-08
1378 0.2826436025882885
1379 2.0501174953161866e-12
1380 0.16331399711548605
1381 0.002125512153413473
1382 0.1382596995541036
1383 0.0013466578194811331
1384 1.338931017373872e-10
1385 0.02852270816439938
1386 0.026384375748472487
1387 3.395610795534279e-05
1388 0.790671548124267
1389 0.1656413085862165
1390 0.0019600450443757926
1391 9.701326106271511e-05
1392 2.3617188445911576e-05
1393 7.218856715914945e-05
1394 1.1304523000092421e-05
1395 1.4046097831538324e-12
1396 0.0001223341677815825
1397 0.23968558715064403
1398 0.28549283435831635
1399 0.8055194744134601
1400 0.5497048548567751
1401 0.041540865208303884
1402 0.00018740297197634675
1403 8.106856761501985e-08
1404 3.9043915859694475e-06
1405 1.4102602619647644e-06
1406 2.6486491521258716e-07
1407 0.026975400209372224
1408 0.03836203558210074
1409 0.00032139304324823654
1410 0.00025522996474589287
1411 9.060501111990518e-09
1412 0.0002994726689856325
1413 1.7808534819933636e-05
1414 0.06033960086550378
1415 3.4732334644392183e-09
1416 5.422827778552632e-05
1417 3.8355474207077815e-12
1418 3.224331722739265e-05
1419 5.3352516040674243e-08
1420 2.4436086182234663e-06
1421 0.09369332821496212
1422 5.271079935469146e-09
1423 0.633288886047816
1424 0.00029629971855116597
1425 8.295671078544847e-06
1426 1.4154273252389841e-15
1427 0.025716924984301972
1428 3.1473101002815785e-06
1429 0.0007913813959030813
1430 0.6736827197664762
1431 6.134672961203571e-07
1432 8.618112955759937e-05
1433 0.01686824306779949
1434 0.13001191957585215
1435 0.0008672885111754702
1436 3.3408955438488842e-06
1437 0.04673592987296351
1438 0.029863903864623554
1439 0.03916346794768333
1440 1.6256721307316237e-07
1441 0.0003006596583921702
1442 6.145473430076224e-10
1443 3.063249872684585e-07
1444 2.5571630401194283e-06
1445 1.5004007176214755e-07
1446 0.0014895390680460298
1447 1.9253602450902148e-08
1448 2.874267130148182e-11
1449 5.3631446494912056e-08
1450 0.0006696158638170735
1451 0.36253204436150427
1452 2.889389595314006e-05
1453 0.00025201742175106446
1454 0.0017033484173112382
1455 6.733420583221303e-12
1456 0.3061031462515308
1457 1.2183027862195281e-05
1458 0.07184475688645414
1459 0.012923823788701732
1460 1.1382194011725876e-06
1461 0.002038881105567603
1462 0.07143733779725586
1463 0.5610839995563157
1464 0.12258045014110308
1465 0.0001018894781653796
1466 1.1508710321028761e-11
1467 9.734754004538878e-08
1468 4.526914087594109e-14
1469 6.307147438222815e-05
1470 1.4216784838543745e-06
1471 9.289953289999496e-12
1472 0.0005138469317248372
1473 4.013431546579474e-08
1474 0.0021888558364850505
1475 0.04935587475013499
1476 9.3313023570242e-06
1477 1.9028247284451418e-05
1478 3.2472855196973662e-09
1479 0.003002889011304125
1480 8.918970211437962e-08
1481 8.229581630107191e-05
1482 0.00035384460977382634
1483 7.2650277623510465e-06
1484 2.1996769033920542e-11
1485 7.542177812909829e-05
1486 8.598975063947072e-09
1487 4.164214551067658e-10
1488 0.0015752991421693376
1489 0.0587333674770038
1490 1.6472484744286397e-16
1491 0.00014223647575006362
1492 0.09588097411911885
1493 0.0021076882789745313
1494 0.018681481778293936
1495 3.884680149121332e-09
1496 0.3068978475515359
1497 3.766746100464454e-06
1498 2.648582069817184e-08
1499 0.001839371075371629
1500 3.539779771428463e-10
1501 0.0018967915254392022
1502 8.379482968958945e-06
1503 2.0396699385265428e-11
1504 0.12365223981181668
1505 4.443404966008768e-06
1506 0.558450475845598
1507 3.6885447697052583e-09
1508 0.0023783012279353097
1509 0.0007376070791497695
1510 0.23020109166775082
1511 0.275043120895925
1512 1.0217173530070376e-05
1513 0.03926792266421086
1514 1.6205584277108796e-05
1515 0.17377433875373266
1516 6.000797083307344e-10
1517 1.9047987883969919e-06
1518 2.0047309057237117e-07
1519 0.002946805911161695
1520 0.0025913301963413414
1521 0.001812014563225418
1522 1.2256804154888847e-07
1523 0.0002242437465640401
1524 0.0022920510949154737
1525 0.0034056738308993143
1526 1.4838615572702378e-09
1527 0.01085768699515606
1528 5.883703767752704e-12
1529 1.0593656817085109e-15
1530 1.0575253421808617e-07
1531 0.00020552009473304497
1532 1.6814401631667339e-12
1533 0.08438493199341476
1534 0.0019004179225192844
1535 6.953079368762708e-07
1536 5.867754825190031e-13
1537 6.656337685731258e-14
1538 0.0002453916802064653
1539 0.0001439333843318381
1540 0.32957813153648285
1541 5.931503829695193e-07
1542 0.00216078031997461
1543 0.06729976518934755
1544 1.0844779863676484e-11
1545 0.03630841044609737
1546 0.7689409500647213
1547 3.8131138523406765e-11
1548 9.807765351290906e-05
1549 0.05957207535644405
1550 0.0013815075314586376
1551 3.2547917236128885e-18
1552 0.0048034452775977884
1553 1.3927257591067115e-10
1554 0.00015954219092707456
1555 6.6149958412986145e-12
1556 0.04525077334121314
1557 2.259441490662225e-11
1558 8.346588172489825e-18
1559 2.3915599530503202e-05
1560 0.4426561934485954
1561 1.9796870555798095e-08
1562 2.001433115108295e-08
1563 3.952787925914641e-07
1564 4.646271730714502e-10
1565 1.0345915328336747e-09
1566 2.1543595623203937e-05
1567 4.518646643958383e-09
1568 8.60300525167821e-18
1569 1.938116865026116e-06
1570 1.7450819254230417e-12
1571 1.2042372142102536e-08
1572 0.051653860953266476
1573 4.022852101363075e-14
1574 8.468610802881137e-08
1575 8.873190159063227e-05
1576 0.0006132248380111601
1577 1.4144192047756922e-09
1578 8.833622855652969e-10
1579 3.816836524245796e-10
1580 1.6165294351701724e-07
1581 2.709348306586381e-06
1582 0.02250550907234631
1583 4.222156914468681e-09
1584 5.762516684049482e-09
1585 0.010642297874872747
1586 0.005389867149612934
1587 0.011049142814654179
1588 1.0305538528810469e-08
1589 0.01608160489877773
1590 0.00010117500225977492
1591 1.0295455333138519e-11
1592 7.81908623183558e-10
1593 0.0005216527215635603
1594 0.005267108423171329
1595 1.0481041069535674e-07
1596 4.820265494589995e-10
1597 2.0717919944916266e-06
1598 0.00010149774216035675
1599 0.029220832570558193
1600 0.00019735356550327205
1601 1.0501153916934437e-09
1602 0.004553696793732518
1603 1.9742225375029913e-15
1604 7.122473031862957e-13
1605 1.10894916457252e-09
1606 6.841569874741212e-09
1607 8.791484533820338e-06
1608 1.4987265490575726e-07
1609 0.1144298319963154
1610 0.13526355739879684
1611 2.5405620943161074e-12
1612 0.00023021807129839153
1613 1.3698806528851757e-10
1614 1.0612100339524398e-12
1615 7.290720345352447e-08
1616 0.001043150821446466
1617 1.4911231015018742e-07
1618 7.909827135489035e-05
1619 0.0002616712742409764
1620 0.19105622952793153
1621 1.0204930659817316e-11
1622 1.200797103337141e-12
1623 7.03772211165522e-08
1624 0.00019938482270226952
1625 3.8280475367967954e-14
1626 0.1470230216755286
1627 9.394304189999632e-08
1628 2.6294021381353647e-05
1629 3.9348778647743385e-07
1630 1.1170824104750498e-10
1631 3.282754309143451e-11
1632 0.02070028632197169
1633 0.0033444895721274474
1634 5.4369292087769953e-08
1635 2.4762907910070038e-06
1636 0.0020562244875106253
1637 2.0361732191753914e-09
1638 0.0012262229961962562
1639 5.69705896559315e-06
1640 1.3893338416172696e-12
1641 9.49712476980928e-13
1642 3.653211901663964e-12
1643 3.3014989403000044e-07
1644 8.861523312738051e-08
1645 2.2359077918260868e-08
1646 1.2621141218009588e-07
1647 1.0297441343656213e-07
1648 0.18837701511222665
1649 2.5081937741818164e-10
1650 0.0003837592757185486
1651 0.06164689882030516
1652 3.7508479327872674e-08
1653 3.098194465101343e-11
1654 3.425941349204675e-14
1655 2.667335203901747e-06
1656 5.674213497824875e-14
1657 4.068651227807847e-12
1658 0.003404923429873059
1659 0.1478390149792527
1660 0.0002525762772792982
1661 0.0009133567800650587
1662 1.0476136837094039e-07
1663 3.040742413079623e-07
1664 4.113091818559461e-09
1665 2.8587318214015983e-13
1666 0.005494949524438936
1667 6.76022276528827e-12
1668 7.557857486099175e-12
1669 2.670033234380939e-12
1670 3.929723382735271e-08
1671 4.302411467695632e-13
1672 2.5155978441656e-07
1673 1.1936622316594575e-07
1674 3.0839306491162514e-12
1675 0.2318071101494036
1676 0.02547436703988885
1677 1.0579026180217213e-16
1678 5.311088139294116e-12
1679 2.763295167983741e-12
1680 1.956603995138582e-12
1681 0.17222323920823343
1682 6.8691612661073e-14
1683 3.832853645989287e-09
1684 1.9733014360521444e-12
1685 3.781385459484682e-12
1686 4.3929791348538586e-11
1687 1.2381329221766781e-11
1688 3.98176042201859e-13
1689 5.90885560232657e-13
1690 1.6869879828376804e-13
1691 3.71560078941605e-12
1692 1.4697910998255296e-11
1693 2.5085094453817643e-13
1694 1.0254060329941167e-13
1695 1.4712999528075447e-13
1696 0.024619092397511613
1697 0.36821413297762656
1698 8.086502728488094e-09
1699 8.387657874998227e-05
1700 6.338216470704241e-05
1701 0.0019789228505176478
1702 1.2134297388092312e-05
1703 0.0007964410187316004
1704 8.379094341356036e-13
1705 0.0009061606752729925
1706 0.00035056132407112377
1707 0.06930871427321665
1708 0.1466880864681409
1709 2.6220491415553477e-11
1710 0.020572892992252147
1711 2.1930671137107665e-08
1712 4.6653482624752186e-20
1713 0.00010421661079967358
1714 5.2336215373376655e-08
1715 5.203472266228074e-06
1716 0.1167808135960218
1717 1.8641304726393626e-10
1718 1.1615109847962648e-07
1719 1.699758716816516e-05
1720 1.5771458532312653e-11
1721 7.529515096752451e-06
1722 0.008136753345631775
1723 3.9790728438100106e-08
1724 1.417693778977188e-06
1725 0.003298757199142323
1726 0.08666441693484428
1727 0.004857411942935427
1728 1.1993096576960734e-10
1729 0.0010468572918547272
1730 5.984072920480924e-09
1731 0.0002119842749201105
1732 1.0283878020924099e-11
1733 4.6187365174842874e-06
1734 0.0001638744301917143
1735 2.1447476523467664e-05
1736 6.627600720027819e-08
1737 0.04507738490709569
1738 1.136493712424089e-08
1739 0.014794177512153723
1740 0.011262606545878446
1741 1.015860219547028e-10
1742 0.05329422119623444
1743 0.000761221865719835
1744 0.00021120914032540905
1745 0.35445220591221177
1746 2.5141958759142565e-05
1747 1.1278233723958433e-10
1748 1.1398035652248372e-05
1749 1.7009688794203093e-08
1750 0.01499108057750399
1751 0.05991853368879806
1752 0.000942026075160227
1753 0.0010737109970466148
1754 1.9079294598682301e-10
1755 0.4513773485111253
1756 0.000745124525856355
1757 0.17445221568119523
1758 0.00012252464325810983
1759 3.472223912145441e-13
1760 0.05454004285291768
1761 8.200150854326126e-05
1762 1.4750607805121224e-07
1763 0.06567481904133551
1764 0.5331849096044347
1765 0.28949347067073167
1766 1.2434469419230165e-10
1767 0.0017653323163283972
1768 0.03841394042242601
1769 7.871261623475437e-16
1770 1.796136361790411e-23
1771 3.7508369732603166e-10
1772 0.0019278119630733173
1773 1.745736549280849e-12
1774 1.5915815249877656e-05
1775 0.5901021086578638
1776 2.5260493746882745e-10
1777 1.9605442418233176e-09
1778 0.002374782043620545
1779 1.2029586755894251e-06
1780 0.01798222588243424
1781 0.00224128414470823
1782 0.00519536662645631
1783 6.864207317757198e-11
1784 0.022962066918299138
1785 2.4717771898099544e-07
1786 7.054894767223818e-06
1787 4.507284657847424e-08
1788 0.00027095277113656793
1789 0.39052545344899964
1790 0.003470886523923573
1791 0.004487733322357232
1792 1.6042354559125336e-08
1793 1.73322105028672e-10
1794 0.00018825746809258756
1795 0.6005433303343499
1796 0.0053545771139927745
1797 2.2730317520403302e-13
1798 1.0587772207750097e-12
1799 5.967887806952188e-08
1800 2.7793677898256506e-10
1801 0.0005459415895144492
1802 0.3636231689061825
1803 1.383081964565564e-10
1804 0.02262181786318594
1805 8.03708692302286e-11
1806 0.03834162064548549
1807 8.626228529899494e-11
1808 2.299849860118068e-06
1809 3.9755640510706064e-11
1810 5.007669995555926e-22
1811 0.7157707330861057
1812 4.580992432155584e-24
1813 0.02069949052144669
1814 5.172579961115146e-06
1815 0.566782330758818
1816 0.021992165989508525
1817 0.1809808128182665
1818 5.147952638377619e-09
1819 5.47146258367264e-09
1820 2.2690189275588265e-07
1821 0.04502069959969696
1822 0.22506504914930178
1823 0.013800570159808033
1824 5.112800633682766e-06
1825 0.6948800962126549
1826 2.172861762065519e-07
1827 0.5545608027655388
1828 8.563265149863604e-06
1829 0.020453065757565725
1830 2.3470016896154633e-06
1831 2.7399367797994013e-11
1832 5.248263786972353e-07
1833 0.8079711734062169
1834 0.34467655174073486
1835 0.022159680335176832
1836 5.205413603448884e-08
1837 2.203081921707922e-29
1838 0.0013777414539532138
1839 2.7422279132698645e-11
1840 0.0011607272682448723
1841 1.990005945224018e-10
1842 0.014438830720776922
1843 0.00029950703478371233
1844 8.329805934838295e-09
1845 0.017441039211975113
1846 8.246657301472394e-11
1847 0.49714501728332294
1848 6.8878203782389755e-06
1849 0.8698385324434967
1850 0.438893944176743
1851 1.369210429765215e-09
1852 0.26056999551423166
1853 3.8531117804655066e-10
1854 0.004420389446011736
1855 4.942777700694545e-10
1856 3.957127923683168e-09
1857 1.8852323786316174e-05
1858 3.677424396510328e-08
1859 0.07712576073909087
1860 0.0007058055195513148
1861 5.903774242757795e-13
1862 7.297090700404647e-06
1863 0.04454885331605944
1864 6.0496137753515366e-05
1865 1.6175950192323394e-07
1866 0.027181889105796067
1867 2.875218442957606e-10
1868 9.474096674281823e-10
1869 5.631476939485307e-09
1870 2.3983609414014418e-08
1871 0.012087788120316833
1872 0.8652394852693399
1873 0.23757774991340738
1874 0.3575927202463615
1875 1.5962600706003547e-10
1876 0.0014944131666794818
1877 7.647173814647262e-05
1878 0.3565555775098924
1879 0.0018027910661595184
1880 0.054410341673932154
1881 2.6119170595981515e-08
1882 7.162483233205308e-08
1883 4.175098602396991e-09
1884 0.009454681436099545
1885 0.4033744223758423
1886 1.2975046750021428e-06
1887 0.7954999016459536
1888 0.0019886593973620754
1889 8.650380442728376e-05
1890 0.00011937578274596176
1891 3.8395137285118657e-08
1892 8.77172776870147e-06
1893 1.6860465088865114e-07
1894 1.605157662206152e-13
1895 0.005939331244492809
1896 0.01737361447447288
1897 7.325700524632298e-06
1898 0.3483073773404423
1899 2.669201419888917e-08
1900 0.0021214089292291767
1901 1.6922569132651472e-09
1902 1.7480516200887334e-08
1903 4.853525110121392e-09
1904 1.7148211391242765e-08
1905 6.382632852969946e-10
1906 1.3475883632073836e-09
1907 0.0867813222514227
1908 0.010782648427357287
1909 1.4747768153819588e-09
1910 0.15465164457179711
1911 4.729483682990548e-08
1912 0.007942733540418119
1913 0.0012113444692199548
1914 0.0004876218701102169
1915 5.8027406487263e-09
1916 3.3560960688899064e-07
1917 0.2594034238277364
1918 2.557005112262627e-16
1919 4.059214272366071e-11
1920 6.40176579491752e-10
1921 0.0016422959690598467
1922 0.0006075045554106564
1923 0.2993784838281492
1924 0.6717614234994299
1925 4.999445984575742e-08
1926 1.6729784697190463e-06
1927 0.007211267641519697
1928 2.2152125809845417e-08
1929 3.067247101769946e-25
1930 0.00010639067614708865
1931 2.49321408423331e-05
1932 0.00019223314046099777
1933 6.911244649864061e-08
1934 8.376830601810231e-08
1935 8.76833946074107e-15
1936 2.828857326100139e-08
1937 1.913855464735369e-08
1938 0.11159474728540648
1939 0.0014764443416749153
1940 0.004652018525776317
1941 0.006847453320201503
1942 0.0006745882331500308
1943 3.946237250008206e-10
1944 0.1761917272339657
1945 0.005747486855971326
1946 0.005017205591960918
1947 0.003169579538209069
1948 0.07711598577724177
1949 0.19119931339926435
1950 0.30810541429462324
1951 9.502301441554627e-05
1952 0.27556029414682176
1953 5.86508954262716e-11
1954 6.259649517864198e-10
1955 3.197315091002186e-08
1956 0.010839522186133899
1957 6.250589804621543e-06
1958 0.06517340000736663
1959 1.5347552591401457e-17
1960 2.567101854725417e-07
1961 0.4365900507651984
1962 1.9510670586913573e-07
1963 6.744775398008895e-05
1964 3.637401173970582e-06
1965 1.0159563878508886e-07
1966 7.768598466123797e-09
1967 0.5215544014841583
1968 1.2152989668249973e-06
1969 0.1577316532138629
1970 0.0002803931789763413
1971 0.035536726778291325
1972 0.24300129767682108
1973 0.18597444809288732
1974 2.2116641632940087e-09
1975 1.6955932852894513e-06
1976 0.000894855804576952
1977 2.406348105525503e-06
1978 0.0008188832157726215
1979 4.120920383536898e-10
1980 1.5645439564237498e-08
1981 1.5328037436646096e-07
1982 0.012476541732752885
1983 4.697620324169918e-35
1984 5.982155388527433e-11
1985 0.20636382740076334
1986 0.36765707015817173
1987 1.7925695431931721e-09
1988 0.28041481826714776
1989 1.721854641555887e-09
1990 0.14933467699951555
1991 0.0006800936472669115
1992 1.8943860581793597e-09
1993 0.0013757668170797895
1994 0.24160495252683137
1995 0.0001556555612265862
1996 1.0672372093228295e-05
1997 0.08314246047703575
1998 2.434553199986882e-08
1999 4.3703570871869753e-10
2000 7.500384317104463e-08
2001 0.13152395354528457
2002 2.0420470188933845e-09
2003 0.10819514619097091
2004 0.009725512274370227
2005 0.44909069545375974
2006 0.00011889015561281675
2007 2.7688494837933626e-10
2008 7.493081869564488e-09
2009 0.0010801584834500926
2010 0.0002557580008697104
2011 5.357672411681095e-05
2012 4.132244886250752e-10
2013 7.42350685953411e-09
2014 1.5680198430578711e-10
2015 6.378141985614832e-08
2016 1.8224844783335129e-07
2017 6.25422090360622e-27
2018 0.0003024934875963895
2019 0.5122952542469553
2020 1.3133687179853554e-07
2021 0.05958370353234102
2022 0.0018890256938858014
2023 0.30985987613698673
2024 0.02215837656001156
2025 0.051597501464185326
2026 1.3102444645918644e-11
2027 0.6517128644229816
2028 5.224366647777358e-07
2029 8.557996803364014e-08
2030 3.4914250222987944e-05
2031 1.7649954149956673e-08
2032 5.390291121616638e-07
2033 0.00037639636097113285
2034 0.0277552542240048
2035 3.966372930749283e-09
2036 8.79240336908722e-07
2037 0.505267579759344
2038 6.77538667051906e-07
2039 2.7637551112481243e-06
2040 0.00010476339602259163
2041 8.4947430940486e-10
2042 2.1576879236258435e-06
2043 1.6241957639797918e-05
2044 0.013901529820413722
2045 0.7797560658494939
2046 0.0024641967184871826
2047 2.6069657054779868e-05
2048 0.06481080895796772
2049 3.450207371592904e-05
2050 5.687626045625697e-07
2051 2.754086930878933e-16
2052 9.448190854819244e-05
2053 1.8029786228748195e-06
2054 0.5419073444515268
2055 0.03971780320870797
2056 3.9995451196805504e-07
2057 6.777735577985438e-10
2058 7.884802799834907e-10
2059 8.897819676280533e-09
2060 3.251073764490432e-05
2061 1.3890052781512647e-08
2062 1.2801915828577271e-09
2063 0.005082387236893315
2064 0.024634967913171886
2065 9.619788956544973e-05
2066 0.8641057068475096
2067 6.500085246305607e-06
2068 0.0004203099451366598
2069 0.0014853841996995798
2070 0.0018136621633342306
2071 0.014238062484785229
2072 1.0245467316112698e-07
2073 8.425242528561973e-06
2074 3.3196618440705802e-09
2075 0.0015948832198866758
2076 0.13070051450494222
2077 0.00012873203915592533
2078 5.708222236073689e-10
2079 1.271995025972096e-08
2080 1.2673048281732223e-08
2081 0.0005976695858508679
2082 2.2709885110364617e-14
2083 0.5296096859272519
2084 1.516201627541393e-11
2085 2.6677332520659295e-06
2086 0.00017760560588124915
2087 0.8856064496686029
2088 0.002649109317067165
2089 7.242059210202967e-08
2090 0.0365254476103117
2091 0.007359112930044402
2092 4.318535209556744e-09
2093 1.2981424849611148e-06
2094 2.376741033582859e-05
2095 1.5428203639395318e-09
2096 6.414525606632725e-07
2097 1.909878033462679e-05
2098 4.460887851728437e-06
2099 0.00015617576267340833
2100 2.986440151757359e-07
2101 0.01586060011344203
2102 4.2593453471378724e-05
2103 9.743779600301943e-10
2104 7.723772551462774e-06
2105 1.79652308384706e-08
2106 0.024139369706141188
2107 0.30435123832427347
2108 0.045450168596374574
2109 0.009883335178942187
2110 7.936054559389458e-05
2111 0.0800876014379738
2112 9.400957024588279e-32
2113 0.009015121794862241
2114 0.49900469066569425
2115 0.4809765123140199
2116 0.0001531126143869856
2117 0.8389765393205452
2118 9.335259212590447e-11
2119 8.819245705576599e-13
2120 6.330022482468401e-05
2121 2.5651753378343504e-05
2122 5.161666409774161e-05
2123 7.1864430081522945e-06
2124 1.3127706909332302e-15
2125 0.19707392292233164
2126 0.007769791025901739
2127 0.001242285824647373
2128 0.010319628185203865
2129 0.019822672564883407
2130 0.3143815889659755
2131 4.7122523428132565e-06
2132 0.1307419201001315
2133 3.9315212736498754e-08
2134 0.23859638501687325
2135 4.077778950043046e-19
2136 3.546681199970482e-06
2137 8.529732859556862e-09
2138 0.0006914973463036452
2139 0.7779140936324676
2140 0.004370697291975689
2141 2.876778028528974e-05
2142 0.0008454265677556127
2143 1.887606636370656e-09
2144 0.0013311676815880081
2145 3.8888126841576623e-08
2146 3.69585138824609e-06
2147 1.0390262318230884e-41
2148 3.589344164780575e-09
2149 1.2661647527215682e-06
2150 1.9015444090582446e-08
2151 1.9477416670688556e-05
2152 0.03765356289782877
2153 0.0010959468793342879
2154 0.009286465252378633
2155 7.204383739510209e-07
2156 2.0921589886826628e-06
2157 0.2933367806479532
2158 0.731399004225103
2159 0.00011864903934320457
2160 1.3043519566487648e-09
2161 0.021546139090976826
2162 1.829856091238414e-10
2163 4.3961347112015397e-10
2164 6.462051796882682e-07
2165 9.398996033849703e-06
2166 3.752586240973875e-08
2167 0.015376616353675562
2168 0.07518266067071763
2169 0.198924645140086
2170 0.00012646428305544054
2171 8.676971153678435e-09
2172 0.14431380201817484
2173 0.0008475661910299669
2174 0.0007696004364832729
2175 0.0197611690475043
2176 0.17353683975984727
2177 0.00031102630344451973
2178 1.5251887884817618e-07
2179 0.006280823085593233
2180 0.0004500362387799628
2181 0.8940668232413116
2182 0.405100189650865
2183 2.046126017568484e-06
2184 1.2781285000503078e-10
2185 2.9533393766953624e-09
2186 1.169280247896733e-06
2187 0.0003810905973021154
2188 0.00038972572842468065
2189 0.4371460002687912
2190 0.5828775418608516
2191 0.00017611989806041913
2192 8.546213549950246e-05
2193 0.4085096907189299
2194 0.0003239960644748969
2195 8.050642057563995e-14
2196 1.6479411383892868e-08
2197 6.770221040809683e-14
2198 1.1516212376179397e-08
2199 1.9741767163286224e-06
2200 3.1544250085006207e-09
2201 0.0018687741616996729
2202 0.510643446141175
2203 0.0013167695196321925
2204 0.0031337446671695175
2205 0.0033172085750853694
2206 7.340580060254482e-07
2207 4.5219119008099643e-10
2208 3.0969501537789375e-06
2209 4.2312462378365345e-12
2210 0.7507864874065882
2211 5.955260626639553e-06
2212 3.4122302843122067e-07
2213 0.00018178502390450257
2214 2.3636348014100795e-05
2215 0.3981661240709043
2216 0.5861970863785126
2217 3.6541403317608417e-09
2218 8.118886172370046e-23
2219 5.826625415376272e-05
2220 1.2571467496168712e-09
2221 0.001565191052432917
2222 0.6519699835699306
2223 7.738613481920208e-10
2224 0.3638206171761287
2225 0.0032670177956248816
2226 0.003889285918406576
2227 1.4104571780248554e-22
2228 0.0005005680883705432
2229 0.31318406806248056
2230 6.974561815583719e-05
2231 0.0716280456333462
2232 0.4102665983652026
2233 0.006753505434172834
2234 4.485403027043873e-06
2235 0.024528497058722665
2236 6.167670222575734e-09
2237 5.2956105651266376e-33
2238 0.34205783121683725
2239 3.701918493421251e-07
2240 0.4104398826880106
2241 0.0033083147141858894
2242 0.0008296008352480353
2243 0.42037985430398395
2244 0.007614534927456372
2245 0.014060447965481261
2246 0.0969535224466635
2247 1.871124818556925e-11
2248 4.516894069830931e-12
2249 0.0008304873762414795
2250 0.004440713720927714
2251 3.1572777712361254e-06
2252 0.000494177384931191
2253 1.468593281260786e-06
2254 0.01235114866433595
2255 0.0374941682876431
2256 0.2785889946369134
2257 8.012934737375791e-10
2258 0.011894484765488308
2259 3.6674422402747524e-26
2260 0.008214945875938951
2261 0.0065807042715827725
2262 6.027690530383323e-05
2263 0.3651579196514127
2264 8.568911033312929e-08
2265 3.999969684099893e-05
2266 7.015955345852888e-07
2267 0.012482050526380307
2268 0.22336628057231367
2269 0.013689616416332739
2270 0.0017526687991019775
2271 1.241806558250775e-06
2272 0.0005146056530913419
2273 2.0450132226101663e-06
2274 0.37258296684926656
2275 1.8322568544308187e-07
2276 4.500624312461027e-05
2277 0.0008351530620761819
2278 1.557003187406593e-08
2279 5.592904081395989e-06
2280 0.2800807322403862
2281 4.427444685418221e-08
2282 3.5194781820958647e-12
2283 4.347711591053663e-08
2284 0.0017804482389932159
2285 2.0352632930412926e-05
2286 0.23773197949348268
2287 0.008631090170099063
2288 6.14039725786229e-11
2289 1.151645873807167e-10
2290 0.04954514961145232
2291 3.1181190179863865e-06
2292 0.0049668702051520325
2293 0.3143323986238983
2294 3.618779870915414e-13
2295 0.00768157512297214
2296 5.612486129490959e-09
2297 1.498592805382702e-07
2298 0.02023893745846384
2299 5.50120182628498e-05
2300 4.5404549601410684e-08
2301 0.17814934142601194
2302 5.968796876018253e-13
2303 0.00015860634438281078
2304 0.4598864417663027
2305 0.2802169061288212
2306 7.353049211463706e-14
2307 0.00012224691933386913
2308 0.4320803923083139
2309 0.3294920545982095
2310 0.3375041924325651
2311 4.371746683734722e-06
2312 6.983588840331737e-13
2313 0.08960393655910194
2314 0.018353298471718474
2315 0.016996504314107784
2316 0.015144876894151829
2317 1.535350938053712e-05
2318 0.0006506896230483493
2319 0.0015445645625461752
2320 3.3805501091385813e-07
2321 6.778235415194591e-15
2322 6.996673697550001e-09
2323 5.4386216295880617e-08
2324 0.14739855899836798
2325 8.791643815092554e-11
2326 6.416624404548308e-08
2327 0.00016883799974142256
2328 5.987915840125118e-09
2329 0.0001194047503782809
2330 0.0021429184210212983
2331 6.746372174969466e-09
2332 0.12315778454041476
2333 9.8060547886935e-10
2334 1.7140218692186747e-05
2335 0.09793468624850223
2336 0.016592672973354778
2337 8.409318474699357e-07
2338 0.0008099518421988801
2339 0.476544068896975
2340 1.5441120737740443e-08
2341 2.088243496396465e-19
2342 4.9385667977510485e-05
2343 4.9900841940238475e-05
2344 8.546592341518098e-10
2345 3.342058279997909e-05
2346 0.0010340424907561256
2347 1.4601104404509965e-12
2348 0.00014552977820767485
2349 1.9829485365910354e-09
2350 1.926528155807225e-09
2351 1.1947496590706905e-27
2352 2.484958870563697e-12
2353 3.560221474654065e-08
2354 0.003927313565605961
2355 0.000134465563273043
2356 0.4762853922541437
2357 1.1233894278057094e-09
2358 5.440540696453975e-07
2359 0.7866476247729176
2360 0.014615912640046694
2361 3.703641648864605e-08
2362 3.5768556862162294e-17
2363 3.5055628349134897e-12
2364 0.009718455211253927
2365 8.93133237217068e-05
2366 0.0007428908011640879
2367 0.003639519063488209
2368 0.089119940131399
2369 6.4284292866209606e-12
2370 4.762874912111331e-09
2371 9.111436057443671e-09
2372 2.2566100722222478e-10
2373 0.0014359713361211883
2374 0.011534343334256212
2375 4.610650212371506e-06
2376 3.1791473895827604e-12
2377 6.355968661399317e-05
2378 0.0007400871153196064
2379 0.0007163080500452777
2380 0.003968044098094372
2381 0.012865947445169564
2382 0.00465619065792084
2383 6.41703982277303e-14
2384 3.999917432290088e-11
2385 4.863800494546956e-13
2386 3.280348647498698e-08
2387 0.0006993464552293887
2388 0.0008009515890405836
2389 2.2003067770963946e-05
2390 0.0031470103664759884
2391 4.82697735553029e-06
2392 0.3659927517283122
2393 1.7250838377426884e-09
2394 0.000367818508567149
2395 7.734403317135774e-16
2396 0.0004373938574066139
2397 0.0008410665065119636
2398 7.286971064063062e-05
2399 6.77421812249593e-18
2400 0.003494447226573897
2401 6.259575485185504e-11
2402 0.013843520127312868
2403 2.4630390287662234e-12
2404 0.04789728978258749
2405 2.7969142833451346e-10
2406 0.5826322839675524
2407 4.127385929750031e-05
2408 0.6468288542229089
2409 0.0061191165738673494
2410 0.0006505607582100423
2411 0.02483302390586205
2412 0.7223813236715475
2413 3.8925621119217496e-09
2414 0.010797576712427795
2415 0.010282135291822257
2416 0.007385502086641583
2417 6.752474628094266e-09
2418 0.0003750728532612184
2419 2.1015532916265753e-11
2420 0.008877376506036351
2421 8.625963078448734e-13
2422 0.0005532049098853267
2423 0.0005521480594831043
2424 0.8287681359382251
2425 0.8667444715216143
2426 5.560036373250167e-12
2427 7.386724203788637e-09
2428 0.001128587527028409
2429 1.1590301478362868e-18
2430 0.0005704264612920065
2431 3.1288615707424945e-16
2432 0.004481543243157362
2433 2.0377877529477736e-17
2434 0.8815922228705289
2435 9.558213935822808e-35
2436 1.6060435564366103e-12
2437 8.327663184170004e-07
2438 9.24570842722519e-05
2439 0.00016907208251347886
2440 0.00516956364931836
2441 0.0004117848108068811
2442 9.455422050257782e-09
2443 1.4682726392799008e-34
2444 1.7309157138848207e-16
2445 0.00017396329280826436
2446 0.1345444176992216
2447 0.022985558912835907
2448 0.8676773575462381
2449 2.5416654198769666e-08
2450 2.2124291677939346e-10
2451 0.7878578180532015
2452 0.853394911908862
2453 1.4027062130135085e-20
2454 1.870698250887276e-09
2455 0.01074551461536792
2456 1.521351882070933e-06
2457 2.766772764410055e-09
2458 4.158562312299726e-17
2459 5.291416695843076e-07
2460 2.753580246270337e-09
2461 0.12690008474359182
2462 5.453989070693408e-05
2463 5.779096352021362e-09
2464 4.280519403971297e-12
2465 0.010548640632691564
2466 2.3760838787236725e-22
2467 3.777101877319554e-19
2468 0.00017576028513710052
2469 0.028890875806875858
2470 1.0432095730343939e-08
2471 1.142962092125235e-17
2472 7.285857274574837e-05
2473 0.001700678119817202
2474 0.0006609929141341691
2475 3.8487161227614555e-24
2476 1.3317651876963489e-08
2477 2.6226304578301872e-08
2478 0.003995644428578165
2479 0.002370003622006745
2480 0.010118046759926703
2481 1.995416420556632e-18
2482 1.678840169268414e-11
2483 0.015206412017981173
2484 8.560391694793557e-20
2485 9.673328506673236e-37
2486 0.24752179440206634
2487 2.4283674922268385e-11
2488 2.724302373584743e-09
2489 0.0004404715692931468
2490 0.02173497771974891
2491 2.1845170690744906e-09
2492 0.00365130237115928
2493 1.8142668536770584e-07
2494 1.6253703942682972e-05
2495 0.2945800425795494
2496 1.5608830977551012e-07
2497 0.29665729130829344
2498 0.0011384829230679503
2499 0.0002557546387385143
2500 3.52538457542719e-13
2501 4.601415969144604e-17
2502 0.007554387932967602
2503 1.566462609883852e-23
2504 4.479679186890514e-13
2505 5.411148996377444e-19
2506 1.094350201673523e-19
2507 3.0593653068862975e-23
2508 3.4934633132388255e-18
2509 0.011971771709593118
2510 2.1652026870066588e-08
2511 0.004260155654943529
2512 4.672714782763912e-23
2513 2.8358518186815574e-33
2514 4.864243860240154e-13
2515 9.596222373498872e-19
2516 0.010682925547607105
2517 7.859116418252875e-10
2518 0.0004524292151312943
2519 3.95813894117526e-18
2520 5.253737071967918e-10
2521 1.573639253746906e-19
2522 0.015288519769704259
2523 7.811388957910683e-08
2524 1.9301292864531953e-06
2525 5.537468802065485e-18
2526 5.004538915357981e-10
2527 8.874153018365766e-10
2528 0.0028431024257654022
2529 3.107751459779807e-20
2530 5.059339854442008e-14
2531 4.4813003089998426e-13
2532 4.911227938554667e-05
2533 5.093379293115839e-07
2534 2.5028488188192714e-37
2535 5.053042949781782e-09
2536 0.0007806879815644021
2537 7.208011145028904e-11
2538 0.000557559274999443
2539 0.00021416695569326637
2540 5.237528439019675e-05
2541 0.010238777947008466
2542 0.00017000324694788245
2543 0.0006824189243773238
2544 0.503696695989409
2545 1.187500790627604e-06
2546 1.0717758406418315e-06
2547 0.0001150007673449288
2548 7.89782268380846e-07
2549 0.003740989506769268
2550 0.10197077086886626
2551 0.00016101723431554646
2552 3.1628775828057542e-12
2553 0.006978945532137775
2554 6.329170255078599e-11
2555 1.1811816421529343e-10
2556 6.679536676767827e-23
2557 0.0022520655769563626
2558 1.4699523886868845e-09
2559 8.233017684997807e-15
2560 2.5319765507958135e-15
2561 2.2724488528274704e-17
2562 0.00022243638080103297
2563 0.0002666501308837582
2564 0.01695965998453475
2565 1.334393334862403e-35
2566 2.3973536914729486e-23
2567 0.12977462714542065
2568 1.0305574281461377e-23
2569 0.0011131259529088258
2570 0.19398635492125474
2571 8.91148982964511e-09
2572 0.0037040243849056917
2573 0.005715889094658245
2574 1.1922426167901148e-09
2575 6.069450536889364e-09
2576 6.077681169221531e-07
2577 0.0007861170183828044
2578 1.3007595135869446e-13
2579 0.0018902718262807888
2580 7.680164434422136e-05
2581 0.00020504224945074829
2582 0.0016572693529149727
2583 0.1045886240874631
2584 0.050853970818211296
2585 3.696565433392074e-12
2586 2.3304768222330844e-05
2587 1.7314575887077676e-06
2588 5.909397641681146e-18
2589 0.0022906667165854644
2590 8.246941570788582e-25
2591 0.00036653029289763226
2592 5.587138893020627e-07
2593 0.5580674909747615
2594 0.0009510044634470209
2595 0.6071044552858198
2596 0.0008657783170217206
2597 1.0168021625884755e-06
2598 0.0001468488291520604
2599 0.007131540925114455
2600 3.0914402360295004e-09
2601 0.004339796673072785
2602 0.0001262760989084234
2603 0.005262992771331449
2604 1.3395965624790867e-17
2605 1.5212789704844925e-18
2606 4.1512525701232596e-07
2607 0.00026285247760218507
2608 1.300100045529722e-13
2609 0.005730871724197411
2610 1.2814750156392041e-21
2611 0.013376548144566736
2612 4.07238027284042e-42
2613 4.080525575540982e-05
2614 1.0648823595880782e-11
2615 5.875061677429432e-13
2616 0.07902696171656709
2617 0.0024791548033563514
2618 0.09270927736505193
2619 3.691087535711299e-21
2620 6.996883446858893e-29
2621 1.65394568229232e-36
2622 0.00531639895423806
2623 6.156306262864807e-19
2624 0.0013849336156768124
2625 1.7618063246305776e-10
2626 0.8315053467334225
2627 0.0007129128599918497
2628 2.916046877090558e-19
2629 0.8434092262222336
2630 4.929512412527567e-10
2631 0.008921586775175397
2632 5.629688376367326e-24
2633 0.008911973077627693
2634 0.0015730504913917904
2635 4.492294666152686e-05
2636 3.3030406121743286e-22
2637 0.756709213325205
2638 0.0002171838816287083
2639 2.4409820331225447e-24
2640 0.47884143852138633
2641 1.640385900462993e-06
2642 6.364294220994918e-09
2643 0.0002992653336867969
2644 1.4000986077589774e-22
2645 2.780744826441745e-07
2646 0.001638654906457305
2647 0.5897916543587276
2648 2.3230516387250278e-35
2649 0.00033577212743518114
2650 5.714961998335984e-32
2651 3.9301914706656625e-05
2652 0.14995058126640345
2653 0.003226407046482394
2654 8.876769484794943e-06
2655 1.737562100452896e-07
2656 0.04661388293693024
2657 1.6097969596020294e-06
2658 7.751484410018812e-10
2659 0.00022189397342759176
2660 0.3657658064278684
2661 0.06269689203869377
2662 0.42373639969636295
2663 5.709091632107362e-06
2664 7.711234659413349e-21
2665 7.036135128441551e-08
2666 0.6187771910406218
2667 6.647476643808278e-47
2668 0.007432070232700292
2669 0.10870776498726066
2670 2.223331407931675e-05
2671 0.027030542476840676
2672 1.121951683731896e-05
2673 0.5367919917536531
2674 0.00865469830794962
2675 0.6542554414262098
2676 0.04220408333595086
2677 0.003124387280086867
2678 0.049260738850860845
2679 0.004837788920043582
2680 0.4273578488002943
2681 0.4133717213952208
2682 0.0001266114269274964
2683 0.5405011716979984
2684 1.3647095126951736e-40
2685 3.890164304485995e-05
2686 1.2528877061861837e-12
2687 7.0717825433140246e-12
2688 4.596328562788231e-15
2689 1.8934372274991123e-05
2690 2.5733638691240157e-07
2691 0.27367706617640575
2692 0.006849340408807375
2693 0.4544464088931249
2694 5.407529819996096e-16
2695 0.004063967356084963
2696 0.49129575553425686
2697 0.3689363899974076
2698 0.032238213834061225
2699 0.0003222022823296134
2700 1.0512982093649226e-10
2701 0.010642477340154433
2702 0.0001240084261289292
2703 0.015953148406967415
2704 5.535236448022856e-05
2705 8.908643154910019e-10
2706 8.512143435915756e-22
2707 2.0931370321526835e-21
2708 0.009912339409031343
2709 0.7789748307397422
2710 0.011318750097320284
2711 0.00012503608664165438
2712 0.0124555801761761
2713 0.14867601527184157
2714 0.007141420257168082
2715 1.0437543128730211e-10
2716 2.542549501320861e-18
2717 1.7039020607616154e-10
2718 0.012125768414152315
2719 3.548499670023239e-16
2720 4.1573713158550407e-07
2721 9.956817220327285e-05
2722 5.060756371256985e-10
2723 0.4263875831971881
2724 1.4205476353355701e-10
2725 1.0426878292728844e-09
2726 0.0030395076170187307
2727 8.602683961039005e-05
2728 8.200922714578217e-09
2729 1.00906107226723e-09
2730 2.6313384960275276e-05
2731 0.5080287398372906
2732 1.2140073118333273e-07
2733 0.06900126751513568
2734 1.8355177711100168e-20
2735 9.387093283128449e-10
2736 0.026741608012032132
2737 0.0025620684972222306
2738 0.20391845344747325
2739 1.0242127885558346e-13
2740 8.737106771242096e-12
2741 2.871395377542498e-05
2742 4.0526444515847414e-07
2743 1.2973800956340938e-10
2744 0.00027680490368512783
2745 8.695687136826892e-05
2746 2.549258783469412e-05
2747 4.625186280668514e-06
2748 0.5214296240597698
2749 0.6343697240155349
2750 4.2074616408185506e-22
2751 0.6882948211161
2752 6.212334252070436e-15
2753 3.334465045428213e-07
2754 0.0022880916831835543
2755 0.04059925155734116
2756 0.005113861345418223
2757 1.557166369230919e-05
2758 4.854276078336296e-05
2759 0.13827513430121927
2760 2.3478212331553337e-13
2761 0.003187789264230152
2762 0.08261263536268958
2763 3.00905433410618e-12
2764 1.1881783201566524e-09
2765 0.35903534708311685
2766 0.5286417101420595
2767 4.2411104541061555e-05
2768 0.03309465565830635
2769 0.00025051204405362483
2770 0.015683668648385687
2771 3.017363827187203e-15
2772 7.530697820266207e-06
2773 5.455221451601029e-05
2774 2.8250964761292283e-15
2775 1.5172760363068622e-05
2776 0.18814020589262134
2777 0.14363317605375248
2778 0.26001450308887386
2779 1.647686913920905e-05
2780 0.10309588261526412
2781 1.427476541145414e-10
2782 0.20035699543057894
2783 0.2277544412132593
2784 7.655469273783653e-05
2785 8.326379220370217e-05
2786 0.24210601955283734
2787 0.712594586010707
2788 0.06805253277601678
2789 0.2728292522845638
2790 1.4281294766842507e-14
2791 0.7240511048411254
2792 0.26768353099154735
2793 3.242695380278475e-05
2794 1.6162345779141788e-07
2795 0.042172477234678374
2796 0.020555134178017315
2797 0.002802670101869656
2798 0.020957166479371302
2799 0.06289481191933186
2800 0.008120615462141188
2801 5.180711699781316e-05
2802 3.4100729379357554e-08
2803 0.0118397388232701
2804 1.5095529344589155e-05
2805 3.4749569370441488e-06
2806 0.01656305983105515
2807 0.07490441505450873
2808 5.5050337042366445e-05
2809 0.5820245821367547
2810 0.11318278027294565
2811 0.13749844585962198
2812 8.26770619926041e-12
2813 9.590458468145624e-06
2814 9.660833942095307e-08
2815 5.853079878421958e-10
2816 4.590089742510223e-07
2817 1.8120691192118487e-05
2818 3.381427453540999e-08
2819 1.0341377662300247e-08
2820 5.843434998337326e-05
2821 5.782118168753967e-15
2822 3.9301616952870604e-07
2823 0.21683122144909397
2824 0.004520290869646678
2825 7.994512757795789e-08
2826 0.1899304728598284
2827 0.08293087010820821
2828 4.679156238963085e-14
2829 0.25761285971707715
2830 0.08509778061008738
2831 0.3829499984818361
2832 0.3246495600837298
2833 3.076803635661529e-06
2834 0.13044996573710413
2835 5.5058145310440514e-14
2836 0.4198448406804318
2837 2.2443506763301455e-09
2838 6.211570701958748e-06
2839 0.426660653937627
2840 1.6893458510815323e-05
2841 0.40199668016205914
2842 0.21748121945936222
2843 0.20467726502897518
2844 0.35207052860936255
2845 1.000458294879262e-09
2846 3.301697442091082e-18
2847 0.0044128389690117785
2848 1.2759805995470227e-07
2849 5.804320564335334e-08
2850 0.0011977539480012257
2851 0.00046337651473968874
2852 1.1546735348953327e-17
2853 1.9088620565541536e-06
2854 1.4011302618025931e-06
2855 0.0012780002499233275
2856 0.285234858478374
2857 5.734510788701773e-23
2858 0.08457010584884024
2859 0.000988145988972523
2860 0.008733458153685132
2861 0.0001618314246530917
2862 4.901149958754226e-10
2863 0.14596155694062707
2864 0.000934058648452525
2865 3.177660810961953e-14
2866 0.18929754912462124
2867 1.0655642906260943e-11
2868 6.29629122803947e-06
2869 0.0007976295487268376
2870 1.743079282541311e-09
2871 3.9532669092135944e-07
2872 0.09316083427386262
2873 1.4732790273237438e-05
2874 4.3410407317979365e-10
2875 1.2032392506940362e-05
2876 2.4001666044170514e-07
2877 1.4441366764536902e-06
2878 2.8899784694520505e-06
2879 1.164515970662346e-18
2880 0.0275729603861942
2881 0.0013792569490942398
2882 3.1277599846686407e-05
2883 5.619025380253276e-07
2884 0.005880883110563806
2885 2.0878196199135573e-13
2886 0.0020853762973354023
2887 6.67033982800272e-20
2888 9.6485809113193e-07
2889 3.600880406912796e-11
2890 0.44607056351119934
2891 1.4499444643401948e-07
2892 3.026770292790428e-05
2893 2.8517645386121976e-14
2894 4.3275967206180513e-07
2895 7.060885375300009e-07
2896 3.254151982046589e-07
2897 0.21513923446044367
2898 6.576015708176944e-07
2899 0.20754698571623556
2900 3.754078483053339e-05
2901 2.145225777108412e-09
2902 2.9844821712149493e-05
2903 0.15002874259192997
2904 2.385336277579177e-15
2905 0.0030828099458363773
2906 8.893286568090052e-08
2907 4.5067303285458874e-08
2908 0.080406338258386
2909 0.47713001355520995
2910 0.006303499373484281
2911 0.37842692099039954
2912 0.0004035272438028588
2913 0.0013426515568143369
2914 0.12588705573775344
2915 1.3142337600011052e-11
2916 1.0019878348739684e-06
2917 1.0424925546956947e-06
2918 0.394228294197252
2919 4.9808598516500793e-05
2920 9.707629516068463e-05
2921 3.9477654337679514e-19
2922 3.0672479029385224e-07
2923 0.18120038832648025
2924 1.8140712249299035e-07
2925 0.006068819802477941
2926 0.00013904845941108466
2927 0.11850549322845298
2928 5.92205043750064e-08
2929 4.67561265226486e-14
2930 0.2511288470622731
2931 0.13987239579571703
2932 0.07162498160111033
2933 0.4025285656880023
2934 0.1078749922361811
2935 0.14223862003218954
2936 0.20672170574707527
2937 0.11697746007124928
2938 9.024389717489983e-08
2939 0.12698136228902196
2940 6.586739396514064e-06
2941 0.4868388187256
2942 0.13666176977961583
2943 0.2298739004259318
2944 0.027419568315496294
2945 0.29944372796479196
2946 0.43323454350336216
2947 2.82893831726921e-05
2948 0.1900082299714217
2949 0.10678307959435022
2950 7.019744203867806e-15
2951 8.212824912885415e-31
2952 0.22790017817556876
2953 0.08718289828434057
2954 3.590110544088152e-08
2955 2.249423869220707e-08
2956 1.71061198244067e-14
2957 3.385595490751941e-07
2958 8.403690838370778e-08
2959 1.9738810189399786e-09
2960 0.09041628871082617
2961 0.2837234616394817
2962 0.004313156387091231
2963 0.2028774225606081
2964 0.06614308257209024
2965 4.491990071439545e-08
2966 0.07979737358448782
2967 0.21255351059973246
2968 7.870498284128513e-08
2969 2.2096478769813372e-05
2970 3.053280905096384e-06
2971 2.3013118300366994e-07
2972 2.0076516644872275e-08
2973 2.268361005769341e-07
2974 0.08189220862432427
2975 3.0302354776590013e-07
2976 4.859265049426178e-16
2977 0.24046695083203556
2978 1.1207654460075097e-05
2979 0.04446313201977781
2980 7.282324083070258e-11
2981 3.0333451291850283e-08
2982 0.053660423762513766
2983 2.271394588703153e-08
2984 4.124370626074416e-08
2985 1.3901659502942467e-07
2986 0.14223509113152483
2987 5.3675665971627986e-05
2988 0.004385565188864513
2989 1.5900685477821715e-05
2990 0.0009104749427959204
2991 0.1802268690413682
2992 0.15108993887222052
2993 0.002908781199199234
2994 1.6922685681796232e-09
2995 1.905151901133512e-06
2996 1.417688184523029e-05
2997 4.664264080608467e-15
2998 5.82773900336694e-05
2999 0.14748300308656134
3000 2.0613651996145473e-34
3001 7.60704438466711e-06
3002 0.006563541890197428
3003 0.0030666216556474585
3004 0.000712453479948681
3005 0.0025344058579081525
3006 3.3951076592590776e-06
3007 0.0001929514883423157
3008 9.912899715149778e-25
3009 1.6777434471216747e-07
3010 4.480458033936051e-05
3011 7.32152103039409e-10
3012 4.442610170419117e-05
3013 0.0017460568011437925
3014 2.4461996806547635e-05
3015 5.296371162415028e-06
3016 2.1503043467421513e-05
3017 9.40961201808561e-08
3018 0.554505194057348
3019 8.558701794661788e-08
3020 9.42795239408083e-09
3021 1.152918778877658e-05
3022 6.240915908487573e-06
3023 2.8607223900932843e-06
3024 0.05066467456779002
3025 8.087867142529313e-07
3026 0.038626498168137874
3027 0.02622382187880308
3028 0.015753975192899918
3029 0.0613864365290336
3030 1.310085728312048e-34
3031 8.267979488412149e-07
3032 0.015279916138770217
3033 0.03213053682367247
3034 0.04810408532179753
3035 2.5800682731408955e-07
3036 0.027270598077262422
3037 0.0005877375160457834
3038 0.07562759766076481
3039 0.0077416702294375
3040 6.364727630797784e-09
3041 0.07139367954384793
3042 1.579385860765982e-05
3043 0.011571472057585614
3044 0.4069735291285866
3045 0.007944603139323183
3046 0.0148968427548125
3047 0.017951455889767813
3048 2.2508787802908137e-08
3049 1.1514306690666403e-25
3050 1.2816535247246531e-11
3051 5.094371987313512e-13
3052 2.3206816214077254e-09
3053 7.322126689418763e-34
3054 0.018825203726999966
3055 2.480739703388488e-06
3056 0.4117680959489962
3057 8.610431274166586e-24
3058 0.31132801468783333
3059 1.832043555837874e-05
3060 0.5156159100648648
3061 8.581505735212063e-06
3062 0.001025604219075424
3063 5.252467405432685e-12
3064 7.0170180447440885e-06
3065 0.013202282517775438
3066 2.4262836629202058e-06
3067 5.135125645254418e-11
3068 1.0140472597604287e-06
3069 3.5017734581874104e-06
3070 7.950880778114146e-07
3071 2.492503475511194e-07
3072 2.633700597119401e-07
3073 1.046617100759036e-07
3074 8.10505063652645e-08
3075 0.012212930124877763
3076 4.029941001074651e-06
3077 0.00048277103586484457
3078 1.0547469451703605e-34
3079 3.330341916099285e-11
3080 3.71856168349877e-33
3081 3.0330532976603457e-06
3082 7.685515342427083e-06
3083 1.4264130834459444e-07
3084 8.084327487081363e-09
3085 5.718839551352641e-10
3086 6.686304173013217e-14
3087 4.513707575410038e-10
3088 5.897671662065491e-13
3089 1.540039905807454e-10
3090 1.066587855852287e-06
3091 7.011608383979916e-19
3092 0.0073335957260685985
3093 5.3155128601349564e-12
3094 4.719278110972744e-12
3095 3.0230568821106894e-26
3096 1.9524422136538557e-12
3097 0.015324403492562418
3098 1.4790211572212572e-10
3099 0.002195763556858768
3100 0.0033597446237129984
3101 3.381327655282393e-07
3102 1.4501119760189417e-14
3103 1.6487530309663717e-13
3104 8.536859692813366e-09
3105 7.237267112492194e-40
3106 1.1444116460506304e-10
3107 7.405568986716197e-11
3108 1.755081631157563e-06
3109 1.620406317284592e-06
3110 1.2928568836475273e-27
3111 1.0960473701936902e-10
3112 0.017085430031613023
3113 0.030717150740476977
3114 0.03293652202491021
3115 3.397824740158314e-30
3116 6.767126208694542e-31
3117 0.0009473207976762342
3118 1.804481245205566e-06
3119 0.002028736635027487
3120 0.005309268767530523
3121 0.0014343463744807535
3122 0.07624200583360173
3123 6.6321755667338696e-09
3124 7.566614003827119e-13
3125 0.009244939854517282
3126 1.0127726773687262e-22
3127 0.10428979241949723
3128 4.324774758753311e-05
3129 0.010341261798488575
3130 8.407499906226689e-26
3131 7.804960933312214e-05
3132 0.0001391846509198284
3133 3.2077457231855546e-06
3134 1.5384265514543143e-08
3135 1.6615545247876927e-07
3136 6.419691877799503e-10
3137 2.341688409335794e-06
3138 1.8384605848123694e-07
3139 2.6683214637933824e-10
3140 8.953252736282677e-25
3141 1.2569072272336296e-08
3142 0.0007781500271083752
3143 8.589735922728995e-07
3144 0.007242343581447014
3145 0.00034446138668602403
3146 6.181108655650804e-17
3147 1.220453921855083e-05
3148 5.438900867591157e-14
3149 4.0220469726888647e-10
3150 1.380409549839654e-12
3151 7.690818897083026e-12
3152 6.3503374853035644e-27
3153 0.006334788226367321
3154 1.2872498638087956e-33
3155 2.01761017446799e-59
3156 7.778988560307719e-06
3157 4.615945138926858e-12
3158 8.706085743740998e-07
3159 5.623957024586698e-06
3160 5.6478408890777525e-06
3161 8.132815205913216e-09
3162 1.630538182763461e-09
3163 1.0694257040681795e-11
3164 1.6705743848410383e-34
3165 3.610111416262804e-11
3166 7.088437828182421e-16
3167 1.9454359545759005e-07
3168 8.536176970247985e-05
3169 3.1090463410959854e-10
3170 5.2786220465056975e-11
3171 0.0035767858082124885
3172 5.040668715211653e-28
3173 2.9651656108861034e-12
3174 5.3253279137514514e-14
3175 1.6912606317607524e-16
3176 0.0003702635789455182
3177 2.124882316772505e-12
3178 2.95317923798881e-10
3179 1.467739289509666e-11
3180 0.01746537072845478
3181 0.00010661924656849444
3182 4.845898907842383e-05
3183 1.7773460994421973e-06
3184 2.2314087608872858e-05
3185 2.7058287527343354e-14
3186 4.980843303210191e-38
3187 2.052559152662589e-12
3188 8.58869813921482e-11
3189 6.37385008592871e-11
3190 1.1592729206788228e-28
3191 7.393949919392226e-13
3192 9.388963438207137e-13
3193 0.00027155201143372424
3194 6.306335367069913e-05
3195 0.00019293529820501914
3196 1.0210593305816774e-11
3197 7.002419689678885e-06
3198 5.047526179300751e-11
3199 2.8069499788026515e-27
3200 9.648574681309862e-24
3201 2.471283017575101e-28
3202 0.006460523887039595
3203 1.4061089071781854e-14
3204 3.652000330389566e-07
3205 1.181541196956728e-06
3206 3.8137622067244807e-08
3207 7.245895813153104e-08
3208 4.49056745727216e-28
3209 7.547979360081661e-20
3210 5.782847427230786e-29
3211 8.849237387505503e-05
3212 4.4167912158759185e-12
3213 0.0004252716790535873
3214 1.0982416755894187e-27
3215 1.0603809457349856e-31
3216 9.247870513601503e-12
3217 0.0012660234758229208
3218 0.0007613520950000799
3219 1.068012602564251e-10
3220 1.5411927517104929e-09
3221 2.4203260089833683e-08
3222 5.830963958635115e-26
3223 6.079719365617698e-07
3224 7.2326988495555575e-28
3225 2.625588085098569e-07
3226 3.923854984356116e-10
3227 2.3496824269104917e-28
3228 4.627262632344959e-11
3229 9.581895712907591e-12
3230 1.633926676072553e-10
3231 7.467827594522037e-10
3232 2.0019027051908575e-19
3233 3.98172238360039e-07
3234 3.025585823365236e-09
3235 1.0074652324546898e-12
3236 2.198390271331292e-13
3237 2.7026254607287e-11
3238 6.9565272621101856e-12
3239 0.005217958217894424
3240 7.41416278653847e-09
3241 2.370745670438334e-22
3242 5.227494037212545e-10
3243 1.300217166602197e-17
3244 5.716822852909e-07
3245 0.0001470728650462827
3246 3.469074989099711e-08
3247 3.735668152626248e-08
3248 0.0017943574730772038
3249 2.0018868179068456e-07
3250 6.673486742554519e-05
3251 1.8240287302584572e-11
3252 0.00027648258945159326
3253 6.06821365022167e-06
3254 0.00044882988561184274
3255 3.062218762942781e-11
3256 1.6382879566909259e-24
3257 1.8943413256193165e-11
3258 2.342106019748485e-22
3259 1.0015721451459855e-18
3260 5.920577385830927e-29
3261 9.575905177020198e-32
3262 1.2147701193540793e-11
3263 1.003148273803811e-15
3264 3.201438360345258e-08
3265 6.271455080787312e-10
3266 7.87572929321316e-20
3267 3.5506938472159307e-06
3268 7.8958187748246e-06
3269 4.5687953010350965e-05
3270 4.140306767269528e-05
3271 2.2444029256277303e-14
3272 5.751762040240746e-15
3273 0.0001487294886194195
3274 1.8888800339990607e-11
3275 5.464370912685746e-19
3276 4.212267489674711e-18
3277 1.9821588159102573e-07
3278 5.256898888290734e-13
3279 6.944455604908292e-10
3280 0.00024254901461623454
3281 1.3463816673977532e-07
3282 2.5959879570413858e-11
3283 4.513647903276843e-11
3284 5.92708366952575e-07
3285 9.143559105732923e-07
3286 2.2258906437807167e-11
3287 3.817190390696357e-21
3288 2.549343880982525e-08
3289 2.5346401030332407e-06
3290 1.7974991754600662e-10
3291 4.173507103983616e-09
3292 2.899791104269946e-05
3293 1.8364137451149513e-30
3294 5.839542041336891e-11
3295 2.3963533034232292e-11
3296 1.8201627244753118e-31
3297 2.461671951936586e-12
3298 8.811772728413547e-30
3299 0.0007153490731413705
3300 1.951985374744054e-12
3301 1.314719217404588e-12
3302 1.3926449330702405e-34
3303 3.1449873864649364e-11
3304 4.411421368538775e-35
3305 4.77315018640096e-16
3306 0.003241796453856226
3307 2.1441080961325277e-06
3308 2.190353324109563e-40
3309 2.1811229116814138e-24
3310 2.587328597151911e-11
3311 3.0742835559574644e-10
3312 2.073467063786098e-06
3313 1.3652163543384921e-11
3314 3.873093662195203e-44
3315 7.361159161813527e-12
3316 7.859273913780587e-10
3317 3.35009310783523e-31
3318 1.1291645623329807e-09
3319 1.830018595179772e-40
3320 3.032581446142523e-13
3321 5.487686619498278e-25
3322 2.8099780329335084e-12
3323 7.763204619793361e-10
3324 1.818098017353415e-26
3325 0.004821635744253195
3326 4.834476334116648e-09
3327 3.52807346085115e-09
3328 2.46978927593973e-08
3329 2.731099603852668e-10
3330 8.97922141107676e-09
3331 6.726943800873292e-07
3332 9.194013158493734e-05
3333 4.863589888959287e-07
3334 3.1931808483349376e-19
3335 2.371002602110883e-05
3336 6.109428715286367e-17
3337 1.1634838321825907e-05
3338 3.755402597947016e-37
3339 1.5414485319681732e-09
3340 6.726087504413529e-06
3341 7.041884254139001e-05
3342 1.0520493907285583e-14
3343 3.461588822948441e-27
3344 2.2552918844247046e-10
3345 0.00021370786332919456
3346 6.561571705325461e-42
3347 1.2060981223530846e-10
3348 3.9131043570840246e-36
3349 1.0206289311092833e-11
3350 0.012506900558962749
3351 2.668183580213824e-08
3352 9.155805420529484e-14
3353 8.308079347317826e-32
3354 0.0010051304152595068
3355 2.1091173533965222e-11
3356 0.0001686471895597664
3357 4.715220226540093e-11
3358 1.5553764511255573e-18
3359 1.5791244334888696e-23
3360 7.727991730402862e-09
3361 2.446236827387629e-12
3362 8.847777297681626e-18
3363 3.171469682423382e-10
3364 4.770026911783703e-06
3365 4.841184165048179e-13
3366 1.436808071318321e-35
3367 0.0001520798782489099
3368 3.1659397667097716e-26
3369 3.435109089384449e-06
3370 3.4325660685703125e-11
3371 0.00012779128240518172
3372 2.9115292641338576e-09
3373 7.416090137470808e-10
3374 0.00030509805518223916
3375 4.908593854319291e-25
3376 1.2183580612348971e-06
3377 0.00404431545174842
3378 0.000716252858675478
3379 9.195878457777563e-27
3380 4.190401204808861e-34
3381 2.2425798914823888e-09
3382 0.00012205708901227607
3383 3.50220682837267e-07
3384 6.903707472909809e-43
3385 7.93532763360318e-06
3386 5.270979515071105e-11
3387 1.1679945899761723e-19
3388 2.5080649968510513e-11
3389 1.3955224528295693e-10
3390 0.0010132082627575135
3391 6.535445098987312e-09
3392 7.058815781917425e-13
3393 4.378521027772062e-08
3394 0.0011214854194931043
3395 1.5522918434416176e-26
3396 2.5640037073208323e-06
3397 4.036337958531785e-12
3398 8.814759644256921e-15
3399 0.00021104281738140837
3400 8.941019870500753e-10
3401 3.96233094993864e-08
3402 5.936627640206945e-08
3403 5.589983496772509e-13
3404 3.5262318939255817e-09
3405 8.084122664154555e-07
3406 7.837947409453162e-12
3407 7.935885377062736e-11
3408 4.721109693090576e-36
3409 1.2785187304602203e-05
3410 1.4435602255454556e-05
3411 1.8962255782005444e-11
3412 8.765619120141004e-07
3413 6.295868056898306e-05
3414 8.635189432246465e-17
3415 5.692562834021554e-05
3416 5.265945263671748e-10
3417 4.0503698139482355e-12
3418 3.35444232712101e-05
3419 2.80871191815983e-09
3420 5.118931796625905e-07
3421 1.2948700782456933e-12
3422 1.0725047666349311e-19
3423 0.0010498144733716449
3424 3.3178264996156766e-11
3425 1.6099651563171845e-10
3426 2.4700016340475038e-30
3427 2.3495553610434634e-19
3428 2.7159220182093384e-11
3429 7.485452301346868e-26
3430 6.319386777913041e-17
3431 3.9216945105400644e-10
3432 0.0036303353957906188
3433 0.00036774354009200684
3434 0.0009725940182049277
3435 2.126750137133938e-11
3436 8.128381394285081e-20
3437 1.850860787326518e-11
3438 2.7873392834179334e-20
3439 7.287862890507676e-11
3440 0.0002961575810687124
3441 0.0004889688686012361
3442 0.001828390574773981
3443 2.8117179071923983e-08
3444 1.2981448479987886e-20
3445 1.8140801836424369e-09
3446 1.4137635104196066e-15
3447 6.118916914720553e-34
3448 1.8534067983064287e-19
3449 1.1747286417657364e-21
3450 1.103080911980645e-14
3451 0.00950970254585065
3452 1.7730517048650997e-11
3453 7.753656577068519e-21
3454 1.245128443191695e-19
3455 2.0337302984096144e-36
3456 2.3616410218435307e-21
3457 0.00075793418739304
3458 7.913424418128913e-11
3459 3.2388406652667945e-20
3460 1.1363939360587147e-11
3461 4.984954694948042e-10
3462 5.632650299790206e-41
3463 0.0014147947578442355
3464 1.224524793268315e-15
3465 1.3006118348226733e-37
3466 4.1781999977701994e-14
3467 3.640788761726174e-05
3468 0.00012048366987955011
3469 6.799246192575694e-15
3470 2.1540261056220122e-05
3471 5.2170561667947005e-12
3472 7.960441533973662e-33
3473 5.746690657632024e-12
3474 6.035004989255468e-10
3475 0.004196258483233997
3476 1.3375380821631867e-09
3477 3.0620181820816005e-41
3478 0.00019652116369260663
3479 3.8470706238047476e-11
3480 2.1707219094796725e-05
3481 6.176388260167393e-27
3482 3.12571724448423e-11
3483 3.746343891062056e-19
3484 5.284452587581912e-11
3485 8.235227706241498e-12
3486 0.002644819718684485
3487 1.7964496590550827e-06
3488 4.981809421969938e-13
3489 1.9504925691596645e-15
3490 0.0006921819322014106
3491 1.526149458396165e-10
3492 2.55042436538044e-05
3493 2.1713001044275555e-10
3494 1.757665733575512e-11
3495 5.440107508577959e-06
3496 2.0107853039383044e-07
3497 6.817120801640305e-20
3498 3.5981003527789374e-31
3499 1.2229254608139082e-08
3500 0.0004599366873665133
3501 8.715420311057873e-18
3502 1.4167185256995872e-10
3503 4.344815057998348e-26
3504 3.79279443820732e-19
3505 0.0003618748854621534
3506 0.00044164153254742364
3507 1.0574182365394979e-10
3508 6.042085944880653e-14
3509 6.634098172003578e-11
3510 7.255401475257526e-18
3511 1.825653639524356e-11
3512 2.133209879378629e-05
3513 0.0003328726098091274
3514 1.2333772879383882e-17
3515 2.4769754415250046e-11
3516 7.974147393261597e-27
3517 4.02228394102894e-05
3518 3.0740066976162482e-24
3519 3.1799893648826745e-12
3520 7.240514415173372e-27
3521 0.00011657111713553313
3522 2.5828204554415755e-27
3523 6.736020163112443e-25
3524 8.586986187041215e-38
3525 0.005920158786116788
3526 2.4631533853286124e-05
3527 4.022056870749504e-40
3528 9.56321802347383e-40
3529 1.3822583322539171e-11
3530 4.534360634920324e-33
3531 1.824974040131091e-10
3532 3.464468329825211e-11
3533 0.0003214801337945715
