0 3.886546715465441e-05
1 1.1505903030870854e-07
2 4.44562906133391e-07
3 1.5829009942897776e-08
4 6.096882808130557e-09
5 2.589253329516779e-07
6 2.434547344746042e-05
7 6.912015964130639e-08
8 3.1466679838942724e-19
9 2.5351493928699736e-24
10 0.0017948109529520037
11 3.6391775533089895e-17
12 1.1732643483597529e-07
13 1.1055082013710588e-23
14 0.054180066521220524
15 0.001250881774159741
16 1.051975027318423e-05
17 0.0031968322694812274
18 8.802343998466941e-07
19 3.2861418757536685e-06
20 0.00011071428723805699
21 3.720897143098483e-05
22 0.005105157110918597
23 0.000679992217491042
24 3.002430702258267e-10
25 6.759725091022378e-10
26 4.371841577170563e-17
27 8.695832381578512e-24
28 0.036242563763161435
29 2.588877587900581e-10
30 4.5530727273383e-19
31 4.0366377742093714e-08
32 8.726819840240109e-29
33 7.58673822305833e-05
34 1.6177020963073727e-10
35 7.929960145372005e-08
36 3.461684288969344e-05
37 1.2778400980825795e-24
38 1.0831912771447767e-07
39 0.037524892306440724
40 1.0131535768710246e-19
41 3.169201678820529e-23
42 3.82720327518984e-17
43 0.016734356827834765
44 4.182402106946521e-06
45 2.289174890740035e-09
46 7.364260675290519e-09
47 0.11629311320893088
48 3.624600567436757e-08
49 1.9527803402325086e-15
50 2.7298237427077003e-15
51 7.470049525828229e-06
52 1.3045760330039204e-12
53 0.00021112343847309837
54 0.02317720105432246
55 7.270457156768664e-09
56 0.05195646707411413
57 1.1976218134141808e-16
58 5.155262068163237e-07
59 8.594358149131654e-15
60 1.8324755765360073e-08
61 1.2986012616176418e-20
62 0.03595787499059861
63 5.9578793785880905e-08
64 0.0005474290242475165
65 2.7466809293153855e-16
66 8.426374266247389e-16
67 3.685549918527109e-13
68 3.7389386971913587e-06
69 3.232741889409906e-13
70 9.234936073939294e-21
71 6.220527504283292e-08
72 5.303817921626555e-23
73 3.6682174821847776e-28
74 2.5379422530376798e-14
75 3.756417077739915e-22
76 1.0027102660952128e-09
77 7.387484490177392e-05
78 6.199339615050424e-08
79 0.004314470026231164
80 1.5003359014801742e-15
81 1.852951855116497e-22
82 1.0343857042886972e-15
83 2.0449957883180904e-31
84 2.058217649767015e-19
85 8.946454909396405e-10
86 3.332031066053753e-10
87 0.02082526177809482
88 1.215067899849771e-08
89 0.3253599669819643
90 3.8645785355272856e-17
91 1.474030658344126e-17
92 4.07114531356398e-08
93 0.02832631854580782
94 2.2679442427864005e-24
95 1.1982829795445989e-18
96 1.8821317651424297e-06
97 6.136261677895908e-09
98 0.001634331360227754
99 0.08673109621578529
100 0.048698233422420294
101 0.2228862265748819
102 3.8907546552852465e-10
103 0.003691608577314002
104 1.022610731266274e-20
105 1.1683225577486512e-19
106 2.7742849292699465e-08
107 0.16559232745311214
108 1.1573946545955404e-24
109 2.1267479944706748e-10
110 5.634490956199978e-07
111 1.4507795685280973e-23
112 0.1644896541538293
113 1.3181895950619937e-12
114 0.00010032345322324781
115 0.0043314517796976745
116 5.086336097021906e-18
117 1.2456968196059796e-17
118 5.419787383212316e-19
119 7.737468262774694e-12
120 0.0005371333477552099
121 5.975563321331337e-21
122 3.1733385507416295e-12
123 3.319132869435735e-08
124 3.0017374880086506e-15
125 2.786606555008837e-13
126 0.02535839855888507
127 8.385645365628837e-06
128 0.16920107212313634
129 0.01596711737201211
130 8.735494696150747e-10
131 1.6801130262071587e-29
132 0.03707460053150251
133 2.690770765113571e-05
134 2.2952832916880692e-23
135 1.8779363077793356e-25
136 5.287724543465181e-16
137 1.1851601508598892e-18
138 2.739139806754328e-14
139 0.05452589233213511
140 0.1851718394947025
141 7.369386246100802e-09
142 0.0001466047420715678
143 4.411508953588189e-13
144 1.638444606658893e-08
145 4.954779180130789e-09
146 0.3011019799612667
147 2.468512020746232e-07
148 6.437137185949445e-12
149 1.2869103851627786e-06
150 2.0189745847217833e-09
151 1.3908251437957866e-09
152 0.21999460518290473
153 6.273378770995718e-21
154 1.6678500237072524e-06
155 0.2130813379259985
156 3.063086016287831e-07
157 4.920632423321998e-10
158 0.1566427292286085
159 0.312430062376747
160 0.3552390756566243
161 1.2554353508918407e-16
162 8.121366974310466e-25
163 0.2657198436596037
164 0.00074965852338773
165 0.00016869907174411143
166 1.3550519010122556e-09
167 1.0374209128616272e-09
168 2.1480314162745902e-11
169 3.758019453776844e-09
170 0.06647775427792361
171 5.327623520046487e-14
172 7.759133386254814e-06
173 0.1579670828166999
174 0.20188116990021995
175 0.19511801710510646
176 1.1495312735626264e-08
177 0.04342199167123449
178 7.620339557102886e-21
179 9.337532925852282e-09
180 0.03364386115628584
181 7.177918075619288e-21
182 0.00025498712114658406
183 8.978756083459932e-07
184 3.912240628752468e-09
185 0.03584732407193431
186 2.626354799979941e-10
187 4.286388229710817e-09
188 0.20249758101554421
189 0.3304065123464919
190 1.1641438610938565e-06
191 0.047088385534146016
192 0.0014194699670939492
193 1.860126632752053e-20
194 3.4229804829735484e-22
195 0.0007447334206595844
196 0.00028366896703203604
197 4.774202538083017e-07
198 4.902981770683398e-06
199 1.1385061554037264e-17
200 2.1770229477791637e-09
201 8.141192495582658e-08
202 7.522816662712715e-07
203 2.007623190162809e-12
204 3.0695197270203556e-25
205 0.0005322717832139867
206 1.5582802269269045e-05
207 6.521798647141636e-06
208 9.464554694709669e-06
209 0.30766606597736074
210 1.4112660130382006e-11
211 0.0026825268734423165
212 1.7255625692642097e-09
213 4.789329535459545e-08
214 0.3547608073001142
215 0.0002933524322665722
216 1.1729194340299357e-17
217 2.0642127216968632e-05
218 2.17074634740711e-11
219 0.3156475701139898
220 1.6716803411842137e-07
221 9.576403673557931e-17
222 0.1212035896065843
223 1.1497798230014922e-21
224 2.2000826367099807e-20
225 0.12191396685968162
226 0.28139935782486414
227 1.5215268846929337e-22
228 1.4248385004067484e-09
229 3.2844018751865476e-17
230 2.803568487282978e-22
231 1.7315840123625876e-22
232 0.264883942432821
233 8.402509033731582e-09
234 1.1880384667329659e-17
235 4.103489330091975e-25
236 0.27872208399455933
237 9.789432870835641e-17
238 2.4673753207818835e-06
239 4.1973960731846822e-22
240 0.1995799994222651
241 1.5307819444665915e-05
242 6.869035115652477e-21
243 1.479822083227809e-09
244 9.55160726725151e-08
245 2.601736945471713e-11
246 3.297039161471345e-22
247 0.16457936075743726
248 2.1836282537532457e-27
249 0.21264561363485152
250 3.864338086165631e-10
251 8.871813575107501e-27
252 0.06209172078050032
253 0.27745863432803164
254 1.0937659227533362e-20
255 0.01075088758591572
256 4.530745607803901e-16
257 3.888913765120771e-24
258 7.046775132479333e-18
259 1.0151111736834217e-22
260 7.898511248976913e-05
261 3.010866235610746e-16
262 0.02301387922920787
263 0.01967388934109896
264 0.014857549974807238
265 0.013076889206969254
266 1.2904392039160403e-07
267 0.004665168778101497
268 0.0013624664308390434
269 0.009373381166548232
270 0.008074530211213625
271 0.02738787667350179
272 0.024322588369011244
273 2.4966967591703402e-08
274 0.9731038439443354
275 9.859038188794041e-17
276 0.023234540115010683
277 0.014847186539711165
278 1.4860030637828162e-21
279 2.6708043087106415e-17
280 8.880844884777587e-10
281 5.170224554190081e-05
282 6.450183743215073e-07
283 1.3245526672851599e-24
284 0.007436072972587135
285 0.1275438191768943
286 0.14312560778239544
287 1.8859962868850888e-06
288 2.47863923617849e-18
289 2.0636422740772692e-05
290 0.012909344277916353
291 2.1307570194648978e-05
292 0.014830350421990162
293 8.036079121730982e-10
294 2.0833082634652807e-18
295 6.741824686501321e-08
296 0.019632331063811136
297 3.656912675124682e-05
298 0.0014749094422042382
299 0.07904554983762041
300 0.23948399942612664
301 0.0005955948706350226
302 5.166366270075159e-06
303 2.074385144110442e-13
304 8.579398481263635e-10
305 0.2139040875022187
306 1.4191898584884515e-08
307 2.4742630737001504e-09
308 0.22643570656346723
309 0.9981787938581609
310 0.8925309462225165
311 0.025552298510386297
312 0.9477109836205806
313 3.0538780328137586e-09
314 5.196401779529309e-06
315 2.381821197798422e-09
316 0.9761411507839746
317 0.0006593633739858462
318 0.012949268853202018
319 7.2288870022027405e-22
320 2.459385033921683e-08
321 0.6375457644403852
322 0.29467686597668424
323 0.3498277042971987
324 1.0732771280535493e-05
325 0.6712255382984614
326 0.012838429994089167
327 0.49136883092857775
328 0.005455358140752776
329 0.5372110383497374
330 0.39747715927640875
331 1.067744806667031e-05
332 0.009181391219799608
333 0.022261418011987597
334 0.055166617624316246
335 0.017985050976719232
336 0.14014122437133314
337 0.06845834171394638
338 0.04980506588322928
339 0.17222219979074355
340 0.06426081761473781
341 0.03250101616590828
342 3.2868865043310273e-10
343 0.1934085178218721
344 1.3215339015739969e-18
345 0.272003486348026
346 0.23014260125981795
347 0.013083398505128479
348 0.05583279443726976
349 0.04160724018606548
350 0.001274863194759577
351 1.1833699659779528e-18
352 0.015436934331046832
353 0.26589415810360606
354 0.022885221294203704
355 0.03210410169134955
356 0.019775668424711502
357 0.044792984076676194
358 0.0015834140563653137
359 1.6308021646964848e-20
360 1.6793098682318358e-13
361 0.017696620861415942
362 1.6070161986627716e-07
363 0.0010196210549754297
364 2.0645907509896118e-07
365 1.0388532848968604e-06
366 1.1729715998377274e-13
367 0.0053859004517143195
368 9.40103115904846e-07
369 0.03320055443659849
370 0.012627579818473563
371 0.000902230029253623
372 0.008793989038661378
373 2.5301571059934277e-08
374 0.09480074136383917
375 0.015081414458804203
376 2.6310641316269183e-07
377 2.5387281255624194e-13
378 0.00030244491925052625
379 0.022737625508867598
380 0.014395767071856873
381 0.002121617176648761
382 3.006107743125992e-06
383 0.0008309460879696888
384 0.0013518007477250067
385 7.963402820631369e-15
386 0.006136184764518473
387 5.512643699643641e-06
388 2.9052097136295315e-07
389 9.517587641329434e-06
390 0.001883461425147133
391 0.5614124037255849
392 0.0009550385523474444
393 0.4671407166266507
394 0.0020378062537167417
395 0.018992834774626145
396 0.003454161445547889
397 3.8467617187170724e-05
398 0.8269157917569515
399 2.4436377754898664e-06
400 3.308999130808746e-07
401 0.7430355158884457
402 8.906503340157112e-13
403 9.565646614528347e-06
404 0.0009477087363321842
405 1.2900513498028074e-06
406 0.0014266646060490129
407 0.9885218720745094
408 4.610793596732261e-05
409 0.0036075938519826733
410 5.734927143481663e-07
411 3.874380026239643e-17
412 3.375089886271597e-16
413 0.0014139400527389098
414 1.703313234307308e-21
415 4.41198954683332e-22
416 0.0018238688485079804
417 0.0004840551070667337
418 6.204376354891414e-06
419 0.0007886741347795847
420 0.0010681419516930086
421 0.007761296238919375
422 0.10109136458301884
423 6.950138609900874e-14
424 0.00017997577210317512
425 9.06740055877962e-18
426 0.0012837276905785923
427 0.0003172058748151054
428 0.0014364813746053323
429 8.989593941043321e-10
430 0.0017988833464941218
431 2.690856220465138e-13
432 0.0009334330240497558
433 3.197485198897813e-08
434 5.2558678827273536e-15
435 4.793668351498014e-08
436 0.003762625001327378
437 4.8733266176214014e-05
438 9.29404945482291e-05
439 0.004124350057328426
440 0.0019325996098195697
441 1.6068106245037678e-07
442 0.0025280036019859633
443 6.14824090284758e-08
444 2.0135131056033922e-14
445 0.0024120649292113223
446 5.75246962670455e-11
447 0.0011784593141746015
448 4.890823797135877e-14
449 0.0014210929527492088
450 0.00010273887447205422
451 1.0869806036284652e-14
452 5.838736211089205e-16
453 1.0100910949686917e-05
454 6.186930545545494e-23
455 3.978728017200796e-06
456 0.009499576700388737
457 8.809558924668175e-10
458 0.0017068773844335795
459 1.1035677279205947e-08
460 2.6268060230483324e-14
461 4.5346213691881657e-05
462 5.024230141614912e-09
463 8.958836220539318e-11
464 0.0007053769635989308
465 0.0005127252256464592
466 0.07284227634342846
467 8.80440650430273e-09
468 0.0017892449460520713
469 6.920693568176847e-18
470 0.004160863105495316
471 8.960194618094711e-05
472 0.0011039966980239363
473 4.152621918828665e-10
474 6.175710903296917e-20
475 3.7856673294343986e-11
476 3.7469014832386825e-06
477 2.059248994728746e-06
478 3.255342648846443e-06
479 0.008212937678627545
480 0.03787745284137554
481 0.03025035175056515
482 1.9785530578190085e-05
483 1.7679600955856316e-06
484 0.00030723546425545563
485 0.11738138794652225
486 0.011490335287963541
487 0.09863767311310245
488 1.1945917478668854e-11
489 8.092503714769712e-05
490 1.8298988804059467e-06
491 8.851843063563419e-07
492 0.0015742625463129412
493 6.859206677881901e-08
494 0.08843056380478374
495 5.222560880473731e-16
496 5.263514533256659e-06
497 1.3771885266850202e-05
498 2.195056874120359e-11
499 0.000520309072896483
500 3.4884959889636906e-08
501 0.006195802002181527
502 3.509332563417809e-06
503 0.019397363436938576
504 0.008417960485288766
505 0.005164633800358611
506 0.0005721067680210014
507 1.0383944491009915e-12
508 7.672482855588597e-07
509 3.3741395575984384e-08
510 1.8227916940046596e-22
511 9.748920308603341e-05
512 1.7765539046580499e-06
513 0.0013035539739884136
514 3.34935721734508e-16
515 0.0010139967005387935
516 8.893972921829967e-07
517 5.091015542629762e-16
518 3.911644759625337e-05
519 1.5211220100491444e-06
520 1.6729249977319166e-07
521 9.587740356614707e-07
522 9.546213450499514e-12
523 0.0001786295467976867
524 2.814183049057329e-08
525 5.1204971404754904e-24
526 7.2150286441186444e-06
527 8.881346020458991e-07
528 3.7483880583969914e-14
529 5.613255688828254e-06
530 3.449818332738009e-07
531 1.7208490288202384e-06
532 1.970567423955977e-06
533 0.001050446823534214
534 1.0740674538052827e-10
535 0.00086387079722479
536 0.002029494428583127
537 2.360520610018033e-09
538 3.630412216199292e-08
539 7.237147769972443e-08
540 7.118996822447012e-18
541 2.6442763705677336e-22
542 3.543676848938851e-06
543 2.2495326534543864e-05
544 0.26472081883814924
545 1.2896100370658396e-05
546 6.196112163825882e-08
547 6.761739569499323e-11
548 0.000860182496449025
549 0.0004687344885274433
550 0.1834828829638436
551 4.209333979485188e-11
552 5.664594185081464e-20
553 5.143133475037649e-05
554 0.014790148807161858
555 1.8530261918212584e-07
556 0.17255243464235454
557 0.0003549323756967899
558 0.37812497527390165
559 1.8450776979574827e-06
560 4.464578768471204e-05
561 0.0003821342157683897
562 0.00011487319944256561
563 3.4960850783944917e-11
564 1.373671106448037e-10
565 1.2767162029675897e-05
566 5.666565581032796e-11
567 2.133321972924751e-11
568 3.1525272919604253e-21
569 5.5726085135377235e-08
570 0.3178959745688969
571 1.2835569952146062e-12
572 3.285941110387916e-06
573 1.2395499991698493e-08
574 1.7628574576682103e-26
575 3.819094246292148e-05
576 2.717790032534971e-12
577 8.78462191353691e-07
578 2.2832106034699856e-06
579 9.04895475556028e-08
580 7.041595860792491e-05
581 2.329296179574714e-11
582 1.6242489200535134e-08
583 1.0328688256246417e-05
584 2.5030148518709534e-05
585 8.678955121008928e-19
586 0.32820739309602015
587 1.2829070687516742e-29
588 8.000781262149901e-07
589 4.910303060418735e-12
590 0.14355513915227858
591 1.1361909270559978e-06
592 2.1502061708244737e-07
593 6.164421813824872e-12
594 1.186346820153589e-08
595 3.2997915510271777e-08
596 3.2881138442892952e-28
597 3.662527996605316e-10
598 3.2884760783168655e-13
599 1.1895374819741996e-26
600 7.77556400544236e-09
601 0.00031327275268566794
602 2.501800860486716e-12
603 6.333330607016133e-11
604 3.937948445722678e-07
605 0.00021918604109130854
606 0.00020012312150788356
607 6.03979371423009e-08
608 9.744582721808887e-05
609 5.5527767363705245e-05
610 2.9018676744684373e-09
611 0.014453723323206222
612 6.297022403423218e-06
613 1.2395454216202583e-10
614 8.421998963419311e-18
615 2.1852316435815972e-08
616 2.4685904913161365e-08
617 0.0006511534023044854
618 8.275442746397578e-07
619 0.00257194383685739
620 4.9381504785754085e-09
621 2.602673211725514e-18
622 1.6627875575146274e-07
623 0.27798721264545584
624 1.96631561807362e-18
625 0.26540234308107397
626 0.2634834393754065
627 2.6205450619156868e-05
628 8.852859257648484e-06
629 1.6049928492181164e-17
630 0.006524439808441481
631 1.67772215012086e-18
632 1.741928388107982e-07
633 0.6877451077097362
634 6.3847575668555354e-15
635 5.00761029151984e-25
636 2.617863642131533e-06
637 1.5563047504093626e-21
638 1.8038596805511009e-06
639 1.4285388596699372e-15
640 0.00015673772494630294
641 0.6260382050834583
642 2.4768144211023315e-05
643 7.806557329789853e-08
644 2.2973000096448257e-08
645 1.6137004800958407e-12
646 1.6651946676099986e-05
647 8.07467229798665e-06
648 0.20582943708496784
649 6.377481863877672e-13
650 3.6015833511402564e-12
651 0.20937828714943374
652 0.14689296991054435
653 5.551795525167674e-13
654 9.827625038030903e-20
655 2.9911844249143402e-27
656 6.022218734783007e-06
657 8.155951991065017e-12
658 4.129220700238501e-15
659 5.6833705276281165e-19
660 1.8198033040807133e-12
661 5.907357327974882e-28
662 1.1539896516919128e-11
663 0.3245808057022742
664 7.386871953860417e-12
665 6.754436276899632e-09
666 0.007196860881981031
667 7.316751525669253e-08
668 2.1554865939542502e-07
669 0.009527325487785844
670 0.010055631139022919
671 0.03144781455207461
672 3.0287143405133758e-12
673 1.197155752829476e-20
674 8.527837381750846e-08
675 2.1894280345757348e-05
676 0.010137060024550547
677 2.1574971677133415e-05
678 1.5650124125516168e-05
679 0.05481088897005782
680 4.9058394412486236e-05
681 1.4091496131740586e-05
682 6.675824906103231e-21
683 0.07567388997793216
684 2.6544233791729843e-12
685 4.220854362971772e-15
686 3.896629404587776e-07
687 1.1251926955465625e-08
688 1.8779961861943402e-18
689 0.28452695887991863
690 1.2126007786536277e-06
691 1.1579557634637795e-05
692 9.091408060519696e-19
693 7.593877364495922e-08
694 6.234839556652562e-19
695 2.8443539486755006e-09
696 4.93989091829087e-08
697 2.672815670805563e-15
698 0.646184567467713
699 0.00017762609677228773
700 4.756352151394506e-08
701 5.3231544143034206e-05
702 5.125114473161541e-07
703 5.294623995416177e-08
704 5.251953024380874e-11
705 2.999632882985906e-05
706 8.17037720477206e-12
707 0.0004176318174773135
708 4.106008235614658e-20
709 4.287752454065422e-19
710 2.512411180797544e-11
711 2.3360767977184027e-05
712 0.015278875112120399
713 6.353091009430783e-05
714 4.080001162098135e-13
715 4.215900792368719e-16
716 0.18168724591351665
717 2.997078518572458e-09
718 4.120204592449774e-14
719 7.887924304905339e-05
720 2.0412089878831914e-08
721 0.00011948969987835558
722 4.138419772417033e-09
723 0.20488052212209337
724 4.923924120553296e-07
725 2.84133411926104e-17
726 1.1328052762149332e-09
727 2.069370776683927e-11
728 2.2771799413100537e-16
729 0.0065190723404594106
730 0.13710953823615757
731 1.3806803444356773e-09
732 1.7353393257155103e-05
733 7.017171046821924e-16
734 9.911396941832376e-26
735 1.0209243367439788e-09
736 0.030493539010260542
737 0.0004700944274062032
738 1.609199194322382e-16
739 2.7844190810750217e-16
740 0.0001656362012218858
741 4.174777843019825e-17
742 2.240905176184161e-19
743 2.7604554489310676e-09
744 0.009060637839907747
745 9.757527788958402e-21
746 0.1530341900686456
747 5.456900875641017e-13
748 7.688766404968787e-13
749 0.19623806381495584
750 0.012451376098185748
751 1.5979721199946654e-07
752 2.3296567434719558e-05
753 8.080023826453755e-06
754 8.73909289420443e-19
755 2.912557622939668e-05
756 9.737180355575952e-06
757 1.570863290425646e-11
758 4.9143331918333136e-14
759 1.2178793298121e-07
760 0.14665258392250852
761 0.006312638018158877
762 2.5873125748613867e-20
763 2.620343529308071e-06
764 0.10469829359607154
765 1.785408083006836e-11
766 1.8582902605680335e-05
767 2.0243218979590574e-26
768 2.267974343481244e-14
769 5.9520863896341724e-05
770 1.1846928265798234e-10
771 4.111776479930849e-07
772 2.0716420041015614e-11
773 0.0002537625177179167
774 1.3875888468737782e-17
775 0.0005048369478593243
776 1.9479332704469932e-05
777 9.528161439356196e-09
778 0.10434467193425664
779 2.5660801716644656e-06
780 3.922921815876611e-08
781 7.104054216850841e-12
782 1.6782378843020898e-20
783 1.0874061169776963e-10
784 1.7648359769631712e-10
785 4.307080184445531e-06
786 7.349503622896672e-23
787 1.1526935282964568e-15
788 4.718840518900265e-06
789 0.01503133822618179
790 0.0005771819321344013
791 0.002001632520521406
792 2.0139159114445814e-13
793 5.422145061085537e-08
794 2.0604811002186788e-19
795 2.1470861533790713e-08
796 0.0003042714612596939
797 8.068397446130491e-19
798 1.656863427496595e-17
799 0.019586961456271902
800 1.4438123594921278e-08
801 7.078646991514068e-06
802 3.940137212162168e-15
803 9.752890977324009e-05
804 4.310827925358416e-11
805 2.194577075892116e-19
806 5.590899974766215e-18
807 1.8165549897208986e-18
808 0.010141551562465632
809 1.148194635629021e-05
810 1.1864247091171076e-07
811 7.150377097263238e-09
812 6.692940350170196e-17
813 3.4386844908317585e-13
814 9.305246670596827e-14
815 2.2215122609322455e-15
816 0.9163807984862845
817 4.7470658661889826e-21
818 2.8913368336534714e-07
819 1.17941421591751e-08
820 0.021377052960942795
821 3.772523445207747e-09
822 5.284812100729013e-05
823 5.062443852466188e-25
824 0.014339172641569978
825 0.7274887579763775
826 2.72362966208609e-12
827 5.393051484222072e-20
828 1.9956931662016504e-12
829 8.228074240075637e-12
830 0.0004846313544497013
831 0.4756960429632486
832 0.000301989489464802
833 0.9906325524486786
834 0.0860415142494668
835 0.9269663064412449
836 2.3434986832752198e-12
837 0.11495520779459453
838 3.5252073569272484e-08
839 0.56824785923153
840 0.11998929045469679
841 2.8722431082310145e-05
842 1.0084651767795381e-05
843 0.20764049274631383
844 5.9380349640948136e-05
845 0.35767741727022534
846 1.0735563905091978e-05
847 0.0972720205090144
848 3.354871552525713e-20
849 6.018309865691654e-11
850 0.0004515624759874958
851 0.0005494606489482186
852 1.3769878551676932e-08
853 0.10747462183978371
854 3.408273853881412e-14
855 1.1845142151877272e-18
856 0.18866786763124044
857 6.151443934681854e-22
858 3.58954819835641e-27
859 0.18228792925269535
860 3.7214551330440326e-09
861 6.226518464140194e-13
862 6.492211062533811e-10
863 4.3147951279192354e-08
864 0.9606105995302904
865 0.9301012139843899
866 5.431207485121665e-09
867 2.3085101529705523e-07
868 0.0003801476381506618
869 4.325557246263685e-09
870 7.686584286632877e-09
871 0.006332773112626054
872 2.248783927025436e-09
873 3.078886367156306e-12
874 3.2807503657959193e-07
875 2.78708817526018e-11
876 0.4095302969246658
877 3.362658966062597e-10
878 1.2751021482237652e-05
879 4.793756485073757e-09
880 0.11078168968364845
881 0.2290609714341365
882 7.358967634393798e-11
883 1.9834528253992344e-05
884 9.19943694250176e-13
885 2.3882845075365318e-11
886 0.9018271842280121
887 0.00014041196471686483
888 8.465243100928384e-16
889 1.080122984000691e-09
890 0.008405546302650963
891 2.011560739393255e-11
892 0.0005435056071307331
893 1.6930571291547222e-08
894 2.512705219495473e-09
895 2.48955831166374e-08
896 1.1601823842471895e-09
897 0.8801475313049368
898 8.918819260715143e-12
899 0.00015801112041204825
900 4.864243223779941e-09
901 5.9149161760379725e-12
902 0.7330588261069717
903 2.573638306096917e-05
904 7.381349961715507e-09
905 1.50442537875288e-05
906 4.1354960233109865e-07
907 9.362755483714513e-25
908 0.0005455016348109294
909 4.24390788125649e-09
910 0.0007379525586903198
911 7.44434790729431e-08
912 1.85330357079663e-14
913 3.150155048610977e-23
914 4.887392715432736e-11
915 0.00021450237339986893
916 1.101541472363332e-12
917 5.026128561961574e-09
918 1.2554095241952721e-08
919 1.5656887743350577e-15
920 0.19170363062708723
921 7.920283413933575e-09
922 1.053572162071433e-09
923 9.86934352895261e-08
924 1.6149979795813456e-08
925 2.219040315454691e-19
926 3.8957513459633356e-21
927 9.290262049294115e-09
928 5.730573385175601e-07
929 2.4134659537178453e-07
930 0.0002865240129597153
931 6.918907167241712e-05
932 1.7941372262013941e-07
933 2.001209072623074e-09
934 0.02481116444521803
935 2.876735455424361e-09
936 8.153290530767043e-08
937 1.385712583953273e-08
938 8.35011569275676e-17
939 7.656579750797856e-14
940 0.8217150441335046
941 0.015272857894527548
942 0.01519308469857498
943 1.9119558662997834e-07
944 8.312276058311669e-06
945 4.0074852135270163e-07
946 0.402918959690654
947 1.6974234909285222e-09
948 8.543957730229702e-08
949 1.9260702188155467e-07
950 4.1429347142708834e-07
951 0.160491643934808
952 4.0161886238946127e-10
953 0.015948935278096505
954 8.272182180476957e-07
955 0.41150579550845484
956 3.2343200614322616e-13
957 1.2034360569941563e-05
958 7.812071142476855e-05
959 0.32372612061370537
960 1.6230567056689084e-09
961 3.3964501701490544e-06
962 0.08258475681016512
963 0.00010865859947562383
964 1.0835626569863905e-25
965 0.03635951775546296
966 0.294343818082379
967 1.0389726852580038e-12
968 5.738374950539545e-20
969 2.830919672007077e-05
970 7.388524710546206e-06
971 2.3573295408159452e-09
972 6.1440186747663596e-09
973 2.7188036665632507e-05
974 1.8324964549889774e-05
975 0.12956378847260897
976 7.751923649253565e-08
977 3.114782629217589e-06
978 4.031214603999199e-10
979 0.00017651836698233763
980 2.6718035501453788e-18
981 4.974882282840611e-05
982 8.041692096165298e-06
983 1.1170262894831483e-21
984 2.291926011347713e-09
985 0.05355757426440656
986 0.0018786003718253756
987 9.186343630752137e-05
988 1.0590247746875407e-19
989 0.000513061149989723
990 2.9320576167268635e-13
991 4.8132411512506064e-05
992 6.182545921952019e-06
993 2.673363875166888e-08
994 1.1102059541922042e-10
995 0.041081123460753065
996 2.8100816120841096e-05
997 3.937921545564952e-08
998 0.39991593744238435
999 0.05918938419253563
1000 0.021417698652781897
1001 4.41530219879066e-05
1002 1.142078667547577e-09
1003 3.410302348398578e-06
1004 0.00029841599761554693
1005 1.4040474816822615e-08
1006 7.799953261084443e-10
1007 6.689387728315493e-10
1008 1.1856901398573823e-05
1009 0.00023445266928846383
1010 1.5145000474532726e-05
1011 5.718999825549847e-17
1012 2.3845577122280207e-10
1013 1.2759411913426686e-06
1014 4.784955828469231e-08
1015 2.550117440275874e-06
1016 7.306045392486118e-21
1017 8.059556838905835e-09
1018 6.046575617078895e-09
1019 0.0001285954618741542
1020 0.001309024725786704
1021 9.487639118109971e-06
1022 4.336710123456057e-05
1023 0.06382877638000099
1024 0.00030910769688192227
1025 1.2370081000254646e-09
1026 0.00030118547243113315
1027 0.0009189426320138106
1028 0.2320037137772507
1029 0.0002064234028166554
1030 2.2233835473086864e-05
1031 0.033188602274512556
1032 0.008492814619841794
1033 0.00017650195340209671
1034 1.9606325569132514e-05
1035 0.0015611260362251595
1036 0.00021882150785280835
1037 0.002902783837394187
1038 1.3690758474540682e-06
1039 0.5652893478723485
1040 6.47959952205717e-08
1041 3.996648909567101e-07
1042 8.05409885025268e-12
1043 1.9202348973435517e-07
1044 1.3382187332929741e-18
1045 1.351477189868033e-17
1046 2.230116706555614e-07
1047 0.019928074567939942
1048 0.0001577828826603993
1049 0.00018365413131798554
1050 0.0013896692950052631
1051 4.790592684443213e-10
1052 0.23710580526779432
1053 0.09422181946038898
1054 0.18551050552611487
1055 6.472261711194047e-05
1056 1.4184259145780299e-09
1057 1.1872779275341363e-10
1058 0.02841518857734333
1059 0.47906243299608475
1060 0.0015082249535014638
1061 7.552490330186197e-09
1062 7.205315633333769e-09
1063 6.559002335670015e-10
1064 3.606231126600558e-20
1065 0.003263660242696471
1066 3.8065276119477905e-18
1067 0.05678923091016427
1068 3.502224569925052e-08
1069 0.00015681119955013995
1070 5.832640260244023e-19
1071 1.0535156811075315e-10
1072 7.342893021202356e-07
1073 0.002424421988095784
1074 2.648299725650355e-08
1075 7.436861658247427e-18
1076 0.0002537843338940508
1077 0.0013154897339822738
1078 8.265374411506377e-19
1079 0.00652673406779056
1080 0.00048462963983150417
1081 0.09393021037155558
1082 0.0013719711844007076
1083 0.00020039182177247327
1084 0.012062258697387354
1085 0.06495993641889138
1086 0.06384380786465078
1087 3.659427984719013e-19
1088 0.0003325386175916972
1089 6.86006463903373e-08
1090 0.07070712427616736
1091 0.21645310262631512
1092 0.07905022378463868
1093 5.0266197602454465e-11
1094 5.068951397629437e-05
1095 0.00118134541513736
1096 0.07209680234666327
1097 1.883872694033594e-08
1098 0.0026595499291461326
1099 1.4728380541156092e-05
1100 7.981134600509613e-12
1101 0.000643694752622848
1102 0.6364225241172097
1103 3.801791621130499e-05
1104 1.8455654530571292e-05
1105 1.331387744888594e-19
1106 9.349144897221713e-07
1107 0.87200413427881
1108 3.1147782816430966e-05
1109 1.7144611472503245e-10
1110 0.23935361771340866
1111 2.1218694312826963e-12
1112 2.894895983943433e-13
1113 0.04282912860500367
1114 0.19138628900580085
1115 0.00020118216041441713
1116 0.029349728101121013
1117 3.086736204355537e-11
1118 1.4137086607796746e-14
1119 0.00015703742574456713
1120 0.0018297395107633306
1121 2.014907998869911e-06
1122 1.3408124673546138e-09
1123 0.0035091066188409513
1124 1.240079548674018e-07
1125 0.8781394261788682
1126 8.611516546882297e-07
1127 0.06198667851485365
1128 4.219276344070031e-16
1129 1.2976560314621945e-12
1130 0.9664971662150033
1131 1.4848842577021073e-18
1132 0.009507272051859127
1133 0.08529985520558518
1134 1.6952828897156181e-13
1135 2.7698716110783097e-05
1136 0.00029500762804978375
1137 4.078747220889884e-12
1138 0.005531878073478329
1139 4.51542081636941e-14
1140 3.846777906359947e-08
1141 2.025033520802337e-09
1142 9.104407102828983e-12
1143 0.05465174893910416
1144 0.001869591474566371
1145 1.652310873377287e-08
1146 0.005418428496629772
1147 0.06595594541862272
1148 7.227809997462913e-10
1149 0.04740793202035927
1150 0.01146101678194669
1151 3.7392494351871396e-06
1152 2.004300393203999e-11
1153 5.401043148355069e-05
1154 3.885293378043663e-06
1155 0.04114831814238413
1156 0.00011090981713910232
1157 0.36846214034305513
1158 8.22340448658761e-05
1159 5.862479487166383e-09
1160 3.34037715318032e-19
1161 0.010635457045501326
1162 2.585339894500365e-13
1163 0.041855081596839386
1164 0.27059051555025854
1165 0.018892913777869988
1166 0.32340175162591794
1167 0.004288655773932489
1168 3.606270544957814e-08
1169 2.6138898104150082e-09
1170 0.4718884643487473
1171 0.45263270619481144
1172 0.6881917781302002
1173 0.06537910071112082
1174 4.4968315660240495e-13
1175 0.012808897794635874
1176 0.36640105515379967
1177 1.5307269182600835e-05
1178 5.531394725918981e-07
1179 0.00012871690917007968
1180 0.00320968996503442
1181 0.0064151963457857895
1182 0.08197444585022105
1183 0.08506294589987903
1184 2.8924442915923263e-09
1185 0.783942314717732
1186 0.0003826881964747416
1187 0.0002491112870527344
1188 6.399454721328139e-05
1189 0.14790657168763194
1190 0.14214512220975692
1191 0.0008766985753473392
1192 0.5846342853066437
1193 0.7935027033891329
1194 8.27912186181396e-07
1195 8.143156790180312e-18
1196 0.8274659465010885
1197 1.1461514358217984e-18
1198 3.6023153335999855e-10
1199 7.223321043267224e-13
1200 7.040355736135696e-06
1201 0.1627646070733093
1202 1.0894323685555836e-05
1203 6.594774026598066e-19
1204 1.0405153619997133e-12
1205 0.0007717950687488927
1206 5.309654570139611e-05
1207 5.337956130936492e-06
1208 8.296461593444278e-12
1209 3.4013520358820866e-12
1210 0.29292460938931886
1211 0.0002705966011993111
1212 0.05824686941570303
1213 3.380985025811473e-05
1214 2.9757945631573815e-21
1215 5.0204175378259255e-06
1216 2.219572891991354e-08
1217 3.8054586284576366e-11
1218 5.086284001672821e-11
1219 8.247836556687572e-12
1220 0.03677607799931711
1221 0.42318519842189667
1222 0.1386975878968066
1223 0.6709943841392496
1224 1.6776195772085282e-08
1225 0.3527498959238348
1226 0.009154776530847225
1227 0.3134477105011112
1228 9.242480081206006e-05
1229 1.5461713840575692e-18
1230 1.352360411341288e-05
1231 7.891344865956812e-05
1232 0.012451713831819814
1233 0.39267903126918796
1234 1.4303865623530175e-12
1235 0.4641476011496858
1236 1.2899454710505823e-12
1237 8.884940337326093e-05
1238 0.0146808812110415
1239 0.5306170927858357
1240 1.9016477538803258e-20
1241 2.9513698477503953e-09
1242 0.0003222586940598577
1243 3.2691257172108454e-10
1244 9.624080296962986e-05
1245 0.00023448553714100804
1246 9.11025936444903e-06
1247 4.1993674390617944e-16
1248 9.154021991974769e-09
1249 0.006427397988306674
1250 0.8727872188706371
1251 0.2820418736642581
1252 0.2702673914692352
1253 0.03195291603913679
1254 0.7571784951157106
1255 8.153415178235771e-06
1256 0.00017023779651703094
1257 5.318093010595877e-12
1258 9.46133124800525e-19
1259 0.44914873845571307
1260 2.9626570518719694e-09
1261 0.26461323388717817
1262 0.13442446152584275
1263 2.8852820011965914e-12
1264 0.010073719050345167
1265 0.10149508287873868
1266 2.6265340194155656e-05
1267 0.000571584765097989
1268 0.47857014689780314
1269 0.0007198583950237418
1270 3.30889046169377e-06
1271 2.3955120081314674e-12
1272 0.4259891659472267
1273 1.5970959883073536e-15
1274 0.6072884496904983
1275 0.9397812222344354
1276 2.321701431795186e-12
1277 7.036415304067222e-06
1278 0.702883115536126
1279 0.039292350061282864
1280 4.440674637909708e-09
1281 5.11067378231246e-07
1282 0.807525978171771
1283 0.00010267446512053857
1284 0.0016590170221663138
1285 0.11451967200981815
1286 6.282243957712541e-09
1287 1.996549669837216e-13
1288 0.5931311298149804
1289 8.416333520261118e-10
1290 0.3086169881186444
1291 0.8544522427253782
1292 0.19553878181378226
1293 0.4502780166446167
1294 2.946865810148653e-12
1295 4.238426713143304e-12
1296 0.7714890461135062
1297 7.209844211768913e-20
1298 3.7343542150581346e-06
1299 0.013720876728691133
1300 2.3187037910736916e-12
1301 1.7946977814264058e-07
1302 8.611480362669097e-08
1303 0.06105354387189803
1304 0.1513706972587427
1305 8.656467601802353e-10
1306 8.738263013958393e-10
1307 4.288343567571513e-13
1308 0.018793511542685933
1309 1.0139372933978465e-12
1310 0.016526468946797074
1311 0.003313925165492246
1312 3.819381947954575e-08
1313 0.05872611520839184
1314 3.5084974740002725e-09
1315 0.6342255434569509
1316 1.9340061748078338e-05
1317 5.108671621322515e-07
1318 0.008848327430905831
1319 0.0010714239655730008
1320 0.5125179482399655
1321 1.0373124652865311e-12
1322 0.24873990687618966
1323 0.42286517837134696
1324 2.4519349487726438e-05
1325 0.004160173619327499
1326 7.228572131654542e-17
1327 3.6629840226728184e-06
1328 0.07567045048480366
1329 1.2414684686746418e-07
1330 0.0007419523103356565
1331 2.4387612967190396e-18
1332 0.5426850525647083
1333 0.3527935955098177
1334 0.5484144385556077
1335 0.4429277700621243
1336 0.0028210788998366608
1337 0.049272413860055916
1338 4.081392107105968e-07
1339 0.04704548746737915
1340 1.0097996804709725e-06
1341 3.7297893298218056e-05
1342 0.0024174560432940516
1343 0.7492304308487643
1344 0.04440952303425519
1345 0.018363259475208886
1346 0.004129351250917987
1347 6.147738158271794e-07
1348 0.0003746066903698662
1349 0.006792223534158862
1350 3.456220160348034e-07
1351 3.5529101938626475e-14
1352 3.3188817300256534e-06
1353 0.6368155944522236
1354 1.344377871769605e-17
1355 1.1477625938553832e-07
1356 0.008217740419655771
1357 2.7776912544734935e-06
1358 0.0003245160387482276
1359 0.24591630851938676
1360 0.12427021060127182
1361 3.434851336845003e-05
1362 5.966951798423916e-10
1363 2.0111033459397452e-16
1364 1.8024311209681755e-07
1365 0.0001765395131565527
1366 0.015601569986989264
1367 0.9146197619355724
1368 4.860790839204304e-19
1369 0.03301607007445886
1370 0.7829987098326319
1371 0.17874725261995783
1372 0.3539699122200775
1373 0.035763405022787825
1374 0.00016082233016263071
1375 0.2615796206674496
1376 0.017839346780521233
1377 0.00429533573072274
1378 0.7941053366234897
1379 7.8008643675088785e-19
1380 0.0006545736182456942
1381 0.11293623934119387
1382 0.010430930148863345
1383 0.06600710233139674
1384 2.318134153276531e-08
1385 2.14629206256897e-06
1386 1.532014600928206e-06
1387 1.5138719088350686e-11
1388 0.12060354771897583
1389 0.5610127103377606
1390 8.57946266055079e-06
1391 2.6148413519659664e-09
1392 3.197913406003898e-13
1393 2.9433460628461974e-09
1394 1.62990664717232e-08
1395 1.5783095135954082e-08
1396 2.1448343926688096e-09
1397 0.14227177577921013
1398 0.0014256892525323236
1399 0.027738169291304703
1400 0.05225812517253553
1401 3.580370709966995e-05
1402 3.554315888694199e-05
1403 8.672167181886309e-08
1404 9.001040004149789e-14
1405 4.0681631460017786e-12
1406 7.620078877964156e-14
1407 0.008395867951743278
1408 0.005338166819795983
1409 8.440024699329412e-09
1410 0.39705512163117024
1411 3.594073181744089e-14
1412 4.825682914686445e-11
1413 0.10661013477310208
1414 0.00020027455144861614
1415 5.126503970721597e-07
1416 0.5061406059278949
1417 6.546690485645181e-19
1418 9.421431497540999e-05
1419 8.390040307552773e-08
1420 2.681859910722479e-10
1421 0.08162510276377809
1422 3.2445800776444048e-18
1423 0.24957543028385398
1424 4.750393506537521e-10
1425 9.1499986136601e-13
1426 5.27801417564498e-15
1427 0.0022707787805025434
1428 7.465538974540064e-06
1429 3.069632934772898e-08
1430 0.028551135720191245
1431 2.6493933320461107e-13
1432 2.6428862914803745e-05
1433 0.0033940269401955057
1434 0.9747749646598193
1435 0.5725989652616937
1436 2.964442216879855e-13
1437 0.0006697653564303028
1438 0.00028275650248524
1439 6.475747261183845e-05
1440 1.8347671760872944e-12
1441 2.1070275700928745e-07
1442 2.8004188016848403e-19
1443 5.751000422138546e-14
1444 0.0011456941141871457
1445 6.089004805822839e-16
1446 6.1754151711835635e-09
1447 1.1814837745500683e-16
1448 1.2394096439224208e-19
1449 1.0995655576808811e-16
1450 0.2979599197224878
1451 0.6908049632279079
1452 1.2768399138032505e-06
1453 1.78321136822058e-10
1454 0.7285701324590261
1455 8.003652035853051e-19
1456 0.6624060467466415
1457 1.2759308358638112e-12
1458 0.002878092200350517
1459 0.0061226017096383395
1460 1.3086035914080362e-11
1461 1.5626685839176125e-08
1462 0.0036732000133975055
1463 0.09654700673145969
1464 0.00035630145794141114
1465 4.959303799673446e-08
1466 4.009078599923325e-19
1467 8.744106493509309e-16
1468 1.9128752371274677e-08
1469 0.49970414533579166
1470 2.1713898437243422e-14
1471 1.0623589453498199e-11
1472 4.962465632727822e-10
1473 7.532491080803056e-17
1474 0.000496695111475642
1475 0.8960268342372825
1476 0.0009195284901647762
1477 1.4623075497631471e-05
1478 1.9322996135017373e-18
1479 6.029923855028997e-08
1480 3.8759108606766815e-08
1481 2.420885706807638e-06
1482 2.6560158905809915e-10
1483 0.4086171754879631
1484 3.974439267038955e-20
1485 3.0744811859733145e-12
1486 2.112581688279513e-06
1487 2.71263383212723e-19
1488 4.747262289044881e-09
1489 0.0012291337590826868
1490 5.185909771872364e-16
1491 1.6232075634905172e-09
1492 0.8050958549450307
1493 1.0333663415775559e-08
1494 0.0004477569155425474
1495 2.374744976459362e-18
1496 0.5108150470437275
1497 2.7695412073432235e-14
1498 8.66575956545966e-06
1499 3.997927777455507e-05
1500 1.4968348695800843e-19
1501 7.226958162972347e-09
1502 0.4154424161770214
1503 4.387991322624395e-13
1504 0.08230892622650747
1505 0.28327155693479183
1506 0.2852771662907807
1507 1.142043850869353e-18
1508 0.1510856738744733
1509 0.5996726854622636
1510 0.23997277415170792
1511 0.36415207259798515
1512 9.60629841117188e-14
1513 0.03250692311138022
1514 0.17711060127431327
1515 0.14619404496545407
1516 1.37071306764677e-13
1517 1.3590097421892286e-11
1518 4.293209983300245e-15
1519 1.9291315475675172e-06
1520 0.22899950307829436
1521 0.5827755113213948
1522 3.1374431668177984e-05
1523 1.8913322563558585e-10
1524 0.3231210368585726
1525 0.5237470118993769
1526 4.263259994671164e-19
1527 0.005234312305751436
1528 4.736688902608671e-19
1529 1.557153955144613e-14
1530 7.113963514756207e-16
1531 0.5710690777316098
1532 1.6793965546238483e-17
1533 0.026097183208021183
1534 0.42277664644024127
1535 0.00010456816381043855
1536 1.5118807710845324e-17
1537 1.7456955288972986e-15
1538 1.323862034669569e-10
1539 7.284476192226138e-11
1540 0.04974351250237326
1541 3.2121428427157714e-08
1542 1.3424788923826132e-08
1543 0.00019402832356142131
1544 5.632713365539424e-19
1545 0.1178571635931918
1546 0.26697740326325214
1547 9.950158460145524e-20
1548 5.2062790770592625e-06
1549 0.0016321547158808126
1550 0.5115938957524276
1551 2.3222358842217796e-14
1552 0.43526869353237113
1553 3.121792041860345e-13
1554 1.2503941468876953e-07
1555 3.3191725840441257e-19
1556 0.020597547548059685
1557 1.3062145516744094e-13
1558 1.3431683505264085e-16
1559 5.705006151022365e-07
1560 0.04603295789660823
1561 1.0438067247927448e-11
1562 7.688013821966856e-14
1563 0.0006292201852144181
1564 8.16718393000499e-16
1565 1.285455123476353e-16
1566 1.6907978152938448e-07
1567 9.90108500274499e-15
1568 1.611824506208029e-13
1569 5.941886766948452e-15
1570 4.076230685590704e-23
1571 1.7386284577031234e-18
1572 0.2011283825691637
1573 1.161093046542982e-12
1574 5.493634927855866e-13
1575 2.051354409995293e-06
1576 1.888587488469022e-09
1577 7.750527121276371e-14
1578 0.06158149857920589
1579 4.1259181721443554e-14
1580 1.5763944545678365e-08
1581 0.0040366890982496744
1582 5.939455564464239e-05
1583 1.3479801694261643e-13
1584 1.2275022351317383e-09
1585 6.427648486822342e-05
1586 0.33450303025160305
1587 8.882746383771861e-05
1588 2.1645839631955625e-13
1589 6.428158609377306e-05
1590 1.2279062635712449e-10
1591 1.4623032261235067e-19
1592 6.897490977110779e-13
1593 4.179682225513498e-06
1594 0.23771241799892665
1595 0.0002198675014392439
1596 4.945491344538107e-10
1597 6.047472945732493e-08
1598 0.00590423574101804
1599 5.070437236767223e-05
1600 9.824050218142397e-08
1601 1.6606793696086228e-19
1602 0.15619178755783428
1603 3.4091116131116937e-13
1604 8.820140449205143e-24
1605 3.707058819908494e-20
1606 3.009169612884093e-17
1607 4.4862969022901894e-13
1608 1.5765437646653673e-15
1609 0.00010460755907475308
1610 0.24443555932033506
1611 4.8629244436525554e-23
1612 3.0461442741162665e-06
1613 6.405859040113897e-20
1614 9.557292730450308e-24
1615 1.2474994501158316e-14
1616 5.298630835729687e-06
1617 2.0160695295676436e-15
1618 0.0018776827463313508
1619 6.033471628480928e-07
1620 0.0002266753786867238
1621 2.235653081411593e-19
1622 8.826214180983175e-24
1623 2.963338240048887e-16
1624 1.904413245261133e-10
1625 1.0593875934975899e-25
1626 0.5346347233780565
1627 0.024849559501673942
1628 0.0006838277930708648
1629 6.945887076783217e-13
1630 3.380164084540355e-20
1631 1.8412849235375358e-10
1632 0.022632171989748675
1633 0.094894338660957
1634 1.464293592759763e-14
1635 1.087740745809285e-13
1636 0.053467287513545264
1637 1.1446680923027417e-18
1638 0.027828002360063362
1639 3.80989999635718e-13
1640 4.522502338759068e-22
1641 1.0661289345981954e-22
1642 3.232409429963541e-23
1643 4.013385238782732e-14
1644 9.813335255410191e-15
1645 0.0002633505485537544
1646 5.2997041149637735e-14
1647 0.003289894999288764
1648 0.0001754510574460054
1649 3.378220345187763e-20
1650 0.013323029521587372
1651 0.09037323204560178
1652 4.178125980341906e-17
1653 3.278019444733235e-05
1654 1.732544627330275e-11
1655 1.104349553231798e-10
1656 5.036788308310677e-16
1657 9.899770786020066e-21
1658 3.840237078379723e-08
1659 0.3759905677083359
1660 4.3625445884675923e-07
1661 0.00014753956835856038
1662 2.2417572317869737e-16
1663 3.0272160351833514e-16
1664 0.2081078191100436
1665 1.8580220710286737e-24
1666 8.328499191606347e-08
1667 2.4062138265870602e-20
1668 1.7313888267385222e-20
1669 3.8808783373548e-21
1670 1.0515301920670034e-17
1671 2.056031283338075e-24
1672 6.952065173617593e-13
1673 5.872203476057126e-17
1674 2.954644705419429e-21
1675 0.07479628234371061
1676 0.005150384385884374
1677 9.246429418327609e-14
1678 7.464003950886747e-21
1679 1.5507770167430278e-21
1680 1.1205526363761927e-21
1681 0.00012547256199631538
1682 4.8950146369011805e-25
1683 2.6522724261021424e-19
1684 4.173002055102097e-22
1685 3.233383905185769e-23
1686 6.033805222576582e-22
1687 3.183822626520471e-22
1688 1.1303303826104877e-23
1689 1.0472152120842443e-23
1690 2.3058013131338126e-24
1691 6.525610501626686e-24
1692 6.085522283451182e-23
1693 2.28127600058091e-24
1694 5.0624651159927775e-25
1695 6.006650670775071e-26
1696 0.0026777895800946887
1697 0.7347309775126396
1698 1.2785901441110934e-16
1699 1.4336877356300823e-09
1700 1.6773747189014724e-09
1701 1.6357278037543575e-08
1702 1.2331067073695499e-12
1703 0.663508632724684
1704 7.970206103991435e-24
1705 6.820136902343326e-05
1706 4.661183881605117e-10
1707 0.07979724774433976
1708 8.289152442353409e-05
1709 4.0213603903516303e-13
1710 7.829146459526975e-06
1711 5.022710986413459e-16
1712 5.3959200384774996e-15
1713 1.1287441872742788e-09
1714 0.18363707553482897
1715 5.092931382626184e-10
1716 5.059024709682699e-05
1717 3.946233315942705e-20
1718 0.009915241070523346
1719 3.356833645039626e-12
1720 1.3605842333494303e-12
1721 6.209875175151555e-09
1722 1.668970064915242e-07
1723 2.676618446863621e-13
1724 9.063150223677315e-11
1725 0.7316363107490466
1726 2.8519444939994976e-05
1727 0.8279397956582845
1728 0.17560071537150765
1729 2.1066657803491655e-07
1730 1.9997077612712148e-17
1731 3.81456706109427e-10
1732 3.893023510416049e-12
1733 1.6439069983656657e-09
1734 1.5802769836408329e-10
1735 0.024068452576171608
1736 3.557244304982298e-16
1737 0.00016224731390301702
1738 7.19008450531128e-18
1739 5.281060318463166e-07
1740 3.0893965745539364e-07
1741 2.2588751869363487e-20
1742 7.356492094901382e-05
1743 2.421561481869258e-06
1744 1.658199782228565e-10
1745 0.0015660502456696724
1746 1.4483472924797372e-06
1747 4.091557994470277e-20
1748 2.166560219030493e-08
1749 1.9567161440321373e-17
1750 0.11572475448162614
1751 1.4851618352634086e-05
1752 2.293244765951081e-09
1753 2.9392451763854753e-09
1754 4.9409512153102434e-20
1755 0.002571721033362704
1756 2.2809243180169337e-07
1757 0.1090227919841276
1758 7.048376659162314e-11
1759 1.379663460591351e-09
1760 9.8343994461364e-05
1761 1.3306983404111789e-05
1762 7.969871551046843e-10
1763 0.7795272186233635
1764 0.0039020738591318996
1765 0.1346274777447527
1766 2.1404228041035095e-20
1767 6.6410179114949845e-09
1768 7.143028580587475e-06
1769 1.7301138255952663e-18
1770 2.1619446851330064e-17
1771 1.127011314696664e-19
1772 0.7327155094276767
1773 7.454524602050589e-10
1774 6.978183210479585e-08
1775 0.0054702417093827355
1776 0.11252250686099584
1777 4.440298482581068e-15
1778 0.5913687720785528
1779 2.1387080475785273e-12
1780 8.336981941923566e-07
1781 0.00024835115080560304
1782 0.2968237296375187
1783 7.679936387719303e-21
1784 3.168486053510431e-06
1785 2.5760564100255908e-14
1786 4.3563450968832743e-13
1787 7.103037116996695e-15
1788 2.2075660704178294e-10
1789 0.0025332359900880706
1790 0.5081635642800136
1791 0.40385473892218093
1792 6.261333764690805e-17
1793 3.451699071709733e-16
1794 1.1365935409575629e-10
1795 0.00708655092630044
1796 0.2017594578597135
1797 6.7179706906195e-18
1798 0.001519740775019256
1799 5.814745373691757e-15
1800 7.605347210181894e-20
1801 1.2096448002677357e-09
1802 0.014701012560636611
1803 1.5987120049979092e-20
1804 0.001049096633527545
1805 1.0267269370535207e-20
1806 1.2281097838847623e-05
1807 6.224420529600385e-21
1808 1.233147722693798e-13
1809 3.6112182895896775e-21
1810 1.1361858291053716e-16
1811 0.014791975960134068
1812 1.5295332646716282e-17
1813 1.2154853408834594e-06
1814 0.001385006937243465
1815 0.008484892693753994
1816 1.6366711370805168e-06
1817 0.6200987023024568
1818 1.106729900316538e-17
1819 4.333810442557117e-12
1820 6.119200424550778e-15
1821 0.12177331544288902
1822 0.026911289589771074
1823 0.0034450035093318023
1824 4.154009463801736e-13
1825 0.062247326714550605
1826 3.801872634170394e-13
1827 0.03938879343749505
1828 3.6790021048053093e-10
1829 2.3368021176053717e-06
1830 3.284868654019984e-13
1831 5.008485868500958e-21
1832 0.04806016985106768
1833 0.09090898814461675
1834 0.7285991730996383
1835 2.03519763069559e-06
1836 4.350910953924941e-16
1837 7.67681351653852e-21
1838 5.399552876900401e-09
1839 1.1506699806765724e-13
1840 3.627371987078668e-09
1841 3.5678553928304287e-20
1842 6.812240840958886e-06
1843 3.10764738413824e-09
1844 1.7628590522707365e-17
1845 2.4787253403251045e-06
1846 1.541516643840274e-20
1847 0.009392492151492085
1848 3.2118476469963417e-12
1849 0.12270995034371282
1850 0.628540276115231
1851 5.59535197854071e-14
1852 0.0008812115102908616
1853 3.103128791405485e-14
1854 0.7827628830393435
1855 4.234088577127459e-19
1856 9.346458426169744e-14
1857 2.2088466094589316e-11
1858 1.9623975125916107e-16
1859 0.02902701034134623
1860 1.086140973340156e-08
1861 7.832070294787943e-18
1862 4.490413199555444e-09
1863 0.03101259210462056
1864 1.2047777232065107e-10
1865 2.0823944071138716e-06
1866 0.004541087487628165
1867 1.0961252578898638e-19
1868 4.663209720692188e-19
1869 1.5949052308606983e-17
1870 8.17084619560705e-17
1871 7.037000945521245e-06
1872 0.15309606897697775
1873 0.005534035177110747
1874 0.010649149256159684
1875 2.644202574290132e-13
1876 7.419169041939336e-09
1877 5.7703933827366574e-11
1878 0.4686983202660784
1879 4.3050452598762326e-08
1880 0.10583957012824105
1881 3.100628318257489e-16
1882 4.401346899778937e-15
1883 5.62490041946587e-18
1884 5.47510177739051e-06
1885 0.009629117378577455
1886 5.814165019021095e-11
1887 0.17654875687570606
1888 2.006136619528022e-06
1889 5.905309724194562e-06
1890 8.20941989765959e-10
1891 1.5348182890260312e-16
1892 7.161096483635484e-12
1893 0.0004987650894231779
1894 0.00010975775193903881
1895 1.0629050324842643e-06
1896 0.022810865618740114
1897 0.0002304640628418045
1898 0.6441003580137015
1899 6.65076921377901e-17
1900 0.6968044559448648
1901 7.771588202217098e-18
1902 2.7590780355082182e-17
1903 1.0082527871879124e-16
1904 8.669770788353205e-17
1905 1.8163312083467304e-17
1906 1.376362506897563e-18
1907 7.664689964989179e-05
1908 4.175513491126204e-06
1909 1.1068082176970738e-17
1910 0.0001798927359248788
1911 1.1564474367747208e-16
1912 9.168400218795478e-07
1913 3.851514551429307e-08
1914 7.34887893282706e-07
1915 7.578771500523758e-17
1916 3.649757619872871e-13
1917 0.22017862900927113
1918 1.4507186308452958e-10
1919 2.50932931309438e-21
1920 6.780078851322068e-05
1921 2.4741780451734235e-08
1922 1.2012541787788543e-09
1923 0.009123467198547255
1924 0.18819820820783298
1925 3.2699779149444146e-16
1926 4.8539739846367455e-14
1927 0.6087310012671292
1928 1.70581118376028e-16
1929 3.2574516610450603e-19
1930 7.18517155735081e-11
1931 7.021523483079956e-06
1932 0.007842747348713533
1933 8.906949038241464e-16
1934 1.688396740291418e-15
1935 1.5233445792165408e-16
1936 1.1678760113714955e-15
1937 6.909385739262215e-16
1938 0.00022004231984729992
1939 9.050708802628781e-09
1940 2.0781722564792416e-05
1941 1.864330477303635e-06
1942 1.4072270351530196e-07
1943 2.2451351581697045e-19
1944 0.00045813812378511754
1945 4.064558056399885e-06
1946 0.8187613306852688
1947 2.787392298359804e-06
1948 0.1616574496289978
1949 0.45353429032895787
1950 0.03302599950765601
1951 3.314850937370036e-08
1952 0.6806706967336973
1953 8.030445459295786e-21
1954 1.868180122413712e-18
1955 8.012399257927687e-15
1956 0.8895199950881346
1957 4.590269686351165e-13
1958 9.760380341465319e-05
1959 1.4923893822331458e-16
1960 8.44918520724336e-15
1961 0.6481977392600624
1962 3.2273505144806698e-15
1963 2.766883009308948e-11
1964 1.5883426869121912e-13
1965 7.138291040390541e-15
1966 1.1180881876320686e-15
1967 0.185407452042586
1968 2.0372403227033748e-09
1969 0.00014485075027848853
1970 1.4079095152005156e-07
1971 3.9997407140592904e-05
1972 0.00763803883090496
1973 0.30670115108264956
1974 1.8809010372397793e-17
1975 4.438182571457607e-14
1976 2.1990333052309403e-09
1977 6.808740753686014e-11
1978 7.730832800530967e-05
1979 1.788203954591527e-17
1980 3.2583018995312534e-17
1981 1.0496227065293075e-13
1982 0.0037557662183751762
1983 1.5993883238284407e-23
1984 5.0001853356820176e-21
1985 0.007960589966090673
1986 0.0015780785173251462
1987 1.4397293535119332e-16
1988 0.0009237370735486078
1989 2.7084472548825978e-18
1990 0.00010776777522550665
1991 8.723105428742888e-10
1992 2.5542183970920018e-17
1993 1.3135916532357968e-08
1994 0.05210922363204776
1995 1.1359683194991071e-09
1996 1.2919055227090685e-12
1997 2.758854859636824e-05
1998 1.542944790655651e-15
1999 8.807782357328559e-20
2000 3.2485931659816027e-13
2001 7.407322076665532e-05
2002 4.8907979965187834e-18
2003 4.7034641229359836e-05
2004 0.3887152467903422
2005 0.0024910965256876114
2006 5.444367437857326e-11
2007 4.887124768229024e-18
2008 1.7612522360908897e-16
2009 6.424250715260407e-09
2010 0.004758448242636778
2011 3.9700296592840503e-10
2012 5.106690001092206e-16
2013 7.133926163673855e-15
2014 7.415427777927043e-17
2015 6.433623181387596e-16
2016 2.0878170662529615e-09
2017 5.2111522253868395e-20
2018 1.2591749045520634e-06
2019 0.003633216048353342
2020 3.6569469287632694e-13
2021 1.4947515831257714e-05
2022 6.206836799363239e-06
2023 0.09761426167310747
2024 0.001287103048649328
2025 0.09105763904309262
2026 4.152820539604425e-10
2027 0.042989617704473154
2028 1.4260058036900132e-10
2029 5.745242290123499e-14
2030 1.0029428880710435e-11
2031 4.5387205256908275e-14
2032 1.4941584749022457e-14
2033 4.132225341436814e-09
2034 0.00012546352831843582
2035 5.852126405219289e-15
2036 7.39275311217264e-14
2037 0.02615047331276118
2038 2.940355898634655e-14
2039 5.968054641441379e-13
2040 5.909488132064562e-07
2041 5.615291137963386e-13
2042 2.470114279894516e-13
2043 5.463422115821908e-08
2044 0.24160986347826874
2045 0.06531300362942226
2046 0.00045577462532690077
2047 4.833796729444124e-07
2048 0.20786956430376988
2049 5.91040810762739e-10
2050 6.405262365168147e-13
2051 5.581296698094043e-16
2052 0.009087940133247246
2053 1.3069300145266914e-13
2054 0.004896387313788735
2055 7.480422313429674e-06
2056 1.3892221836980194e-08
2057 2.1023958693498393e-19
2058 3.683616422180659e-17
2059 1.3788668535874216e-17
2060 2.528823295902445e-07
2061 2.1264720362572495e-15
2062 9.5506227818837e-19
2063 0.1105600865743603
2064 3.457692061116704e-06
2065 1.2203750383338716e-05
2066 0.09170348462034854
2067 1.9163859403665736e-12
2068 1.0943704989450496e-09
2069 2.0935433737248088e-08
2070 1.0299498160562344e-07
2071 1.4691789253365916e-06
2072 1.0934721249088203e-13
2073 4.445956404159808e-12
2074 2.8503546191928145e-16
2075 1.7657331842980167e-06
2076 0.006412753832846132
2077 5.521123471209416e-10
2078 1.7514680585033294e-13
2079 4.068605132176373e-17
2080 3.057967911766156e-17
2081 0.015553568364346234
2082 5.113298588715262e-10
2083 0.006098362348619191
2084 3.864120039658701e-12
2085 6.13634554607037e-14
2086 7.141673375300151e-09
2087 0.11901011009739627
2088 1.6558709302776946e-08
2089 1.1747915559431775e-15
2090 0.09948466503066487
2091 0.5828728892357895
2092 7.788801824504931e-18
2093 2.2091297428852632e-11
2094 3.0556595699083023e-11
2095 1.8010746060392407e-18
2096 1.1625821551506399e-11
2097 1.3712040252791383e-11
2098 1.5816837988904553e-13
2099 1.7228303339827902e-10
2100 2.146156544487929e-12
2101 2.8725375095979573e-05
2102 0.000769592759940504
2103 1.176571948422551e-15
2104 4.559372927099325e-13
2105 1.4167851299499686e-09
2106 1.933851506009565e-05
2107 0.0065351497643455015
2108 4.910920453107302e-05
2109 0.8700715712721568
2110 2.7480362664494785e-11
2111 0.00011520905922899603
2112 1.0469861850114943e-21
2113 0.8646412383708331
2114 0.018947875340082132
2115 0.007020334682695086
2116 6.093801330273287e-11
2117 0.14275537490299792
2118 1.624671264186697e-14
2119 1.6666204407293877e-09
2120 1.9389391440644898e-10
2121 3.6847194766701594e-12
2122 9.056361051860638e-11
2123 1.0519299558057249e-07
2124 1.229301257050593e-05
2125 0.0032659494041770284
2126 3.1088973053251734e-05
2127 1.927877011410713e-06
2128 0.34013219165645325
2129 0.9350891974027405
2130 0.334110640965971
2131 1.2426658862817998e-10
2132 0.00024964233109357466
2133 2.8153241307022943e-09
2134 0.6102428969796908
2135 2.3650887615071934e-07
2136 3.758480276767526e-06
2137 1.6227905695693985e-10
2138 4.5715190742043115e-09
2139 0.04733027635674959
2140 0.677125635239706
2141 3.501104382895139e-12
2142 2.7673108670615897e-09
2143 1.3341180396855208e-07
2144 1.1563371373086716e-08
2145 1.587314206804364e-14
2146 1.4486964172231146e-13
2147 1.9175195011748779e-25
2148 1.9377684519277964e-15
2149 0.0001217894139983039
2150 1.8867585081011836e-15
2151 7.362218555769805e-06
2152 4.777012868770491e-06
2153 5.892086313827819e-09
2154 0.5057991934886713
2155 1.8864765876996968e-11
2156 4.687400004039694e-14
2157 0.004552749815718773
2158 0.15828112791959625
2159 6.857948708270009e-11
2160 4.631059335944632e-19
2161 1.1485538901135387e-05
2162 1.1821261982917256e-16
2163 1.969467525123511e-16
2164 4.592110919921416e-11
2165 1.0612694134805811e-07
2166 9.34419893286945e-14
2167 3.5118775951183194e-06
2168 0.004777891196325161
2169 0.0004996082651265452
2170 3.4305302862299825e-10
2171 1.2540399952569557e-14
2172 0.04049907357175649
2173 1.3879197327942182e-08
2174 5.529697441806448e-07
2175 0.9452876928916543
2176 0.038292322192038146
2177 2.0089132778354958e-09
2178 6.426077114909055e-13
2179 7.204031425290484e-08
2180 1.4648636462930302e-07
2181 0.0862578946987703
2182 0.0074736860890404705
2183 4.087174456632466e-08
2184 6.712284563834878e-14
2185 3.5121825917655804e-18
2186 2.0341081710551653e-10
2187 1.867422797462899e-06
2188 4.0742685571807865e-10
2189 0.01209055294940366
2190 0.4810392812363068
2191 5.5847416298846046e-08
2192 1.945703295804454e-11
2193 0.030564060563211155
2194 4.5336266167786136e-10
2195 1.2175788207916622e-16
2196 2.571025927015175e-06
2197 2.642771231020385e-05
2198 1.0323273845096153e-15
2199 8.320910766105329e-10
2200 2.639591466559586e-18
2201 6.927477396765711e-08
2202 0.5670720649755403
2203 2.772714069232957e-06
2204 6.718016295937616e-06
2205 9.660524550311762e-06
2206 3.908845263729245e-14
2207 1.2551593494491404e-08
2208 3.1447948523901083e-09
2209 4.627502621383693e-14
2210 0.11463571506191604
2211 3.535745339473784e-08
2212 3.62360927292779e-12
2213 7.220414720522629e-11
2214 4.7351663990480587e-11
2215 0.3790750055065471
2216 0.16219019743360008
2217 1.407738707406918e-12
2218 1.9038701902182295e-09
2219 2.2964476920083816e-11
2220 2.5039323710314293e-16
2221 3.505354864092025e-08
2222 0.404645268041112
2223 1.6097523140365306e-14
2224 0.6077743761581177
2225 1.0463609236862712e-07
2226 3.191928598401282e-07
2227 9.865324772836006e-09
2228 6.845951275431337e-10
2229 0.0073669178350580025
2230 9.167134474060884e-07
2231 6.857205298609523e-05
2232 0.023035785902839532
2233 4.836509307941366e-07
2234 1.0974005582807044e-08
2235 0.12689353123136257
2236 2.254424646862109e-16
2237 1.2635535358007195e-22
2238 0.2598012740203835
2239 1.4924734341822402e-11
2240 0.6374221193361386
2241 1.6809720717463838e-07
2242 1.3741878854983842e-09
2243 0.5112665387037822
2244 1.357817828957619e-06
2245 5.336208612378491e-06
2246 0.028541634541403453
2247 7.000748484550985e-15
2248 2.6986280994440355e-11
2249 8.27517253943465e-07
2250 0.7403798964172236
2251 1.517675823212562e-13
2252 2.2810643218202595e-07
2253 4.782142097508694e-14
2254 3.043628009803629e-06
2255 0.003294203693306144
2256 0.23673614188888997
2257 1.6596031278116123e-19
2258 7.439435058809772e-07
2259 3.187638090065728e-10
2260 0.6921396257171266
2261 7.441379992858665e-07
2262 2.8859086609916795e-10
2263 0.34455871173646313
2264 4.607786505564602e-09
2265 9.572652189104634e-12
2266 6.882337714083827e-11
2267 0.5982381319392964
2268 0.006694170558574683
2269 3.600345619071347e-07
2270 0.00023951680692795808
2271 2.927830974988243e-10
2272 4.649615314323755e-07
2273 1.1510195468335618e-09
2274 0.1689360883770613
2275 2.9822379693540937e-12
2276 2.00691316195951e-10
2277 7.369441160670001e-05
2278 8.792655296245628e-16
2279 4.3414798884634074e-08
2280 0.03168021092306204
2281 1.0240024910027835e-09
2282 1.555243888757698e-13
2283 3.445963315095177e-10
2284 0.008812470421212613
2285 2.075770741054568e-07
2286 0.3018207632102184
2287 6.943925387696282e-07
2288 4.98951580756654e-15
2289 8.249895885014251e-14
2290 7.5673099475666576e-06
2291 4.180823090191755e-09
2292 1.8100198675054644e-07
2293 0.025887801103267705
2294 5.563857864607249e-14
2295 0.0012388225857542536
2296 4.869502389388963e-10
2297 6.507381089327419e-09
2298 2.4520944743422347e-05
2299 2.5034340489085683e-11
2300 0.00017491628111829198
2301 0.0002973966541292225
2302 4.910488216992906e-15
2303 7.342962455632205e-10
2304 0.0021609440719395773
2305 0.047410370804445684
2306 4.634222002882838e-16
2307 0.01423006701226709
2308 0.15366506960406684
2309 0.0009390629327816691
2310 0.22401395430839785
2311 1.4021572295331266e-08
2312 3.653195393885472e-12
2313 2.3825899806335917e-05
2314 1.514160288702199e-05
2315 0.0020993374742353877
2316 0.4779897402245974
2317 1.3108003816060847e-12
2318 2.097879944870993e-09
2319 7.044582281615489e-09
2320 9.556783076960223e-12
2321 4.070191870655106e-10
2322 5.94748383146776e-11
2323 5.751158155707287e-14
2324 0.005612307771720777
2325 2.0678332157075712e-14
2326 1.0518434821469058e-13
2327 0.006880450818793895
2328 5.801345509083289e-18
2329 0.002057599804740693
2330 3.001127455084256e-06
2331 1.7701034025322752e-10
2332 5.460114465673688e-05
2333 6.458525114981098e-19
2334 7.857732413565249e-12
2335 6.94873093400859e-05
2336 8.789213866296126e-07
2337 7.468304563191303e-10
2338 2.898990763503697e-09
2339 0.003623116154051445
2340 1.469036308124047e-14
2341 4.09034194265206e-12
2342 1.0176580025928641e-11
2343 1.4023493576662502e-10
2344 7.232765562668843e-16
2345 0.0007489408559005834
2346 3.482145570863262e-09
2347 1.3825263777054074e-12
2348 1.3621352994188563e-08
2349 1.6122377165056303e-15
2350 1.47917002918275e-18
2351 8.365636227933401e-13
2352 4.827257389728876e-13
2353 1.1167138881160526e-09
2354 1.7410171379248553e-07
2355 4.0059614089308563e-11
2356 0.5623389033772369
2357 3.441553333341868e-17
2358 1.9751077590459266e-10
2359 0.1613791694576654
2360 1.8457121884151646e-05
2361 3.904101517171977e-10
2362 5.093082500469091e-17
2363 1.4433128357266442e-14
2364 0.8273530219253429
2365 2.593223293700428e-11
2366 2.3669332325738026e-06
2367 4.5600099959353354e-07
2368 0.004349055533188172
2369 3.7187937808847503e-10
2370 2.6322734784912615e-16
2371 2.0043167098650236e-05
2372 8.80625305327558e-15
2373 7.092857217605498e-09
2374 3.109198500266271e-05
2375 6.581346301855015e-13
2376 5.049327252642272e-14
2377 1.6670021203543307e-11
2378 1.0348168746369313e-06
2379 1.7120504633439776e-06
2380 2.0673688870150202e-07
2381 1.0698740422338878e-06
2382 8.153291531928263e-08
2383 1.3325100411495766e-16
2384 7.305932583705708e-11
2385 1.4708419056899958e-15
2386 5.3164890729135685e-14
2387 6.748489116801603e-09
2388 8.288566864682147e-09
2389 3.713363683958142e-12
2390 2.498678550301248e-07
2391 3.733181549042213e-06
2392 0.004439176032066817
2393 9.386828864469707e-16
2394 2.5674792677242944e-09
2395 6.492691439639104e-11
2396 1.0038631633124372e-09
2397 0.011180329489193463
2398 2.411063790561945e-11
2399 4.300141341839681e-18
2400 7.206423123124596e-08
2401 3.597497996712754e-15
2402 2.425333614393548e-06
2403 1.6317945310497344e-13
2404 0.003120215383456096
2405 2.6953660528030898e-08
2406 0.02068175451532514
2407 9.85761418252199e-12
2408 0.031152774322941904
2409 2.8368916100383213e-07
2410 3.872650175673484e-09
2411 0.0001490270974117598
2412 0.03268838948398551
2413 1.2338801472786313e-16
2414 2.0784336355999598e-05
2415 2.2050539383368966e-06
2416 2.1622420504893178e-05
2417 6.086332577711235e-07
2418 1.4051247025667226e-06
2419 3.5407782745869765e-14
2420 0.27624577383552
2421 1.339534280262785e-12
2422 1.48432828740506e-07
2423 2.0520439458389224e-09
2424 0.04774793306691641
2425 0.066465445482546
2426 1.0289174486102124e-11
2427 4.64406907319539e-10
2428 0.010711289526503374
2429 3.514170960281737e-17
2430 2.3281291449998823e-09
2431 1.758340628092022e-16
2432 2.7740142398329096e-06
2433 4.651721085970148e-17
2434 0.06446122898301691
2435 1.13705420530306e-15
2436 4.868752682173693e-13
2437 5.609324475302918e-10
2438 3.0618519668626986e-11
2439 1.7997324810893544e-07
2440 1.0051247175881377e-05
2441 4.816627880013626e-10
2442 2.21549684666127e-15
2443 1.0496919754996412e-16
2444 3.391946960723796e-14
2445 1.3612470243359935e-06
2446 0.0033298984088189322
2447 0.0020681968306702245
2448 0.08040782035359438
2449 1.5890900394082872e-14
2450 6.330506759356386e-15
2451 0.0926543544646032
2452 0.10344543853744674
2453 5.520608756625447e-16
2454 8.816342340336603e-05
2455 3.0741432491593997e-06
2456 8.394328524687595e-09
2457 6.466846268149254e-08
2458 1.5562709844285217e-17
2459 1.3260042766650422e-08
2460 1.3822471943802411e-16
2461 9.115936940537045e-05
2462 3.207229319650141e-07
2463 7.393722681798784e-18
2464 1.2533390283964673e-14
2465 0.0012686352178475282
2466 3.7639816160924887e-19
2467 1.0314293241429668e-16
2468 1.0657633174298053e-06
2469 2.2477305481910406e-06
2470 3.078954205175686e-07
2471 1.703928936606819e-11
2472 7.467289225756094e-07
2473 0.00013707328604556726
2474 4.0685572709716224e-07
2475 1.8935819032503188e-18
2476 8.030628053660512e-15
2477 1.3520867619006845e-06
2478 1.7073044016216685e-06
2479 1.6021220542977533e-08
2480 1.0447537207564483e-06
2481 1.1017089832964885e-17
2482 8.250596603577622e-15
2483 1.0087882056667215e-06
2484 2.445669315751551e-16
2485 7.533064263440502e-19
2486 0.4463169911089751
2487 2.997114104179963e-14
2488 2.864427823859067e-07
2489 0.000992844120757965
2490 0.001227837447188642
2491 2.8338542339415835e-16
2492 3.342383362376524e-08
2493 5.968101977839107e-09
2494 1.1615211203681916e-12
2495 0.5177221526518494
2496 2.3676462586034227e-09
2497 0.3641020444268461
2498 7.935345877432918e-07
2499 8.541443754098529e-08
2500 1.8054630379506472e-14
2501 2.2247923181004438e-11
2502 2.825762163517621e-07
2503 7.057295563407554e-20
2504 5.36027924416797e-15
2505 3.135782098720745e-17
2506 1.970879536103138e-15
2507 8.711676441579495e-19
2508 1.312093385795384e-17
2509 6.187456729963522e-07
2510 8.34747036104245e-15
2511 3.5934197813911705e-08
2512 7.613036107883493e-18
2513 2.938814980992499e-17
2514 1.7191369434734735e-14
2515 5.605410638781545e-12
2516 6.824979626556431e-07
2517 1.94711577260151e-10
2518 1.7562126565156616e-07
2519 3.9689159432061876e-18
2520 1.9623108744805292e-10
2521 8.493172304557925e-17
2522 0.3532474252653569
2523 9.917772416477061e-06
2524 2.1150675862985146e-08
2525 4.174825480137706e-16
2526 3.1663717724358866e-17
2527 1.4497053925328985e-17
2528 0.0001403420979386069
2529 1.944522496757457e-16
2530 2.2885223762228382e-10
2531 3.680130516652387e-16
2532 0.0004822348481577082
2533 4.639609021762279e-09
2534 4.22993991859942e-21
2535 1.111853096594506e-15
2536 4.051646877021215e-05
2537 2.876464382986966e-11
2538 1.1351911707854665e-06
2539 0.00033750463293871617
2540 8.595046314175232e-12
2541 0.0007546414098763879
2542 3.599730840905462e-08
2543 4.0538136228255056e-08
2544 0.363690661516929
2545 2.605992563708871e-09
2546 1.629853404724772e-14
2547 1.9675729487040525e-10
2548 1.5250269108873038e-14
2549 0.0004285460900397409
2550 4.504068403003277e-05
2551 0.0005552601978068823
2552 3.708895925147516e-15
2553 2.4803516196339516e-06
2554 7.542271739927931e-11
2555 1.2395190282267063e-08
2556 2.829678165638019e-19
2557 1.2393503433143726e-08
2558 2.7280432440377063e-17
2559 4.935971240983559e-14
2560 8.152870947418675e-11
2561 3.6278012389984686e-15
2562 2.5652089390845944e-07
2563 1.0702293764703703e-08
2564 7.695189939951242e-07
2565 2.1336028679659224e-19
2566 2.2295649760210934e-20
2567 7.339543966698378e-05
2568 6.403850208140625e-19
2569 2.459911276843533e-09
2570 0.13414419047852322
2571 1.195035829544575e-07
2572 0.0007200881623896336
2573 0.0004385198875895247
2574 1.2624058994464335e-17
2575 2.1165599731439367e-15
2576 1.1690116988160829e-08
2577 0.00022251050202968495
2578 2.761897566952373e-10
2579 0.000676343106346211
2580 2.7701632979278456e-07
2581 1.2544043230124257e-08
2582 0.001092033981210176
2583 5.820083324762306e-05
2584 8.107789471580539e-06
2585 2.8822765512219998e-15
2586 3.283698797251677e-12
2587 2.4963895845838076e-08
2588 8.502559021695412e-15
2589 1.2530043022851456e-06
2590 1.1583965436248522e-19
2591 6.157932476466668e-08
2592 3.932214551119142e-09
2593 0.40563299622262927
2594 2.8974294768148094e-07
2595 0.401287270934634
2596 0.020178566547242874
2597 3.850677564705899e-06
2598 4.3849374596326913e-10
2599 1.8618095912066304e-06
2600 1.0515480732797384e-15
2601 1.338239333885654e-06
2602 2.4150975775404514e-10
2603 6.441708521438219e-08
2604 1.0284053867393642e-14
2605 1.0566756631756022e-15
2606 8.7035033001416e-06
2607 6.609981871074586e-10
2608 1.6139292242807366e-13
2609 2.3661716279312623e-06
2610 4.002240109598993e-17
2611 0.0007413064373247972
2612 1.6221004158582394e-23
2613 7.763470082906153e-12
2614 4.122266229371107e-10
2615 1.2787629302155317e-15
2616 2.1275044292378517e-05
2617 9.469630157151535e-07
2618 3.221013805881875e-05
2619 5.2349426835639114e-17
2620 2.5544938823516617e-21
2621 1.0230361636261025e-21
2622 0.0002509520507763555
2623 8.732259443247819e-16
2624 6.684592074856492e-07
2625 9.601357792031464e-13
2626 0.20305067893513906
2627 0.000373968854072988
2628 2.4786634441836016e-15
2629 0.16277131043105048
2630 4.818919506781738e-09
2631 1.882946968620407e-07
2632 5.462547062093411e-20
2633 5.2973871731200155e-06
2634 0.017589731528729415
2635 3.6550235392171465e-11
2636 3.5046584782769344e-18
2637 0.23412552242324575
2638 3.070882667479465e-08
2639 1.6088178740563488e-19
2640 0.45107931271645413
2641 1.9487963482187862e-08
2642 1.8506127801159012e-11
2643 1.1995476588446293e-09
2644 1.0357617595277552e-17
2645 3.046076380849166e-15
2646 1.4157736629535796e-07
2647 0.46647850963543597
2648 7.798782633386081e-30
2649 1.4731477245524592e-09
2650 4.347585726341427e-23
2651 1.0363556329204186e-07
2652 0.0012912205338830307
2653 3.002522785885701e-06
2654 1.4469842409050017e-09
2655 1.2392943099192825e-15
2656 7.310478137762913e-06
2657 6.83301556409436e-09
2658 7.426020229559486e-11
2659 5.96897977909479e-07
2660 0.4899372552562141
2661 1.2975998595878092e-05
2662 0.39968811313044433
2663 1.0546614130941195e-12
2664 1.7722899100383837e-17
2665 2.037806476529995e-09
2666 0.24068155850868422
2667 4.5368294290602375e-26
2668 9.664150032404256e-06
2669 3.753205745079836e-05
2670 1.823657973265759e-11
2671 1.4128889221550954e-05
2672 2.03124076281173e-12
2673 0.16488545506870397
2674 1.3339786283243382e-07
2675 0.380531410624832
2676 4.130805908733743e-06
2677 3.437866051136378e-08
2678 3.454951948088918e-05
2679 6.720339990912461e-06
2680 0.10435881851766812
2681 0.5464584361103376
2682 4.577036285333026e-07
2683 0.47306767048137927
2684 3.724008151593323e-24
2685 7.79737746041344e-08
2686 1.0192535766794629e-11
2687 6.840988499470548e-20
2688 1.8994013458703646e-15
2689 1.0042931562212353e-11
2690 3.600848126468318e-15
2691 0.16462511185169512
2692 6.208765603433068e-06
2693 0.11140291678178013
2694 1.3921722412478957e-14
2695 1.712219683669577e-06
2696 0.4972133351244396
2697 0.06190673833560049
2698 3.809595864584983e-06
2699 5.665760314504989e-07
2700 2.854229953593799e-11
2701 2.858214138150378e-07
2702 2.8376078814657296e-07
2703 0.00019616046368665062
2704 2.510887868265486e-07
2705 3.063651549185254e-15
2706 4.584705953225744e-18
2707 1.5140923711169936e-18
2708 8.57972018098728e-06
2709 0.251085112699497
2710 2.2802858617917464e-07
2711 3.44362874607101e-07
2712 8.125308033491864e-07
2713 0.04601643904278645
2714 1.1461953104996863e-07
2715 1.0463099742787537e-11
2716 3.5928026216735663e-16
2717 3.219694831727042e-12
2718 5.181599442921124e-07
2719 3.946606287363068e-14
2720 3.338347693015232e-15
2721 1.0406372567317328e-10
2722 1.481507571744975e-10
2723 0.14529424176656144
2724 9.977427136782743e-12
2725 7.078530503511275e-11
2726 1.5631960860216255e-08
2727 1.4213519166872412e-07
2728 5.2498443799260914e-11
2729 8.3775560437233e-12
2730 3.09241050990227e-08
2731 0.5332307534929184
2732 2.4837475211352087e-10
2733 1.3969337578970252e-05
2734 2.2868762843821513e-17
2735 2.594383999065612e-11
2736 1.5317769696872902e-06
2737 7.350462720632325e-07
2738 0.0007858086613633817
2739 4.575836576032128e-13
2740 5.514560782752407e-22
2741 0.44431121213827257
2742 7.017201574060936e-15
2743 3.5142944573114273e-12
2744 5.8066306148861054e-08
2745 8.4208090699497e-09
2746 2.2352894279204063e-08
2747 5.362432449279353e-13
2748 0.22062669160739748
2749 0.35486952656161547
2750 1.1036318786928608e-19
2751 0.2783554888523368
2752 1.6722201151105389e-16
2753 4.483641907784154e-10
2754 4.359776245428242e-07
2755 2.9206794664491848e-05
2756 1.4033788816384095e-06
2757 5.91684767450828e-09
2758 5.4063544992021594e-11
2759 0.016530765180012164
2760 5.6247509452619345e-14
2761 6.023300809233834e-07
2762 0.006226603510075752
2763 6.781185126513019e-11
2764 2.377694301759815e-11
2765 0.08880043143174353
2766 0.36488327943977655
2767 2.9779745204540906e-11
2768 3.7902917828183503e-06
2769 3.580320929729745e-08
2770 5.25104358205925e-07
2771 1.2508832942587083e-13
2772 2.5466440122171778e-12
2773 4.0737691934516483e-08
2774 1.846551406130494e-15
2775 1.0944300317559882e-10
2776 0.00016878593722788546
2777 9.896501099434383e-05
2778 0.0003870828299836262
2779 8.518991700168216e-09
2780 5.360722123001041e-05
2781 1.089507111425195e-12
2782 0.09642029168859276
2783 0.0002659336758411862
2784 0.44527593058274306
2785 1.0273399664944099e-07
2786 0.0007409658270800621
2787 0.3300834339935792
2788 2.68179929552574e-05
2789 0.0005201644682457314
2790 5.302336790496818e-14
2791 0.32010261097076953
2792 0.0006462158814593481
2793 1.0787065179452635e-08
2794 6.76220771830158e-10
2795 1.2382229485509879e-05
2796 1.7511054156659306e-06
2797 3.4327925362089456e-07
2798 1.8329759509877705e-06
2799 0.00044771565817637723
2800 1.9118924762103715e-07
2801 2.8304634261446192e-08
2802 3.32856544030507e-12
2803 4.005170803342496e-07
2804 5.107769469395364e-12
2805 2.5145851178820934e-13
2806 7.069644768906397e-07
2807 0.0005818859771657053
2808 6.907567134484654e-11
2809 0.30951968956997405
2810 0.0006958187146376798
2811 0.05218127779161842
2812 2.148266672388225e-19
2813 2.1666920995628e-09
2814 2.9672677619241724e-15
2815 1.1713131230006213e-18
2816 1.2223289865026823e-09
2817 2.6420592837448497e-09
2818 1.264320439303045e-10
2819 5.858242957390422e-14
2820 1.2650361709730359e-08
2821 1.3987078217111667e-13
2822 8.625639979285004e-15
2823 0.0330351790022182
2824 4.866859475291258e-08
2825 1.9761526416403947e-15
2826 0.00031208039790328043
2827 7.794080504951112e-05
2828 1.836926656737568e-15
2829 0.0005544051214851476
2830 0.014688581206095343
2831 0.0013799125472401218
2832 0.0009099540289578496
2833 1.5533782238312012e-12
2834 0.00016229202470456264
2835 4.259974359072236e-13
2836 0.0019331151457439018
2837 7.22688198932951e-15
2838 1.3475607521547205e-12
2839 0.002501070582537351
2840 0.00015351183707641591
2841 0.0029933690596129
2842 0.08503657172695826
2843 0.017187111550684177
2844 0.0033117962037636775
2845 4.778468381424379e-15
2846 2.404869698757145e-12
2847 6.05792324766976e-08
2848 2.022686596556804e-10
2849 1.4169356819422957e-11
2850 1.0239401252566219e-07
2851 5.302285041512282e-06
2852 3.1366466539510497e-12
2853 1.669792687999982e-13
2854 7.832279611049552e-14
2855 1.0245245229082362e-05
2856 0.0033963217115488505
2857 2.624965255263966e-20
2858 0.00118111607139171
2859 0.002492911306313891
2860 2.5688782148702304e-07
2861 3.586643758969605e-08
2862 7.195514384612584e-19
2863 0.002798197634166504
2864 1.2488580249186708e-07
2865 6.001531475729499e-15
2866 0.002277127956430251
2867 2.3745265504099064e-11
2868 1.868434462486495e-11
2869 0.003914785787960977
2870 5.050804440256154e-18
2871 2.0800975517957738e-05
2872 0.0022639664847845906
2873 4.158872743750216e-12
2874 6.176548977445425e-20
2875 0.00025882273443977107
2876 3.658191297313094e-05
2877 6.383192634858709e-14
2878 1.3031235582808746e-11
2879 3.130735410339509e-13
2880 0.0011597895849230473
2881 1.7970350771197393e-07
2882 2.97590684214895e-09
2883 1.9097231949177972e-14
2884 1.7505927683302657e-07
2885 1.6637879861839823e-13
2886 1.5704970932936297e-08
2887 9.479013302796981e-14
2888 3.393094642177403e-14
2889 1.499826473249475e-10
2890 0.33447785073069775
2891 3.138722757855228e-11
2892 7.212522058298819e-09
2893 1.8491445103152128e-14
2894 1.5013321911139665e-09
2895 1.2011354721042019e-14
2896 4.831620376585295e-11
2897 0.05873735755504761
2898 1.3861285195076941e-14
2899 0.013464287222890196
2900 2.6519916158223305e-10
2901 2.6682715543827026e-14
2902 3.2392887326265027e-10
2903 0.025892495983802985
2904 5.670179068883318e-15
2905 4.105579396256781e-08
2906 7.131599370733134e-11
2907 4.363818326494941e-13
2908 0.007641081416051831
2909 0.26008970661729325
2910 1.514212923334252e-07
2911 0.2291982157627027
2912 2.0763951969245784e-05
2913 4.135614402262954e-05
2914 0.008267873811822701
2915 4.720632032562032e-22
2916 3.1078648357654475e-13
2917 2.8803300483466324e-14
2918 0.1713203433001444
2919 3.081048953540716e-09
2920 1.3672631813214547e-08
2921 7.588561511825165e-13
2922 3.3562881285903787e-11
2923 0.008264956352282703
2924 1.0937995015967382e-11
2925 1.7340468968222818e-07
2926 0.4963099835877977
2927 0.0015085298702275187
2928 1.8877454989110236e-11
2929 5.923793035961394e-15
2930 0.0005495856840529102
2931 9.583084175750553e-05
2932 2.812526772747421e-05
2933 0.0014812550664190334
2934 0.0038209391756508734
2935 0.013470475076847812
2936 0.0002377894844810756
2937 0.00014856753307687748
2938 5.5723900500624627e-11
2939 0.006475372892038839
2940 7.330943956151345e-11
2941 0.0029093644775359372
2942 0.07552263208230471
2943 0.000429487059122887
2944 5.993086938606605e-06
2945 0.1451944532993279
2946 0.004168404682052268
2947 1.832291793708774e-09
2948 0.0005648858229496309
2949 0.002877394695338329
2950 5.818624859010994e-16
2951 3.844491643317974e-15
2952 0.04975961633455159
2953 0.001632058213161792
2954 4.610320972443246e-12
2955 3.10609891734725e-17
2956 1.79705916369811e-14
2957 3.50413750017653e-10
2958 7.38535427981981e-12
2959 1.7688547695109852e-14
2960 0.02301228399671418
2961 0.004374074975883581
2962 6.92648791235236e-08
2963 0.003966488785153247
2964 0.000643614538062706
2965 1.6056890461318915e-12
2966 0.00047093539484560463
2967 0.003210364719308713
2968 5.131791732626046e-12
2969 6.793008014074703e-11
2970 1.0031443858008331e-12
2971 1.2352358587999547e-10
2972 2.0431103125045313e-13
2973 9.269340989755047e-11
2974 0.002587678592253007
2975 1.5439938220892568e-14
2976 1.8193745485716736e-16
2977 0.002688019419915281
2978 1.2356568325923134e-10
2979 0.0018504093669461294
2980 3.250728787665222e-18
2981 8.130055151747865e-16
2982 0.0016862173819482847
2983 2.069769359350614e-16
2984 1.0697746689616208e-12
2985 2.2660037028711644e-11
2986 0.030553877960959926
2987 8.124525934891748e-09
2988 0.04874243635678803
2989 6.443600090954258e-10
2990 3.5860223215271843e-09
2991 0.006222224286357369
2992 0.0036709501221807417
2993 4.495577008079796e-08
2994 3.0972172433720446e-18
2995 7.210158377460063e-05
2996 3.8126120938950674e-10
2997 5.939318838598391e-16
2998 0.00047348830999036014
2999 0.0026593295216335248
3000 5.283937909750698e-24
3001 1.288987672357325e-10
3002 6.591520615719186e-05
3003 0.062400194924601
3004 5.228280780844272e-06
3005 7.703434649586619e-05
3006 2.3813913588321302e-11
3007 1.93967948781939e-05
3008 3.2112191796306133e-12
3009 7.289172478990524e-12
3010 5.04022641651564e-10
3011 1.106851798283128e-14
3012 1.8199055782376174e-09
3013 0.04062468750906402
3014 6.403522645831727e-10
3015 9.443112728344454e-12
3016 3.6491428470230436e-10
3017 2.278477203488012e-12
3018 0.05668937269244253
3019 1.4557291991170928e-12
3020 1.4392601142936542e-13
3021 4.5510129537492916e-08
3022 7.151295315252952e-12
3023 2.2248675652003527e-12
3024 0.41151838138476005
3025 1.3948275396326867e-13
3026 0.7085042740975759
3027 0.7631108929949986
3028 0.7736485506018886
3029 0.7512311224526985
3030 7.08155466550194e-29
3031 9.031358469752477e-14
3032 0.834014003607826
3033 0.32895534777467444
3034 0.8775296791861351
3035 1.0760192938629658e-14
3036 0.6126605295886274
3037 1.0106796357572367e-09
3038 0.4354143822279854
3039 0.7553772792713919
3040 5.2730817075543963e-17
3041 0.594769385838502
3042 4.539422382618435e-11
3043 0.6736682393139252
3044 0.036148430013470165
3045 0.00012637919430850392
3046 0.5559874957309272
3047 0.424462499893819
3048 3.199938453605435e-13
3049 8.132418564799652e-24
3050 5.706567601598296e-22
3051 8.198079359554948e-14
3052 1.2916056933205832e-17
3053 4.777424762957225e-28
3054 0.2992189336516548
3055 6.976941918549212e-13
3056 0.05405563798249778
3057 1.1149477545510863e-22
3058 0.027663755693927785
3059 3.2979479231922524e-11
3060 0.06770633287450879
3061 1.0698647399507356e-11
3062 7.596595309241216e-09
3063 9.605325182168633e-13
3064 4.979602535801306e-12
3065 0.00021785320316511895
3066 4.3238423618821074e-13
3067 2.8841426845718507e-12
3068 1.2975315646190632e-13
3069 1.4344619991026987e-13
3070 5.3593367662142507e-14
3071 1.970292362585273e-15
3072 1.7334701712966497e-14
3073 4.778748674814378e-15
3074 3.0657232430252353e-15
3075 0.00042368133602627264
3076 1.5691418254113194e-05
3077 8.402859422561676e-10
3078 1.358641184447954e-30
3079 1.0068906769722161e-15
3080 8.340974484073611e-24
3081 0.07776599380665712
3082 1.4731813464048098e-11
3083 2.4415281084655e-08
3084 5.241305252535446e-17
3085 7.305255891667501e-19
3086 3.6271760307281586e-17
3087 4.452908850936396e-19
3088 1.226036212782723e-16
3089 1.0552863078100962e-19
3090 2.0932587441752444e-13
3091 3.4210025513413766e-19
3092 0.08973999772770531
3093 7.219158243785197e-23
3094 2.0434828848911573e-22
3095 2.584482941363448e-12
3096 0.0002833556509745827
3097 0.0003989267037884638
3098 1.6377703404154238e-19
3099 1.5828063068412548e-07
3100 2.4428873730178026e-07
3101 2.5995707518740738e-14
3102 2.0178192311613842e-26
3103 4.036284495099318e-25
3104 8.533900928702204e-17
3105 9.802729795284294e-27
3106 6.317325144009978e-20
3107 5.061619984053649e-17
3108 0.00919720983873041
3109 0.18093789120404588
3110 5.060152931535283e-11
3111 2.1579518158155175e-17
3112 0.845587232580353
3113 0.9094461042692832
3114 0.9560530807767199
3115 1.830347232681944e-22
3116 4.8408866645794536e-23
3117 1.990685698766627e-09
3118 2.8485607289172537e-06
3119 1.7534202439334706e-08
3120 0.6789148833532452
3121 1.033020376852878e-08
3122 0.8362019064321953
3123 3.369711056214391e-17
3124 1.0300893462175947e-07
3125 0.4629911459496288
3126 3.701024522653342e-22
3127 0.5237087448850722
3128 0.014916069193791502
3129 0.23005994871228416
3130 3.114883505489289e-23
3131 2.1837036382781574e-11
3132 6.075490831606494e-11
3133 0.007201355529601499
3134 6.680609335391465e-10
3135 0.09214036860110042
3136 3.3875397489856425e-18
3137 0.1260498476959011
3138 1.7457949219739854e-15
3139 2.3033168810878156e-11
3140 1.1868028755360437e-22
3141 1.3133728196589457e-10
3142 0.029546719095847055
3143 1.1109944896927093e-14
3144 0.00024676917901102793
3145 5.286794455485715e-10
3146 1.6129038344076846e-17
3147 1.0465698922702118e-12
3148 1.8790851651499901e-13
3149 4.659753917965965e-20
3150 5.967282994844575e-17
3151 1.4638561627859317e-22
3152 7.658802211588709e-24
3153 0.00013480822344842192
3154 9.105300219273284e-29
3155 4.2953818454678704e-30
3156 1.767262716185017e-08
3157 6.813107411856147e-17
3158 0.0758548323804931
3159 0.03469578066017049
3160 0.04785314791301799
3161 1.2434707518007856e-17
3162 3.333320026085983e-06
3163 6.069263273427942e-18
3164 2.0105642488384985e-19
3165 1.0285400641414103e-12
3166 5.124095013718534e-17
3167 5.972184809996527e-08
3168 5.6058748710782256e-08
3169 2.2430279230309866e-20
3170 2.9231122609337567e-21
3171 7.522697776860916e-05
3172 1.220927392263699e-18
3173 7.784357629775287e-16
3174 8.833011589159752e-18
3175 8.496591495687428e-07
3176 2.5171625530134815e-08
3177 0.003729305813485614
3178 3.3189324392536254e-18
3179 4.382993535096935e-22
3180 0.0274595463768299
3181 4.425033451311919e-09
3182 2.8865289229466864e-08
3183 3.120307131806082e-14
3184 0.03424622256027395
3185 9.665284604761522e-26
3186 5.602080038458738e-26
3187 3.824816922308155e-23
3188 9.239529182733636e-17
3189 2.34793804808364e-18
3190 2.824231145779201e-23
3191 1.0427212382715361e-22
3192 3.683618826592481e-23
3193 0.05334250008472324
3194 0.04594343455271105
3195 0.02927254705911518
3196 3.278527070501376e-22
3197 4.6717357556953755e-08
3198 2.873425465412956e-19
3199 2.989669524726675e-13
3200 1.0711150066883311e-11
3201 2.0106027703228646e-24
3202 0.004718127277201035
3203 1.3603822378929621e-17
3204 2.1040007325720464e-15
3205 1.695800360542807e-14
3206 0.23768386439263706
3207 0.25336932376015847
3208 7.1158077972851445e-12
3209 3.048127844990636e-18
3210 1.3451924463202716e-15
3211 1.3397277235836706e-07
3212 1.2792727896962301e-17
3213 0.14435924943924922
3214 1.842955154625795e-21
3215 1.2105203527359112e-14
3216 9.866828515177384e-20
3217 0.09154873129560208
3218 2.191436610069299e-09
3219 1.785773487827745e-06
3220 5.57042921159894e-11
3221 3.511381176905885e-17
3222 2.979136589122912e-20
3223 4.578697042656122e-15
3224 4.986803053140029e-16
3225 1.0660989048967814e-15
3226 1.340713754426882e-16
3227 4.212442970886867e-21
3228 3.763029038052064e-19
3229 5.128136904826042e-20
3230 1.3356917631790437e-17
3231 1.4084975200160407e-16
3232 1.0221135364670503e-19
3233 6.038662916594893e-15
3234 1.6147527904025522e-18
3235 3.0021916641297744e-24
3236 3.0453748951243625e-25
3237 1.607066986921351e-18
3238 0.00021362245518249373
3239 8.283973855924532e-07
3240 7.706422009982538e-09
3241 1.371192652181295e-21
3242 0.2033810664190646
3243 4.19680454095058e-19
3244 5.005153950188295e-15
3245 1.313481474959624e-08
3246 1.1050833450703614e-16
3247 7.860328682920652e-10
3248 4.001030006021372e-07
3249 1.6492359981349706e-15
3250 1.0788245458789435e-11
3251 2.538767578269822e-21
3252 1.5245886192826549e-10
3253 0.00925143392451536
3254 8.306634466071356e-10
3255 4.6750679476649854e-07
3256 5.6616650586869525e-21
3257 1.694627662602484e-20
3258 9.600539940476708e-11
3259 4.370886297928688e-19
3260 5.2094019537549245e-18
3261 3.4627215154761016e-16
3262 1.1856396993667933e-17
3263 3.6543112437603954e-18
3264 0.18523153180018248
3265 2.844042199683906e-18
3266 9.85923149707067e-18
3267 0.02379509986483501
3268 9.982012110999921e-07
3269 5.8644211142833695e-12
3270 3.1550895920939615e-09
3271 4.925489159147235e-27
3272 3.772571727286191e-27
3273 5.3066009007391926e-11
3274 2.1784323351080244e-15
3275 1.1381845183462194e-18
3276 5.358890731400091e-07
3277 0.008721719876784712
3278 0.002457794976747971
3279 6.897588502282394e-07
3280 2.1349267951686392e-10
3281 6.456773871504952e-16
3282 3.911909729466097e-21
3283 4.821075806700678e-18
3284 0.28716473833971456
3285 0.3620329783708121
3286 1.7124651157286098e-21
3287 2.2312697030929358e-18
3288 0.13625905444055944
3289 6.929797025879494e-14
3290 3.0234772186400666e-18
3291 3.396056410111433e-18
3292 2.673526061484155e-12
3293 6.389385515622025e-22
3294 9.116284792827494e-19
3295 2.4068956900870206e-20
3296 8.558138446178289e-23
3297 8.641075789630824e-16
3298 1.1427505849755528e-15
3299 1.61620430870742e-09
3300 1.1754745997342428e-07
3301 1.1231360212199695e-16
3302 2.068027495218375e-21
3303 4.239721595445142e-17
3304 2.106382821224419e-22
3305 5.463357399798174e-17
3306 6.26612870426437e-07
3307 4.695546612684808e-14
3308 3.307821062863085e-26
3309 1.653177444174543e-21
3310 5.180067051421046e-20
3311 5.326481768122385e-11
3312 2.841776605510496e-09
3313 1.425765933083808e-16
3314 8.000126500507617e-27
3315 2.163046401201037e-06
3316 0.20592087969602413
3317 3.740473856636077e-14
3318 5.751913020498565e-06
3319 9.953175155674146e-31
3320 2.1918680723394582e-07
3321 1.4481416504123946e-10
3322 2.768843824607112e-06
3323 0.0807264765205424
3324 1.2398426283613517e-21
3325 5.829337760749099e-07
3326 3.783394348177182e-18
3327 0.14038303822679948
3328 7.79161302913821e-09
3329 4.8450603779626784e-21
3330 2.6133683839854104e-10
3331 3.3359404240604166e-07
3332 7.085382635664549e-09
3333 0.06666444423140583
3334 1.1509996781762322e-18
3335 0.01877515129733494
3336 4.918065854942553e-18
3337 7.745337068472927e-13
3338 6.921637693018183e-26
3339 0.13930783243780062
3340 0.06607543147316135
3341 3.165423704926085e-05
3342 3.182137153013086e-18
3343 4.860911872752939e-18
3344 2.121850443361968e-18
3345 1.3247985702409743e-10
3346 1.9949360713187074e-27
3347 1.0627840498896209e-19
3348 1.1515762295102089e-24
3349 7.066084710716808e-16
3350 0.03739733484834225
3351 0.11134044183576819
3352 7.047800397348474e-14
3353 5.955679988552655e-19
3354 0.05299910774662629
3355 1.1976677931302871e-21
3356 2.4109168887449724e-09
3357 7.499926224009587e-19
3358 2.2184370134675823e-19
3359 7.629600596716174e-11
3360 0.16539556363850064
3361 3.4566579117169897e-23
3362 5.532203310606072e-19
3363 6.469089460293719e-10
3364 0.09181634231732155
3365 2.8989475793338526e-23
3366 3.2896904929093394e-25
3367 0.06132697881633575
3368 3.8939633280077646e-22
3369 2.070018272620092e-08
3370 2.747612047219296e-21
3371 1.2763487444002738e-07
3372 0.1221341249200939
3373 0.11415545324630358
3374 0.031038063297703856
3375 1.441311132517096e-20
3376 2.136213102389294e-14
3377 0.00280503017024613
3378 3.4714953048542685e-09
3379 1.987546074500297e-24
3380 9.168302927702547e-22
3381 0.2206633790559084
3382 5.0619705072043295e-11
3383 9.943859256496972e-07
3384 1.7662889375268547e-27
3385 0.018274460366366083
3386 4.689600007285973e-07
3387 2.078436150421264e-18
3388 2.1075119448340794e-11
3389 2.0092607687615664e-19
3390 0.12946675879592873
3391 1.227243407332672e-10
3392 0.18685648942383404
3393 1.970402435384991e-08
3394 3.147041959171792e-09
3395 1.9642722087113902e-20
3396 0.016947644465707776
3397 6.236793217202928e-18
3398 4.4419851463102566e-18
3399 1.1122244801441934e-10
3400 2.86744571872029e-16
3401 0.20780478464080412
3402 1.3660775055985587e-16
3403 0.12904718686878866
3404 1.95970051750611e-08
3405 1.3833756680111298e-15
3406 3.5401185178454187e-20
3407 7.68040814908124e-12
3408 8.220212245123894e-22
3409 0.01487178544636443
3410 7.960135520257636e-13
3411 0.0752553061961241
3412 1.3024401198396666e-09
3413 3.245540041950319e-09
3414 4.513339452568167e-18
3415 6.775864657547689e-08
3416 1.7631065366175926e-18
3417 1.2019051050021113e-22
3418 4.969788222052051e-12
3419 5.0617213356153834e-11
3420 5.532211902938734e-15
3421 5.554380378702276e-25
3422 1.2141815570664442e-19
3423 2.2949461523993088e-07
3424 3.879804478901079e-18
3425 2.902580601115402e-19
3426 3.762232897854521e-15
3427 3.360918028368135e-18
3428 7.753154545946895e-12
3429 4.334993867749421e-22
3430 1.211212392541744e-18
3431 2.431095426759338e-10
3432 5.170257958849418e-07
3433 2.775913881494035e-10
3434 4.637845508745299e-09
3435 1.854420970459737e-21
3436 4.2786828831691034e-09
3437 6.810229647788466e-22
3438 2.7759017890334705e-10
3439 2.509102882113834e-07
3440 2.441935973093797e-10
3441 0.08269221564077033
3442 1.6646590745667428e-07
3443 3.343518562793206e-08
3444 6.33627175681368e-09
3445 5.05260586983745e-19
3446 0.005399892343163306
3447 6.63694913526648e-20
3448 2.2543068092423806e-09
3449 1.0566953005309069e-09
3450 1.8439187426873508e-26
3451 0.019246493256536854
3452 2.397006632915228e-15
3453 5.721322165239237e-10
3454 4.110769959587039e-19
3455 9.228330909546353e-24
3456 4.664191979854418e-10
3457 9.97707475776884e-08
3458 2.3681105779940767e-16
3459 8.728286835598466e-18
3460 4.069361717526745e-17
3461 1.1608742028644517e-18
3462 3.0490476248425194e-26
3463 1.141807081424258e-08
3464 1.962128466077053e-18
3465 1.0381241992001183e-13
3466 3.220512903929755e-26
3467 0.06229479823805936
3468 1.946364967183138e-09
3469 0.004484165436959076
3470 1.7900589813198432e-08
3471 1.307408133052937e-22
3472 1.3643724584744365e-20
3473 8.004412914582993e-23
3474 1.7670710739216765e-19
3475 0.011277717306990776
3476 2.615262180962076e-19
3477 1.4279977855338479e-25
3478 1.1393811851977469e-10
3479 1.1267160624527151e-20
3480 2.0889542101686285e-06
3481 4.512868630825198e-15
3482 1.3287853886930675e-21
3483 1.4948277775153713e-09
3484 2.672533841832198e-21
3485 6.172387787249734e-06
3486 2.3571173241005621e-07
3487 0.3598613531323654
3488 3.1977772700996494e-16
3489 0.08797103371095372
3490 1.7812033831348106e-10
3491 3.0448717780415585e-07
3492 2.0858974089612393e-12
3493 5.452191651743467e-18
3494 2.681938775310581e-18
3495 1.7424735072819828e-13
3496 9.225298024650827e-16
3497 5.64533525414732e-19
3498 4.2348333264212277e-22
3499 1.2468427758832536e-17
3500 4.418442967295324e-10
3501 1.5743594144432416e-18
3502 4.0039259433239077e-19
3503 8.532546371339888e-07
3504 0.0028102374290243522
3505 0.04457187988133451
3506 5.213886303975127e-08
3507 4.8316264023496714e-11
3508 6.71522449238906e-26
3509 1.2037973225145086e-10
3510 1.3807850804951663e-08
3511 7.178074468616911e-22
3512 2.3562379146987536e-12
3513 2.7579997039155126e-10
3514 1.7390470796301184e-18
3515 0.09301677739426108
3516 1.053768957654427e-22
3517 3.324112903447302e-08
3518 1.799522320627793e-10
3519 3.6836632879122023e-16
3520 1.0895679148105467e-21
3521 0.0821360057002475
3522 8.925347840934345e-15
3523 4.724017287457869e-21
3524 2.1507770525844757e-24
3525 0.0173352339802619
3526 1.9403655539479105e-12
3527 3.5804446314002365e-25
3528 1.3447070392124803e-25
3529 3.227949732859322e-22
3530 5.0447059386133256e-20
3531 4.980269895857385e-19
3532 7.091406841041546e-17
3533 0.09871398922361586
