0 1.8690268409806604e-07
1 0.0001840893842453274
2 7.847296900702978e-21
3 0.0014720480228472474
4 3.6059462542498223e-07
5 1.6336445986660764e-08
6 3.031234157017405e-17
7 1.256409852666143e-22
8 1.0853680755378369e-26
9 3.663017783690455e-40
10 1.576593073761418e-14
11 3.1819959512802376e-18
12 2.542382654193185e-08
13 1.6398453033438384e-38
14 1.3681916304222398e-09
15 8.52871056448039e-17
16 4.314318306586718e-19
17 1.0170145664731807e-13
18 4.851266217547944e-22
19 1.8317891628350392e-23
20 1.1426939988188616e-16
21 2.949584206092209e-18
22 8.08102220104949e-05
23 6.24147711908716e-17
24 0.01948717545937969
25 0.027317092037487882
26 1.4747836329474608e-34
27 8.958875977690743e-38
28 3.0910916958528364e-12
29 1.1183017284332674e-09
30 1.7066688452891707e-38
31 0.05635478524198639
32 2.110117141204665e-56
33 5.683651808517902e-16
34 1.4627978894986296e-09
35 4.608091516391298e-22
36 2.6978465551452203e-07
37 4.4721535079165305e-10
38 6.976588398439395e-05
39 1.3467509192425254e-09
40 8.671731538896984e-28
41 6.027350543719451e-37
42 1.5978883616518501e-18
43 3.652436073646603e-11
44 3.071866721400248e-16
45 2.861272606750657e-07
46 1.9085198270761415e-06
47 3.0990464610961126e-07
48 0.03951769206619785
49 9.634239138362838e-11
50 8.97780262266382e-05
51 2.2375869189461485e-20
52 1.5963991787489203e-13
53 4.616943863756441e-15
54 6.657833386135663e-10
55 0.0011428130325374288
56 2.2180235185883513e-12
57 3.402740211776524e-37
58 5.532865624585336e-09
59 0.00016552235650190716
60 0.000891673707266665
61 2.9314137500204536e-09
62 1.926365283184934e-07
63 0.00015697514499311984
64 5.239133611582069e-14
65 1.65073327507757e-05
66 2.3713114541673873e-05
67 2.4746158331206023e-31
68 6.698047638017136e-16
69 0.0010398195208795253
70 6.67903989134622e-08
71 0.0568245322774442
72 2.1956444209913116e-47
73 3.1092217158016172e-55
74 4.080211784977638e-14
75 1.481190102300703e-09
76 0.052942789175750224
77 1.336852839088853e-07
78 0.042206670029141295
79 0.00013096636801393787
80 9.434805482630863e-12
81 8.149764930485255e-10
82 1.231168700547332e-11
83 1.8358105138313048e-45
84 1.1780806318086253e-09
85 2.7135149164985597e-07
86 1.7114361898256802e-07
87 1.0678370403656103e-09
88 0.029695967991210288
89 2.1315963885922204e-08
90 1.0855057769363665e-09
91 1.1194592156974955e-09
92 6.791604363004664e-21
93 8.347447904718269e-08
94 4.096406200566509e-41
95 4.141422355828873e-37
96 4.067056568538291e-23
97 0.023666055180766258
98 3.427193262250984e-05
99 7.897095494344158e-08
100 2.2593782886145396e-13
101 1.0765204804443735e-07
102 0.051944967246442486
103 1.0871974093692426e-05
104 5.4805741215216945e-08
105 4.869510201342227e-38
106 4.878384707619276e-25
107 6.373440256849666e-10
108 3.777061911764931e-10
109 5.900870663205159e-06
110 1.8979095669066502e-09
111 7.712325765733873e-47
112 1.7896101371415768e-07
113 1.2923303666844722e-29
114 2.024144302950185e-05
115 8.221867785950596e-17
116 3.320174419053806e-11
117 5.869345160168321e-18
118 1.2583324293199819e-09
119 0.0048096559640492835
120 1.4213556550334114e-12
121 2.6505606436369535e-09
122 1.4248562962396415e-12
123 1.3946937798417485e-21
124 7.702646608773322e-11
125 0.0008875605622315045
126 4.198879868134023e-11
127 9.69315626958658e-06
128 1.9475747863175586e-08
129 9.864272513479575e-11
130 0.021859367348166042
131 4.835142298751908e-56
132 1.3600506362577789e-11
133 3.1148075239516763e-15
134 2.1974111125583538e-09
135 6.290157113477147e-49
136 6.563407613897032e-11
137 5.905818234426117e-27
138 7.845313943363333e-37
139 2.384418135112854e-10
140 2.390290973227661e-11
141 1.703823174222573e-05
142 2.5965096875069176e-06
143 3.195469371907479e-13
144 0.04515165986022213
145 3.963550838476966e-05
146 1.7153463121689337e-09
147 0.018534174740492862
148 1.460869238533519e-28
149 1.0657636174587572e-10
150 0.018036305648673527
151 0.02230748903782712
152 1.0374456888775565e-08
153 9.957255659154843e-29
154 3.365472773867294e-15
155 9.017961209276217e-12
156 0.029191252526447907
157 4.568016834044378e-06
158 2.4650070280286892e-11
159 1.328848831925596e-08
160 1.0536313651654142e-09
161 1.1255818283938641e-13
162 4.600927388761583e-47
163 4.587313652204602e-09
164 9.675014579347924e-15
165 1.3950260082196157e-05
166 5.078504738149131e-10
167 0.00020089949813186493
168 1.7647460882481618e-35
169 2.5061316158705415e-10
170 1.2459541406376286e-13
171 1.1655128567372164e-39
172 1.8230035070402176e-16
173 5.4937507358368817e-14
174 6.50543202473623e-10
175 6.160137064557093e-13
176 6.937294141779748e-24
177 8.748013545880515e-05
178 1.5711533914794492e-09
179 1.2447966404200626e-24
180 0.00022513180850995055
181 1.103692763546757e-42
182 1.4009763051170419e-06
183 5.398342327041989e-15
184 7.202228811730585e-05
185 5.0046369273477334e-09
186 8.911439231932786e-07
187 3.252052373838474e-06
188 3.4486486629814323e-12
189 6.848450238969154e-11
190 3.378418135041644e-07
191 9.450017124466004e-07
192 1.589304553815957e-05
193 3.437064319141007e-45
194 9.701315574400813e-10
195 2.6586574750203383e-13
196 2.0879675039642875e-13
197 3.3207383569964174e-20
198 7.285569341604574e-05
199 1.0330067134640816e-19
200 0.00014246776823298893
201 2.4683525147651897e-09
202 7.82496259393715e-08
203 8.580713564696579e-29
204 1.233256542104948e-10
205 6.740828551767005e-16
206 8.75592202011569e-15
207 3.81958963486769e-18
208 6.359289500167494e-05
209 2.8947823549405528e-11
210 9.627652067489508e-31
211 0.0002745395011646214
212 2.667499581826126e-06
213 6.771786993728692e-28
214 6.305648715877562e-09
215 6.968592200498992e-16
216 1.264726152034811e-35
217 7.366809289150548e-16
218 0.008261877803050328
219 5.112300327700612e-10
220 1.621386737354945e-23
221 7.30673437626702e-16
222 3.09685149251931e-12
223 1.39223753271528e-09
224 1.238879942767214e-27
225 4.2461817468626475e-08
226 2.811246091593421e-09
227 8.857228173068303e-38
228 5.070616140840415e-05
229 1.2322835383871033e-16
230 5.648489332315127e-09
231 4.349019645612938e-09
232 1.412349951532465e-08
233 8.219647918168797e-06
234 2.8713948637500584e-11
235 4.180854574518615e-44
236 4.92135079822231e-08
237 4.822112388526346e-38
238 1.5445557717178979e-09
239 4.416717579952511e-28
240 3.547034006102377e-10
241 6.951438385580792e-06
242 3.1031145261867194e-29
243 0.0005431597515003505
244 0.014646747239590254
245 1.6935086612468074e-34
246 5.8153309999193e-35
247 7.969477849021399e-10
248 1.2240436479496133e-57
249 0.0007692192073434334
250 2.0303222327316854e-05
251 1.8618541093346752e-56
252 5.181695154088337e-07
253 1.524523357497707e-12
254 1.1524315813964863e-32
255 1.6371328612050123e-10
256 1.8337511345364575e-13
257 2.1053770152503134e-50
258 3.6859468633808067e-11
259 1.2490049112583262e-34
260 1.6566745663155662e-17
261 1.3517161792138521e-11
262 4.4504572603999783e-07
263 0.011440733638131535
264 8.556129142892628e-10
265 0.0154974706657537
266 9.185069220758607e-25
267 3.8323111024100355e-06
268 2.2316047071961982e-07
269 0.0005239485578777624
270 1.9901542910593171e-10
271 3.6240110793827934e-05
272 2.035813276486219e-05
273 6.656504976675301e-27
274 0.001079063439127655
275 1.688568091042113e-12
276 0.1262435528334962
277 0.14322652284479953
278 1.6295800895542157e-09
279 1.1694295546747079e-38
280 9.50801843076423e-10
281 1.638051074127574e-05
282 0.09255773888724553
283 1.5454780460326088e-48
284 7.711152800512391e-10
285 4.267833998610869e-05
286 0.00012128852371321186
287 1.0066167117000757e-22
288 3.409320964872658e-44
289 0.0034644617280427618
290 0.00250088457581873
291 0.001852001928764223
292 0.3050778490158825
293 1.221249535377478e-06
294 4.374989594311482e-42
295 0.010018764640500395
296 0.0055447879071140625
297 0.00942575664256021
298 4.717142499524522e-07
299 0.00018037307244568127
300 3.026285524149858e-11
301 0.0481184364256135
302 0.00023216604100132488
303 4.059339490584586e-35
304 1.4723825266211347e-05
305 1.245888962241745e-10
306 5.221099135516743e-05
307 0.02933255195619173
308 1.3623307919823045e-10
309 0.0005371930137660733
310 8.171195245574515e-05
311 0.08765824288448296
312 0.00020324927941741335
313 0.0003695015974220716
314 9.546823607831266e-11
315 2.0896813428753802e-05
316 0.00022807416719628163
317 0.032081991270647314
318 0.19266244369204846
319 3.0115032847918642e-09
320 1.2996517223251855e-10
321 0.0002456946549756366
322 5.555518633208556e-12
323 0.0004015522357988574
324 0.0010074124698949494
325 0.0001114361175729234
326 0.027750280388821803
327 0.0003592738114564808
328 8.486083849242426e-20
329 0.00017404795099198615
330 0.0002027239981552583
331 0.00043190662758611943
332 0.41528903598041134
333 0.00019942690171849916
334 0.4434504381338192
335 0.06491983325156309
336 0.000275423747769148
337 0.3619417614127956
338 0.5410626687981658
339 0.0001468727686759412
340 0.45946520871152124
341 1.1867006057362148e-05
342 5.3351981535619296e-08
343 0.0003156188854701002
344 5.5980706510875375e-09
345 0.00019215024956901794
346 0.00036241447670117596
347 0.001167051695565607
348 0.534097321406024
349 0.6020343990839127
350 0.267972525907647
351 5.988341262028301e-09
352 4.903594530057974e-07
353 6.185999058100785e-13
354 0.5859467864499595
355 0.618805062184455
356 5.592804573073735e-05
357 0.5646700892732641
358 0.2205349146920814
359 9.29182805697107e-46
360 4.589074569072479e-28
361 0.23871606370713325
362 0.054999198298405404
363 0.20562432504073322
364 8.496949659448874e-20
365 9.140431175044552e-17
366 7.099513830433521e-29
367 1.2874358072064403e-06
368 0.08734347832438376
369 0.5542387950852673
370 7.293300075011069e-06
371 8.262066718030984e-07
372 1.1588888330490568e-05
373 0.0001262836530683818
374 4.865376399893536e-12
375 0.5114468725894449
376 0.07494106684751109
377 4.60303279775904e-13
378 2.425117892209755e-07
379 0.4984442175597004
380 0.41924177619805275
381 1.0655601521320681e-07
382 2.148241496240526e-18
383 0.09487775947561744
384 0.6554007363561763
385 3.7405552291206965e-29
386 0.44277291842490973
387 1.1247380949884272e-11
388 0.03939501767556015
389 1.5320654103405104e-17
390 0.6126524070945583
391 0.000680930134861484
392 0.06981757892740381
393 0.0004280737215360844
394 0.30475435400173984
395 0.04131937724861817
396 0.3314115867746093
397 1.740552367515228e-21
398 0.00019778765464966919
399 0.06289844806050562
400 0.04809270609508721
401 0.00014158565457126737
402 4.7288695739466155e-28
403 0.0894471573953281
404 0.7927046880889735
405 0.06039409599590863
406 0.8016719164902646
407 0.00048812333499315634
408 3.207834360378875e-09
409 2.0678825345083723e-06
410 0.041796815576238024
411 8.267446082539242e-10
412 1.1452155377337424e-43
413 0.3916821307603962
414 1.4029151833900287e-30
415 1.7077605655128673e-35
416 0.337459893799868
417 0.7073410977949781
418 2.778892338043662e-11
419 0.7705211985530226
420 0.16711067659547854
421 0.05398114988953455
422 0.00010147553906308471
423 1.872678218526195e-27
424 0.4719015000241155
425 1.8209341154277898e-45
426 0.1320273734102303
427 0.5506934451789585
428 0.5272588613476332
429 8.195976654736222e-30
430 0.23005542391178638
431 1.2700086118204206e-29
432 1.584792652624843e-06
433 0.0266589494414456
434 9.780837246310586e-05
435 0.0012459954378436099
436 0.41868273570259795
437 0.23691546756687426
438 0.29513201351105867
439 9.657831471985693e-05
440 0.47506612171286994
441 0.044830656123915444
442 0.00011987260830749709
443 1.5939595402197885e-11
444 5.4349478280292436e-30
445 0.00017676001267997597
446 7.072578388223394e-05
447 0.7489601782586245
448 1.659798750898547e-25
449 0.00020722043577430776
450 0.03175691942179869
451 2.3958405305798235e-28
452 1.640099904834172e-12
453 4.6322176319008375e-12
454 3.5949341626993337e-50
455 7.35635758351151e-06
456 4.520542116570639e-10
457 2.0080803298306585e-11
458 0.7292542252860038
459 0.00384736100140214
460 3.410677829444218e-09
461 0.042046682722826786
462 1.1768983327552927e-28
463 0.00012084184874638265
464 0.7777499980953505
465 1.4067456455769336e-07
466 3.898709224515811e-05
467 0.0005299193227741854
468 0.0015228243817674778
469 6.349195813370079e-38
470 6.109519061829481e-05
471 0.04579859030552665
472 0.8162516406636421
473 0.019883189860771918
474 3.971132603168735e-49
475 3.662428090074926e-10
476 0.0495626377265747
477 0.048328637276167014
478 5.4886427454539103e-11
479 0.03381862481285717
480 0.37274806646389425
481 0.3279555823760869
482 0.11888340459659394
483 2.2856914696425421e-10
484 0.5993930386297966
485 0.24066484265125307
486 0.0759106740370148
487 0.31065539610553133
488 1.86196212539061e-22
489 1.7838708837705326e-09
490 4.710676321931364e-10
491 7.470579605511057e-10
492 1.3258115565960238e-05
493 0.029210200926825802
494 0.07082070728346972
495 1.203475185878408e-06
496 0.08714555492400547
497 7.864644579853569e-10
498 2.2755918360428012e-05
499 0.6754761437691166
500 0.03036042554562353
501 0.0005948740870912312
502 1.2316399359350771e-10
503 0.3588252358251483
504 0.3246006356202873
505 0.310447520374306
506 0.08443542138883708
507 3.070116335131497e-05
508 1.6632411447155794e-11
509 9.26405201519967e-13
510 3.412168580415322e-45
511 0.34672006789010384
512 0.1929628055033276
513 0.00029338953762227143
514 8.333663983911292e-07
515 0.0015562622298123216
516 0.13284639583607472
517 8.788546816858263e-15
518 0.005707235942580354
519 8.594370127458905e-12
520 4.20350848408178e-12
521 2.2368211896818515e-16
522 3.450396775370093e-23
523 0.4177877610153412
524 0.0014913647000508957
525 1.4928189671775195e-09
526 1.3273907164305405e-09
527 0.12406980305133418
528 3.5512703492663224e-26
529 0.3318163577778749
530 2.078317106395875e-12
531 2.0776239451784547e-08
532 5.0662137034633864e-18
533 0.09618884728871199
534 3.597909813403036e-10
535 0.14919126769082508
536 0.001140496972743094
537 3.1665771542778776e-12
538 2.0487759771102817e-12
539 5.023062624706394e-13
540 2.354586022478306e-34
541 1.2345653337019018e-51
542 0.2600945005739001
543 0.15101989056237441
544 0.16456184598334833
545 0.4336494001453423
546 0.11047731262054808
547 3.887106000869068e-05
548 0.0019717827674179855
549 0.0019267741047382856
550 0.0036957700457510992
551 1.9059665622339176e-20
552 3.945993114636955e-37
553 0.10104857362930394
554 0.00012906452388461052
555 2.0937404184955477e-07
556 0.001709404537032275
557 0.00048484750280708086
558 0.0007467559302735355
559 0.18569301189146847
560 0.19410548969454153
561 0.002368313529023362
562 0.00014323854449404709
563 4.163681025825343e-21
564 2.6164272985315537e-18
565 3.371723432742075e-10
566 6.194709861569199e-18
567 5.058174677311515e-09
568 7.47949640117948e-35
569 0.0008312808371205634
570 0.0012999892387811933
571 3.0403227338735958e-27
572 0.26294466668838457
573 0.05358877850874758
574 1.9288802395146238e-35
575 0.05724944242250327
576 6.22787592149125e-12
577 1.4273784879298362e-09
578 4.009006751450586e-05
579 0.12388634219373668
580 4.822201010371926e-13
581 7.126915179933739e-10
582 3.2446535884960668e-12
583 0.4145649699684632
584 0.09020567632572647
585 5.053132919403079e-13
586 0.0021945853149411445
587 4.022608088116542e-37
588 2.6594113073091247e-08
589 6.634529349892959e-22
590 0.006654269796760268
591 4.418729994493902e-05
592 0.1565219975875701
593 0.004776882015575717
594 0.000370332023024841
595 0.0008499382961925173
596 3.943499224292623e-54
597 7.592024664558601e-27
598 8.148538975825298e-12
599 4.2823290767291605e-49
600 0.020501053800551807
601 4.556074527428844e-07
602 2.827842460803663e-12
603 1.8389641174947162e-17
604 0.07676537299828635
605 0.00013211945695250683
606 0.0022110752066084116
607 1.3911927299861584e-17
608 0.0001933836599593199
609 1.315558367032388e-13
610 2.912783348523156e-13
611 3.171641953780822e-09
612 0.33973318005595854
613 1.380370556931009e-07
614 1.1075191800818957e-13
615 0.005636459887123541
616 0.0923622453997457
617 0.00045268813797458453
618 0.1755081244946799
619 9.42510845581492e-06
620 0.045589750420644753
621 1.5537106604801563e-33
622 0.15747759687469406
623 0.0014207674256149197
624 6.099014380305069e-14
625 0.0034710930514729108
626 0.0053982270193595975
627 0.029553313636767466
628 0.39430104359781765
629 4.4911181531841925e-13
630 4.49981837276425e-05
631 8.830008453628245e-13
632 5.385059490739152e-09
633 0.0005421989647520666
634 1.5332446364508718e-34
635 1.647466210436515e-33
636 0.2998267874138853
637 2.6534789062087446e-42
638 1.1266786932522633e-08
639 2.733439498135455e-22
640 0.0026411148643724733
641 0.0010749183636168584
642 0.37919803736955693
643 0.1276952955311441
644 0.07296282004118493
645 5.0989885822987603e-23
646 0.013666006443932902
647 0.012153294069520162
648 0.20363732096011114
649 1.6427475455278518e-22
650 1.2563648449678698e-05
651 0.24019187364502909
652 0.012859113802318979
653 1.3767949967447692e-26
654 6.548558302637314e-36
655 3.4003469700044556e-36
656 0.3890496613515743
657 6.322253439873156e-10
658 1.1021071682279722e-27
659 1.500201915540774e-18
660 1.2224633492415142e-05
661 6.217333779524759e-36
662 2.2481815395921516e-05
663 0.12769858383632351
664 2.50886356135723e-12
665 1.6002318887476136e-13
666 1.6901943061414812e-08
667 2.2221932230551466e-07
668 2.7099168482713184e-06
669 1.9379527584946913e-05
670 0.0003910127652949985
671 3.6988530188154185e-08
672 8.67069970242437e-10
673 1.0916403134343375e-39
674 0.051885201476906014
675 0.5001799627088819
676 0.0002601066634528676
677 0.4277343487504739
678 0.47125591188918103
679 6.239642090453257e-05
680 0.00019295829082982153
681 5.52121526299978e-05
682 3.877302730631451e-41
683 9.789056814910682e-09
684 6.274369192914951e-10
685 1.260865781412304e-22
686 3.879378013124497e-09
687 0.010887569205721408
688 2.776253310138501e-13
689 4.786663704606101e-08
690 0.00013977787769367623
691 0.336066317803145
692 2.184937136023353e-14
693 5.020338429247898e-17
694 5.587217941611584e-34
695 0.023774290561674932
696 0.0014896382757086685
697 1.1549011805519851e-33
698 0.0020150779197791974
699 6.79913391811457e-07
700 0.10505214468127608
701 1.5861044279697844e-07
702 2.4942035492836097e-05
703 0.015033007774409411
704 2.7675977056733213e-08
705 0.02015521581949356
706 7.182527692394949e-10
707 1.3698555444913177e-10
708 8.94485786551914e-26
709 1.0586168597345873e-34
710 3.773961135119482e-17
711 1.6776150595880408e-10
712 0.6301077156601513
713 0.07935268367200372
714 1.3118347410260674e-24
715 1.5706168541028503e-32
716 3.579578529776868e-05
717 6.50795581649994e-13
718 2.881168927466507e-09
719 0.002354831260643862
720 0.011456593668804785
721 0.00015823049901254462
722 0.008148957934130657
723 0.007858711111666793
724 4.3073832873222635e-06
725 6.0955344490936905e-33
726 0.020425031880033306
727 4.059629728271687e-08
728 9.009607506733706e-31
729 0.6688768235501058
730 9.462541696478796e-08
731 1.9037105475077596e-23
732 0.44898451382230786
733 9.544643880572606e-36
734 1.6606956991384816e-34
735 1.755358810115083e-24
736 0.4545319195061872
737 0.1287676594423831
738 1.3015534295532368e-31
739 1.8731716954889654e-33
740 3.289649801456127e-08
741 3.412308094187735e-32
742 9.4818214891097e-19
743 0.015584770152011785
744 3.4225592887922596e-08
745 7.061974696293932e-25
746 7.19761564606604e-05
747 6.56412458595975e-06
748 6.000189318938141e-22
749 0.16432502413534866
750 0.01955564691904966
751 9.049400935037238e-09
752 0.16864159643039436
753 0.06777614050325281
754 5.8321232325991945e-21
755 5.3842195574712895e-05
756 0.005704047599964912
757 4.68954224253908e-11
758 1.9935196506540873e-34
759 0.13115242117249667
760 0.19662271371320864
761 0.7386446260805495
762 9.454786812185425e-24
763 0.0005973936489980713
764 1.422964160720343e-08
765 0.0010606747128614675
766 0.05098263708717173
767 2.5720113244657665e-34
768 2.9925665523102685e-33
769 0.021862571619525418
770 7.118891357171084e-19
771 0.08597805474747378
772 0.008453939663688704
773 0.026767495084004236
774 4.1049880399050573e-20
775 3.5913629822138205e-10
776 0.10986882833299946
777 0.015303234633708362
778 0.05590588132390388
779 0.00023442218105664168
780 0.09404965160981268
781 0.0009287817208010544
782 3.1700601092001667e-27
783 1.179551674128882e-06
784 6.163279751420809e-26
785 0.008199666995211869
786 1.1317907573362727e-42
787 7.372303205426173e-29
788 0.005091018621448849
789 0.0010931162256369018
790 0.4303230222699303
791 0.002314802025937524
792 1.686072760082987e-23
793 0.007830138548406937
794 1.127681692610003e-20
795 0.004993057500793093
796 0.407720337665068
797 3.755826639158104e-15
798 2.6406846424977126e-10
799 0.4915013599526149
800 0.022662979727679833
801 0.01811386999404215
802 1.9745844535704636e-32
803 1.0483371502138371e-07
804 2.571627860135119e-29
805 2.737695316838204e-26
806 2.0138962342946128e-16
807 9.708095754624143e-15
808 0.6346991675101681
809 7.294745826308146e-05
810 0.14677482401030845
811 2.0738416363926567e-11
812 1.2805374051925863e-12
813 8.151709710933835e-11
814 1.90438834095777e-06
815 1.8352855901129094e-30
816 0.0026816078968672006
817 7.159754979874666e-39
818 8.784745857539259e-08
819 7.776120621805093e-08
820 9.032775799371026e-05
821 1.217026337941849e-08
822 2.7882753034728595e-07
823 1.9364143158552094e-32
824 0.0015282326644445918
825 0.005295642682450338
826 3.1140643592421984e-20
827 3.401673305626005e-26
828 8.486719164859799e-10
829 6.897479058204306e-09
830 0.030855754031031236
831 1.3362015758955253e-08
832 0.1336322170722922
833 0.0012483272186910293
834 3.443648768054498e-07
835 0.0009128521095059123
836 8.371777534617672e-21
837 0.23487620346203067
838 3.3721318528324173e-07
839 6.451393810497854e-08
840 0.006132524779195536
841 0.002360493088325779
842 0.38080337075285353
843 8.072973120474946e-07
844 0.002737796018556352
845 3.117312693668676e-07
846 0.03633248923340227
847 0.2173312711688698
848 2.601880057241073e-35
849 6.14925791605123e-28
850 0.09332892655978862
851 2.4475965329163035e-06
852 0.007057551355451151
853 1.1312101412214912e-06
854 5.58140929865046e-32
855 1.577565241476829e-16
856 0.03177874348041077
857 2.0683905672390981e-41
858 3.225006173179708e-35
859 1.7444136314586322e-07
860 2.008255306489737e-21
861 6.739806476652578e-10
862 7.185715320239557e-05
863 0.021253090720590322
864 0.0012300624025429663
865 0.005086837774870094
866 4.838218928175941e-23
867 0.002524274917409567
868 0.12342986555606968
869 1.1036965038572659e-16
870 1.0709933066249316e-17
871 2.725768946828824e-05
872 8.453924497752724e-16
873 0.0008677467801319591
874 5.39326026474915e-08
875 1.4510116140398758e-26
876 1.8286550210142355e-08
877 0.004076718325208745
878 0.026283674910764703
879 0.005181773458157935
880 0.019811201435857084
881 8.446396774177695e-07
882 8.500190721656582e-06
883 4.024001833985439e-14
884 0.0024150918025792494
885 5.2902155058075566e-06
886 0.005237570772992204
887 3.84181187821418e-11
888 1.1002303505542492e-29
889 4.985747195926171e-15
890 0.003926978829356035
891 2.160257709609549e-19
892 0.3090434570722599
893 0.0163916414436193
894 2.369269207063123e-15
895 1.9609532222521984e-19
896 1.2551452096301653e-14
897 0.009271015762289296
898 1.77399549722621e-18
899 0.11046161888633158
900 1.1308376408832023e-20
901 2.6746783514585807e-21
902 0.002919503347365307
903 0.23963200570238083
904 3.559548496644603e-22
905 0.06622076191232912
906 0.12118962083401597
907 8.291971330979195e-53
908 4.3299279220080325e-06
909 0.041269799953605496
910 0.0003244890907732057
911 0.022404720510948953
912 4.909196187194953e-25
913 7.140966876456738e-29
914 2.1946011779205567e-07
915 0.3329329066678798
916 9.333724947077295e-11
917 3.492550872036165e-16
918 7.524914103546523e-19
919 1.9204322224625636e-31
920 0.0180293201716085
921 0.00014021164153106243
922 0.019514098576113748
923 3.2208995011853907e-06
924 0.003490805412085867
925 2.1777761295426503e-33
926 4.503694427981934e-26
927 3.903455133221272e-17
928 0.00013398678597162727
929 2.593815599868348e-05
930 0.2926612376200366
931 0.00019549632995294097
932 6.993295993683699e-15
933 0.001185534009339634
934 0.6673184513718137
935 0.009503868432658269
936 1.0952751313847915e-09
937 0.05734997589485731
938 4.815011124899035e-30
939 4.5377441849728906e-23
940 0.00033343105074499314
941 0.00019772312911729153
942 0.5739548310702383
943 4.1409053340595903e-10
944 0.22038702290325562
945 6.376376927522537e-11
946 0.004103767176080517
947 1.662201169148863e-05
948 5.881211621855244e-10
949 2.0868842542636331e-10
950 1.2855676038035583e-10
951 0.0043186617601165675
952 1.1961208707880074e-06
953 0.7102515864494512
954 3.5936493500420385e-11
955 1.1202275749582134e-07
956 3.614019689880482e-06
957 0.21049217970080303
958 0.3347395609206082
959 2.2962238263010547e-09
960 0.03443660557426109
961 1.557381933711494e-07
962 0.26644945531796144
963 0.3074607813222477
964 2.0971898076348164e-33
965 8.803904770960109e-07
966 0.0029462486252643254
967 7.502510913058325e-20
968 1.0777406801496615e-22
969 0.4943186775700391
970 0.3217962887632531
971 4.553129120069471e-20
972 0.0021705612929634193
973 1.0669182482215977e-08
974 0.008781861273653874
975 2.553617296305047e-07
976 0.005585623255524794
977 2.5021006939518275e-07
978 0.016467869152487994
979 0.028843316572738503
980 9.945717932066244e-20
981 6.522937916446246e-09
982 1.4255737089575184e-05
983 3.895910550967349e-26
984 0.02547214546236488
985 0.0016804906983113011
986 0.0010101288602667596
987 2.8185699569025452e-06
988 1.0577041261157041e-21
989 0.6542630731208752
990 1.6130425595950645e-21
991 3.480705069623027e-06
992 0.3468544691378196
993 0.08014264938869503
994 5.610387847557652e-24
995 0.006613072311797891
996 2.02507852161543e-08
997 1.5349949195648792e-16
998 0.006549642581100232
999 0.020363850431983126
1000 0.6691289017492311
1001 5.379592757520649e-06
1002 1.572838783321827e-06
1003 0.3248620193606307
1004 0.5239848953329683
1005 3.1362170542962825e-14
1006 0.004584364874023599
1007 1.1449242389956878e-22
1008 2.1253407050730657e-13
1009 0.006035020473461479
1010 0.0003034198581603646
1011 3.1371940493991405e-15
1012 7.042696481862654e-25
1013 0.0005487659242328978
1014 5.485940540799544e-16
1015 0.0018402953081942167
1016 8.483371697218378e-24
1017 0.0003008196178275334
1018 0.00020522150995619067
1019 0.0008090794675428967
1020 0.3173897987500624
1021 9.909231825693112e-06
1022 1.5593647911048534e-12
1023 0.0002981931071856246
1024 6.041581102418063e-06
1025 9.92930422576282e-13
1026 0.0006354737156036986
1027 2.8483142146628264e-05
1028 3.180157881251685e-08
1029 0.5415430093317751
1030 6.146966460913921e-06
1031 0.5934165472699162
1032 0.00860893079322232
1033 0.006902208350871404
1034 9.029320505246591e-06
1035 2.1522668279575993e-05
1036 0.4428581907211194
1037 7.727618570284218e-10
1038 0.23128879098297636
1039 0.003564858647827107
1040 0.030410948451504074
1041 0.12591402817462735
1042 0.0010209538949632227
1043 0.08370295151675643
1044 4.5127742880011815e-32
1045 1.469706739149319e-15
1046 1.8738822532283613e-14
1047 0.7098636222446734
1048 0.0006280859106074212
1049 0.015128054341367807
1050 3.682557813618556e-12
1051 2.1881985489276124e-14
1052 9.733625276593684e-08
1053 1.3064893904183327e-07
1054 5.8492022236362935e-08
1055 0.000757087969651742
1056 0.04524389921496249
1057 0.015292431651788741
1058 0.003421570778430384
1059 0.0024349840618223453
1060 0.012402074844327825
1061 0.054164132657025146
1062 1.0197024338386734e-11
1063 0.057308984487106446
1064 7.131878979884841e-22
1065 0.010544036789985233
1066 8.078337115822385e-33
1067 0.003929994284178125
1068 1.4253870835656193e-09
1069 0.049561286813708076
1070 4.0314636560208346e-07
1071 0.04582842436385456
1072 4.41942071739508e-08
1073 6.806251186687048e-09
1074 0.08432555778919419
1075 5.770928337546562e-13
1076 0.013558264951400353
1077 4.978598819666735e-11
1078 1.491682951972038e-17
1079 0.008226864938628837
1080 0.015288717692875823
1081 2.633271158206827e-06
1082 1.4159628348353434e-13
1083 0.11713099177068861
1084 0.005872706394110666
1085 0.0038755609151790893
1086 0.00048800431827456886
1087 1.9854158453145014e-19
1088 0.7304508084631115
1089 1.1066666882645283e-08
1090 0.0008094555489172184
1091 2.1214101824472296e-06
1092 0.047512791844497484
1093 0.011905192300579558
1094 0.0009252987987381179
1095 0.014424470247646861
1096 2.7534004087341334e-08
1097 0.0779281749378109
1098 0.01262733684087413
1099 2.912995530989585e-08
1100 5.348280330047033e-19
1101 0.013353229863001498
1102 0.008855263095276998
1103 0.3019923267057643
1104 0.0009907861092947742
1105 6.188330514183731e-20
1106 5.803739782048036e-14
1107 0.003646338442583192
1108 0.14625329841376766
1109 4.161318088962125e-16
1110 0.005648083831144744
1111 4.599973742924264e-12
1112 0.0012685037091223
1113 0.006957574435167496
1114 4.0930942263006694e-06
1115 7.884192143926074e-13
1116 1.7250767109432483e-06
1117 5.403343125643681e-10
1118 5.477975058690032e-31
1119 0.6052916191789918
1120 1.3616030516249818e-11
1121 0.0070049152345820756
1122 0.030014181020892705
1123 2.4040657397515187e-09
1124 0.02618584835751105
1125 0.0018494371725837698
1126 0.0015421588149946317
1127 0.0054722774048451914
1128 3.2273608175269134e-28
1129 5.4307973873413805e-15
1130 0.002262939080924114
1131 3.2828239114178024e-12
1132 0.7376943898006187
1133 0.00030640284629162136
1134 1.6356390993538306e-30
1135 3.712066073654821e-07
1136 9.940710696306948e-06
1137 1.4272559307178235e-06
1138 0.010181940596316394
1139 1.8327012449342078e-06
1140 1.0776387320365892e-10
1141 1.9598930395700618e-25
1142 1.5108450371972248e-27
1143 2.238657512826533e-06
1144 7.564960613093866e-13
1145 1.4902415208071219e-10
1146 0.011145391057605706
1147 0.0007681025797357633
1148 0.02152644101408446
1149 0.0010861250851975511
1150 0.7639991505619204
1151 1.417977130994391e-05
1152 0.03212781174627157
1153 0.37722033438647223
1154 2.1278805942285903e-13
1155 0.00010318735602432437
1156 0.4099227154616333
1157 0.0045952375019310925
1158 0.13582142504073655
1159 0.0009465601019137981
1160 5.776991471700217e-18
1161 0.0075361682514986286
1162 1.1246764320282465e-10
1163 0.01317145951904469
1164 2.37957391101468e-06
1165 0.005051045471867032
1166 0.009775076579343818
1167 1.5572647695251096e-11
1168 0.102927227607431
1169 0.01702954222799081
1170 0.009735047719031126
1171 7.759066657027675e-08
1172 0.002054551465699463
1173 1.0041269480779658e-06
1174 8.782172362840732e-10
1175 0.7518784063312516
1176 9.126100690171023e-07
1177 6.478749471363162e-13
1178 0.001633437808657855
1179 0.07764461294310461
1180 6.154496520583957e-11
1181 0.0004712050479243412
1182 0.00011109594177528165
1183 0.1273626829976491
1184 0.04492175108313095
1185 0.00499728050937849
1186 0.08912218967131068
1187 0.19355998189184292
1188 0.16415211304592636
1189 2.5199152761668957e-06
1190 7.068763637537112e-09
1191 4.413042745397748e-05
1192 9.623028937169084e-08
1193 0.006553122564617021
1194 0.003031005963296973
1195 1.3344964192716125e-07
1196 0.009505982113907399
1197 1.0300385294330967e-11
1198 0.015006131719446912
1199 5.0225510704679015e-09
1200 0.00026804037306470596
1201 1.005543017120871e-06
1202 0.14735309523707937
1203 4.452294964453062e-16
1204 3.9628292307315694e-09
1205 0.38096019985787166
1206 4.559818590333469e-12
1207 6.833681464463219e-05
1208 0.005872289412584828
1209 3.754717669114285e-18
1210 1.5710277703109234e-06
1211 0.6209297590478037
1212 0.03500502377359826
1213 0.4501614289794387
1214 5.605365141804619e-25
1215 0.03129326477115228
1216 0.002380994497319617
1217 1.486784908512785e-25
1218 0.002005811473657353
1219 0.021315005757467084
1220 0.4914524512483903
1221 3.420392842919577e-07
1222 1.992845314895714e-09
1223 3.940015194957643e-07
1224 6.691345999342733e-12
1225 1.380341453145507e-06
1226 0.001822148915090069
1227 3.686938963886498e-10
1228 0.01275185870963948
1229 1.4718656623782734e-15
1230 0.17733799655747579
1231 0.04029540835140216
1232 0.1421438605465397
1233 1.929288633191838e-09
1234 2.0265708136172113e-05
1235 0.0013470700113335575
1236 1.0954565076024758e-23
1237 0.0238515724979852
1238 3.818373788382037e-07
1239 0.0007108444353726139
1240 6.38584253032125e-23
1241 2.750728835826759e-11
1242 7.986853465308814e-10
1243 4.4660606038906516e-06
1244 1.661802875494163e-06
1245 0.04676362036248911
1246 0.09551435712317133
1247 3.362937082498628e-05
1248 0.06173677153987091
1249 0.536086078806191
1250 0.007991986198031091
1251 5.139947133244612e-07
1252 0.07403863772897182
1253 0.0002620813817201218
1254 0.011002989105078173
1255 0.27635096673995707
1256 9.32616724432703e-11
1257 4.571965466655039e-11
1258 1.1830245429905082e-13
1259 1.0441896579176246e-08
1260 2.0700760008464593e-19
1261 6.412628799318246e-11
1262 0.152881762607956
1263 0.0038472022160605497
1264 0.5476267417194269
1265 4.2842074292734526e-11
1266 0.31432853801670624
1267 0.005656594915184125
1268 2.44163684849066e-07
1269 5.165981963438434e-12
1270 0.015527066362543399
1271 0.00047137161313158174
1272 6.578723930018803e-07
1273 7.37461535487168e-22
1274 0.014069902836727792
1275 0.0005410868761909844
1276 1.48760039102185e-06
1277 0.05731303314057695
1278 0.0041566692119834915
1279 0.009326038279837249
1280 0.0014561084993270478
1281 0.0031301638672688536
1282 0.01564664276603414
1283 3.230699207213337e-15
1284 1.5634497734869868e-10
1285 0.008734631002767277
1286 6.100393741983862e-14
1287 9.920196324177215e-06
1288 2.9489325429193595e-07
1289 0.024178915592608236
1290 0.014433412209185993
1291 0.0024480757707281506
1292 0.01139317763932035
1293 0.014858967696887508
1294 2.1309734734154724e-05
1295 3.272151218621554e-06
1296 0.009371237256811705
1297 6.4643729973648975e-21
1298 0.18949633877877475
1299 0.691050337021061
1300 3.326389090235431e-06
1301 0.11288651892936762
1302 0.07528932822847217
1303 0.07989235185891447
1304 0.00048126446479362136
1305 2.6815964780950802e-17
1306 7.451637238125239e-22
1307 1.058946499335146e-05
1308 1.9001777582251143e-07
1309 0.009824144914886658
1310 0.12476819705268266
1311 0.00365128732548845
1312 0.04678952368836743
1313 0.14108559402611368
1314 0.011534365633870957
1315 4.556132782108612e-07
1316 0.0002388305170502689
1317 0.00029215309926517
1318 0.7796534151118687
1319 7.623663341788173e-09
1320 1.5595006398249427e-06
1321 0.0004338359386339872
1322 0.0006485875289631343
1323 1.9228555694726906e-09
1324 0.0008244318303736063
1325 0.6464131488116659
1326 1.121131313105908e-33
1327 0.23903908323848375
1328 0.2084802869446875
1329 9.59034404254061e-08
1330 0.2790566622358985
1331 1.6214174474302622e-10
1332 8.574255171502202e-08
1333 2.600087405772579e-07
1334 4.455481561291908e-07
1335 3.6373451101281347e-06
1336 1.8296954830477966e-08
1337 2.018356437889023e-08
1338 2.070175430748713e-09
1339 0.001608659034771918
1340 0.24927315533268493
1341 0.3834501293123783
1342 0.4372132938140229
1343 2.2649314897340657e-06
1344 0.00017066873748270445
1345 0.6173427004204838
1346 0.5613069439664543
1347 0.20577988149136553
1348 1.897542395919065e-09
1349 6.430850890544074e-08
1350 0.1561565279298488
1351 3.0349943406945335e-06
1352 0.2799282044768694
1353 1.6334958321501326e-06
1354 5.3217764299164985e-06
1355 3.995945132941065e-14
1356 1.2455976487414088e-07
1357 0.3032744262489946
1358 0.04780826948893732
1359 0.10994600506620059
1360 5.0510593019433214e-11
1361 3.7899255109320676e-05
1362 1.1336682529616813e-05
1363 1.4685492269130265e-05
1364 9.454643182775491e-12
1365 1.1878765035023885e-06
1366 0.43691674034790645
1367 0.004350542873865981
1368 4.898644738660335e-17
1369 0.0004057369010628868
1370 0.016615898445646985
1371 7.097173536831642e-06
1372 5.730184923650939e-06
1373 3.417945591391336e-06
1374 1.2664737023825987e-05
1375 6.888642505487758e-06
1376 7.434783482993337e-07
1377 5.49237121503154e-13
1378 0.013643532113436975
1379 1.4326100887954001e-12
1380 0.21372803827146067
1381 6.379392842906217e-06
1382 0.10901017459174911
1383 4.73274836407064e-06
1384 1.4320660908961915e-15
1385 0.30303357854328034
1386 0.2866306532108285
1387 0.0009297348466025825
1388 0.29054526405127307
1389 0.005969394331374787
1390 0.0008383981213980928
1391 0.0003539432944645055
1392 0.005662296119951066
1393 0.0001931264261078377
1394 1.5301140069570712e-06
1395 3.162052166170684e-18
1396 0.0005856810923159998
1397 0.04534897986955039
1398 0.3960350372826476
1399 0.6553987713381626
1400 0.22671402286805775
1401 0.21871534592212222
1402 9.995238819179321e-05
1403 3.5074902603703314e-11
1404 0.000692166270333724
1405 6.753635692118799e-06
1406 3.228020166065524e-06
1407 0.002443792030994428
1408 0.021286189976282482
1409 0.001505959413193796
1410 9.540852862113283e-08
1411 1.2318550900240278e-08
1412 0.039399418958294484
1413 4.0499817276202446e-09
1414 0.07466078449935021
1415 1.3713546599595182e-13
1416 9.43272203160571e-09
1417 4.881797982520524e-12
1418 5.337818334822044e-08
1419 1.6042532676392732e-11
1420 1.3917360303272111e-06
1421 0.013617654406292767
1422 2.1806848345130512e-06
1423 0.16688226123235084
1424 0.008183222082097536
1425 0.00040786979873756035
1426 1.3813170483632538e-20
1427 0.004833901195435003
1428 2.7021406765101437e-09
1429 0.0036199442235009902
1430 0.5738010544973906
1431 6.2981711089562535e-06
1432 6.15573813989999e-07
1433 0.007255188998677737
1434 0.002560836605577798
1435 9.794888038139504e-07
1436 0.0001970608853276608
1437 0.02781997349449392
1438 0.0678639677573947
1439 0.06232153755607474
1440 2.1354045595189912e-07
1441 0.00022138308416788037
1442 1.6581660576475207e-07
1443 4.974199124780145e-06
1444 4.255527869634517e-10
1445 3.992248671725753e-05
1446 0.03701954959550508
1447 1.2536321178601369e-06
1448 1.2827526014889221e-09
1449 1.6155216630891848e-05
1450 5.644923933300245e-07
1451 0.026607035258328707
1452 4.518900822313216e-07
1453 0.010144522719247206
1454 1.7239362649031196e-06
1455 2.1006560799902838e-11
1456 0.017812931121673953
1457 0.0011014856383014747
1458 0.028689774540813482
1459 0.0006632587457831772
1460 2.2997550520930737e-06
1461 0.027455464128469106
1462 0.02452714733761482
1463 0.17495549803900834
1464 0.18197714174639945
1465 6.60755949246928e-05
1466 9.945314954385266e-11
1467 1.1791734112361567e-05
1468 3.298409587963784e-20
1469 1.1130900870771966e-08
1470 0.0003010734342345877
1471 4.616675828407502e-16
1472 0.024625971920341487
1473 1.2045153528459715e-05
1474 5.315625564160813e-05
1475 0.00037589536508429846
1476 2.929128127955473e-09
1477 5.2216865207471665e-08
1478 1.3224557226091077e-06
1479 0.024458751029707067
1480 5.316942160265419e-11
1481 2.359028134108756e-06
1482 0.017707807813531203
1483 7.405787352793361e-10
1484 1.1587394945209718e-09
1485 0.01413159535956503
1486 7.019441670978009e-13
1487 4.1646248319889445e-08
1488 0.05491610206191396
1489 0.030699884974267323
1490 1.325440610835405e-21
1491 0.0008850045139632761
1492 0.001512131152330779
1493 0.06902816558900532
1494 0.006639153098142196
1495 1.091390159100501e-06
1496 0.02135411880973342
1497 0.0011790468824293334
1498 1.5948680293283131e-12
1499 0.000250139207680227
1500 4.755367181754468e-08
1501 0.0638375011783262
1502 5.005035390526642e-10
1503 7.133114431019352e-15
1504 0.011219188096105795
1505 4.1923153987337844e-10
1506 0.11868765832577534
1507 1.7596886634598003e-06
1508 1.5669518864710385e-05
1509 3.412173323501128e-07
1510 0.019846737402817612
1511 0.021587659752419185
1512 0.0028018793317307043
1513 0.0021126451009364235
1514 2.6379242821867044e-09
1515 0.015304483157502935
1516 1.0034837041953271e-11
1517 5.485406815686005e-06
1518 1.3335683188702256e-05
1519 0.0041488460003003425
1520 1.3940854569851737e-05
1521 1.4711798610129574e-06
1522 1.0868104740949757e-11
1523 0.007087758502951048
1524 8.500344690526054e-06
1525 4.467553762353011e-06
1526 7.363664807192269e-07
1527 0.002602803384212587
1528 1.4358107106731284e-11
1529 7.00557163280227e-21
1530 1.1028562797582751e-05
1531 5.4159539660576384e-08
1532 7.934758066066508e-14
1533 0.010888745837920773
1534 5.020480147234621e-06
1535 1.8692513708554766e-10
1536 1.0062996086499768e-14
1537 9.70266047098641e-18
1538 0.012428811419222814
1539 0.005996278252414059
1540 0.09603407631961547
1541 2.3946808873813007e-09
1542 0.06925185432815884
1543 0.23165069258311285
1544 5.748894020393737e-11
1545 0.0007757925093008374
1546 0.19260917485723045
1547 1.4177918025647685e-09
1548 2.1665664592090673e-06
1549 0.02697235096790551
1550 2.4794569350682275e-06
1551 1.836211731659209e-24
1552 9.348586689844475e-06
1553 2.9684599727224446e-13
1554 8.70667927011539e-05
1555 2.7419174284566948e-11
1556 0.003700512186138396
1557 1.7104626412226922e-14
1558 2.0562282722337445e-23
1559 4.822678335739887e-07
1560 0.16498237671746235
1561 4.918218577673333e-10
1562 3.3489052714964457e-08
1563 5.0732592965785826e-11
1564 3.6870471951237715e-10
1565 7.210586889428346e-09
1566 1.010479432368236e-06
1567 7.612564430837184e-09
1568 4.082028693503643e-24
1569 0.0007164944962050271
1570 7.032163763104996e-10
1571 9.117327489200106e-06
1572 0.0010844284477531875
1573 2.2437050839515216e-19
1574 1.372697059499376e-07
1575 3.360860183808482e-06
1576 0.036015729642557066
1577 8.877368475036844e-11
1578 7.039705125248278e-15
1579 8.710897788717655e-12
1580 2.6890613126066e-10
1581 2.2656628650147686e-10
1582 0.025236148102615652
1583 6.549443963662574e-10
1584 2.042750457927769e-12
1585 0.006697880094811883
1586 1.3656471126287469e-05
1587 0.005937838171684651
1588 3.563689669482742e-09
1589 0.01381838187757488
1590 0.0022871219367491
1591 1.1185897791485301e-10
1592 4.579050536131396e-12
1593 8.681581708938437e-05
1594 1.5684376828269453e-05
1595 1.587102473633977e-11
1596 5.019307774014609e-14
1597 1.7599721005314e-08
1598 2.1533517739455816e-07
1599 0.04179890380697761
1600 0.001966080896191207
1601 5.994283736690007e-07
1602 1.5635906473250674e-05
1603 5.148530487579665e-21
1604 4.0783968361994293e-10
1605 1.1588672747096534e-06
1606 5.277946924322616e-07
1607 0.0009107282751940299
1608 1.1537459643036633e-05
1609 0.5020994010835881
1610 0.010972274034685847
1611 8.552303974996421e-10
1612 1.9016620051070888e-05
1613 1.6445403286071553e-08
1614 5.050171125043406e-10
1615 9.258679670621105e-07
1616 0.0003229616748867408
1617 1.31667048665753e-05
1618 4.21574344381892e-08
1619 7.949177239352658e-05
1620 0.6821991056102567
1621 6.970531737255038e-11
1622 8.975859684293625e-10
1623 9.892738695884072e-06
1624 0.007142400413093997
1625 3.679936549594507e-11
1626 0.00642101525521984
1627 9.230641715850014e-12
1628 1.5714047011565265e-08
1629 1.8951473660310539e-06
1630 1.806739420815832e-08
1631 1.0750510228383215e-15
1632 0.0008378221932280102
1633 1.3463929407139113e-05
1634 5.251536396397674e-07
1635 0.00016850456585743755
1636 9.398220794454176e-06
1637 4.5018965454353575e-07
1638 6.253677571291112e-06
1639 0.0003695154341897027
1640 2.372606364006609e-10
1641 1.9125016041663182e-10
1642 2.8163201014925495e-09
1643 7.0849491628109645e-06
1644 1.4942556141478616e-06
1645 2.3739120698708092e-12
1646 1.0101926509149884e-06
1647 3.263584367385149e-12
1648 0.6948921044652163
1649 1.1072093882625662e-07
1650 1.314029524810818e-06
1651 0.002815869946121813
1652 1.3009839757973164e-05
1653 2.0663556738060457e-16
1654 5.599462235564631e-20
1655 3.0251072623092665e-06
1656 1.1961170075545422e-17
1657 2.6838942136001897e-10
1658 0.04964394488267143
1659 0.008891619456914116
1660 9.435840151856752e-05
1661 1.955573552025181e-05
1662 3.208087681207584e-05
1663 0.00014662510298828367
1664 1.3185554811682747e-13
1665 2.3181716718426423e-10
1666 0.07738834556963314
1667 3.094687367538561e-10
1668 2.8768129008426896e-10
1669 2.4729537853890985e-10
1670 2.4803239369099482e-05
1671 2.9005784324441575e-10
1672 8.781423944286734e-07
1673 6.406454116044804e-05
1674 2.4163535019257305e-10
1675 0.07443396004423412
1676 0.002740153024299098
1677 1.5176192671037562e-22
1678 2.8971052643922275e-10
1679 3.3179619867168976e-10
1680 2.1462539622476683e-10
1681 0.6566313587126287
1682 5.484485081558445e-11
1683 3.301364141239682e-06
1684 2.7946331925399976e-10
1685 4.313932877284227e-09
1686 6.91912788736664e-08
1687 1.238994241255307e-08
1688 1.5920586487769297e-10
1689 1.9509381232017732e-10
1690 9.545151075624837e-11
1691 7.593475622118391e-09
1692 2.6672414734495672e-08
1693 1.1766694279672987e-10
1694 6.806164741330346e-11
1695 3.9044128512537647e-10
1696 0.0038123274082493544
1697 0.025634935435209897
1698 2.6655617389368505e-07
1699 0.0003508059815516795
1700 0.00019570472300495486
1701 0.029911719554928558
1702 0.0007581848691135473
1703 4.437982226844601e-07
1704 7.324842988209948e-10
1705 3.436134750644277e-05
1706 0.012139267908592846
1707 0.0069163491818607
1708 0.5772539840999358
1709 1.3487416887586984e-14
1710 0.1639914338401136
1711 5.990777544992834e-07
1712 5.480843895327435e-27
1713 0.0005699263725694845
1714 7.957807864361576e-12
1715 3.940720704197966e-06
1716 0.47284132566498754
1717 9.572290899446311e-08
1718 3.562144775552523e-11
1719 0.0009080960716294078
1720 2.520348361066318e-15
1721 1.2798031457010736e-06
1722 0.11196940475104225
1723 5.230202788231442e-08
1724 9.937310149358445e-07
1725 5.674812664454378e-06
1726 0.36077651425538837
1727 7.437719978069081e-06
1728 5.399260441715926e-16
1729 0.002187486423545814
1730 3.9932260459852547e-07
1731 0.004642990955698183
1732 7.433010475524349e-16
1733 1.285799739187208e-06
1734 0.004104399272911329
1735 1.1274343702880552e-07
1736 1.0828703816878593e-05
1737 0.14811644513383895
1738 4.8316172109956135e-06
1739 0.19282391173985966
1740 0.15142699051833777
1741 1.4236664149735871e-08
1742 0.24459836450368355
1743 0.0033340972337529114
1744 0.009616355230759856
1745 0.5394069151616933
1746 2.8564420085104486e-07
1747 1.183781701187595e-08
1748 1.160212188948116e-06
1749 6.14809188504421e-06
1750 0.00031800881033288255
1751 0.25680164292674046
1752 0.03839138778642067
1753 0.02407600087872039
1754 5.475107568294254e-08
1755 0.6647709100415221
1756 0.00116778324088687
1757 0.03422471448939979
1758 0.0057951051751741565
1759 6.764831518690071e-19
1760 0.21357606815898353
1761 7.583920515313498e-07
1762 1.282705390242878e-09
1763 0.0007060609325818333
1764 0.7612783769408228
1765 0.07164067979710699
1766 4.835041481757808e-08
1767 0.038405948275410565
1768 0.16998672487473218
1769 1.8051923329745522e-19
1770 7.805907564364332e-31
1771 1.387616530796038e-07
1772 1.5991708370562617e-06
1773 7.573312241885239e-18
1774 9.519159810472318e-07
1775 0.8062987820611794
1776 2.27672157328915e-15
1777 2.464386180153326e-09
1778 4.443786456455694e-06
1779 6.710009668951558e-06
1780 0.22837542873486977
1781 9.104341595910517e-05
1782 2.9939827538666752e-05
1783 3.6948996010475244e-08
1784 0.10499820175867453
1785 4.631621208205967e-06
1786 0.0008306520659847401
1787 5.066694484046942e-07
1788 0.015426790522049094
1789 0.5244546370043179
1790 9.885011705738234e-06
1791 1.841107108303429e-05
1792 1.3930851952628854e-06
1793 7.897456469649869e-11
1794 0.0109387915605757
1795 0.7924665454314662
1796 4.2150920925717014e-05
1797 2.2147534604333577e-15
1798 1.5027569408054993e-18
1799 8.784470537651205e-07
1800 5.0407173126548405e-08
1801 0.01444039132821803
1802 0.2008895212075901
1803 4.5991297087518796e-08
1804 0.005914586355304484
1805 1.5297356272936044e-08
1806 0.2774672238337005
1807 3.936466423785736e-08
1808 0.00017747604036502136
1809 1.6156558730927287e-08
1810 2.4708243725366576e-29
1811 0.6971760767263574
1812 1.4275960666257422e-31
1813 0.2543803820283516
1814 1.1782233127392832e-09
1815 0.7195151848812356
1816 0.26307589652243896
1817 0.007799357794341324
1818 4.6092141466920025e-07
1819 6.907258865562334e-11
1820 9.900851956294275e-06
1821 0.0012487065961728047
1822 0.06758798960682583
1823 0.0010464906967893985
1824 0.00037745445805466483
1825 0.30717110387555474
1826 8.971793038223531e-07
1827 0.25889029091711324
1828 1.2271808455918066e-05
1829 0.2298881275116907
1830 8.257885538285746e-05
1831 4.6692875463890755e-09
1832 6.693450075887219e-10
1833 0.3385927817956927
1834 0.021750372416195814
1835 0.25588130189157987
1836 4.860156791264293e-06
1837 5.583971094060304e-38
1838 0.05278370844907623
1839 3.0320618131412457e-14
1840 0.046105356371208994
1841 4.933405654320547e-08
1842 0.11186752095106761
1843 0.0020719995967790525
1844 1.5024633691551703e-06
1845 0.19138788454273736
1846 1.7969901287270737e-08
1847 0.6008767611199293
1848 0.00011830030841325746
1849 0.34586463299595166
1850 0.042241475720441804
1851 1.1775900503729455e-10
1852 0.4059134362289964
1853 1.2280658479910231e-11
1854 7.791785457188304e-06
1855 5.585417239977706e-08
1856 8.229023446857696e-10
1857 0.0002408520952829805
1858 4.604819546974557e-06
1859 0.018686726607954857
1860 0.004755366793368824
1861 1.4443497999866213e-14
1862 1.591214094202727e-06
1863 0.002967668343385707
1864 0.0008356892656099969
1865 8.214311871175858e-09
1866 0.0035405331650332343
1867 5.976212057505479e-08
1868 1.6166149423134016e-07
1869 5.770646176188744e-07
1870 4.054479984108353e-06
1871 0.025097033084745125
1872 0.3220701325798881
1873 0.15404450610499176
1874 0.22222300954200716
1875 4.899966377878668e-13
1876 0.05582023977797527
1877 0.002253380733025881
1878 0.031153112920974172
1879 0.013353818430518236
1880 0.003946222256173393
1881 1.4399535947150987e-06
1882 1.3956872000866553e-06
1883 4.970904081852598e-07
1884 0.07074656147070581
1885 0.4608053425148817
1886 1.1242054171833157e-06
1887 0.2737454430270443
1888 0.0020563839105393277
1889 1.4045871611488273e-06
1890 0.000847158950079199
1891 4.157272047750833e-06
1892 0.0001292626378035567
1893 1.635403735607749e-11
1894 3.427010573843076e-18
1895 0.01805784441834424
1896 0.0005567959626874432
1897 3.766424299436538e-09
1898 0.02754438966028745
1899 3.880945966762536e-06
1900 1.8327208426111998e-06
1901 6.856307611290899e-08
1902 3.4073905414370322e-06
1903 1.0693975168012806e-07
1904 1.698427726554894e-06
1905 8.674174594937772e-09
1906 1.9334274963055925e-07
1907 0.4259165844161946
1908 0.025246965422585112
1909 4.536624769649973e-08
1910 0.616183052891399
1911 8.960408260624892e-06
1912 0.03398513365346364
1913 0.02982932772829765
1914 0.0002541966591868968
1915 1.6786177797420815e-07
1916 1.892514574491031e-06
1917 0.027453582648647844
1918 4.062993308599493e-23
1919 1.4370326370294492e-08
1920 1.2983291805299679e-14
1921 0.01552345373957264
1922 0.01414244855581788
1923 0.3244752201462198
1924 0.2088844875305604
1925 4.101048708137185e-06
1926 0.00022488188845545286
1927 1.53706079998582e-05
1928 1.6260501447888223e-06
1929 1.031412614936398e-32
1930 0.003959055928202939
1931 1.22257028185444e-07
1932 4.701053830298342e-06
1933 4.800559760589194e-06
1934 4.377501462431441e-06
1935 1.2663679024884793e-18
1936 6.556696422043172e-07
1937 3.949426415811348e-07
1938 0.1859329786213481
1939 0.05431422640661535
1940 0.00267328624867623
1941 0.01822182811207419
1942 0.001214559594056297
1943 6.010969535579609e-08
1944 0.28541903843948885
1945 0.04134052308801331
1946 7.63024306878281e-06
1947 0.02198523809945718
1948 0.002768408606480012
1949 0.01140297181910643
1950 0.10349071013981838
1951 7.412856291296519e-05
1952 0.016072222907210006
1953 1.7470459989946342e-08
1954 2.997792051282714e-08
1955 2.691998036738012e-07
1956 2.8436260810394894e-05
1957 0.0005916198982944377
1958 0.11272626450590943
1959 5.753416107976372e-23
1960 1.271954879604239e-05
1961 0.038892862716072334
1962 1.1171551644513876e-05
1963 0.0033105697545696574
1964 0.0004543916009292433
1965 2.2313597429308623e-06
1966 6.899656184536641e-08
1967 0.14230354698288264
1968 6.881912360630339e-08
1969 0.6489932036061261
1970 0.00024516250471114207
1971 0.06357232641601321
1972 0.13885141420303332
1973 0.01504265775583012
1974 7.589887509154594e-08
1975 0.00015044150035755977
1976 0.029233044247706945
1977 3.303447583406461e-06
1978 2.2868661448043512e-05
1979 4.188100548804528e-09
1980 3.5099691135326464e-06
1981 1.0313854850743066e-06
1982 0.0007550989596891094
1983 2.0441647691499526e-44
1984 1.5200027523167652e-08
1985 0.20756722252823162
1986 0.6170002438199256
1987 1.706627518037944e-08
1988 0.48397418060324093
1989 1.8427494757798605e-07
1990 0.634447267668894
1991 0.03162090214947654
1992 4.941339794679799e-08
1993 0.016760902223912508
1994 0.09335698332953582
1995 0.0012394039668046687
1996 0.0007567025141231565
1997 0.3860507837817379
1998 4.2525164488099665e-07
1999 1.3746585927595017e-07
2000 1.4834035853228254e-07
2001 0.5767728861542665
2002 1.6322498109846072e-07
2003 0.4886721980072994
2004 3.705833263248371e-05
2005 0.730899961574082
2006 0.0071672670889928805
2007 4.410628470872278e-09
2008 1.8343533297207197e-07
2009 0.016967711654583655
2010 6.786269336365989e-07
2011 0.00033846004685970243
2012 4.227869464742549e-10
2013 2.343580654131196e-08
2014 2.6488527003531386e-10
2015 3.855628086439593e-06
2016 1.1380907449834984e-09
2017 1.2417689238880836e-34
2018 0.00116877293943043
2019 0.8031987922790342
2020 3.8495056021130395e-07
2021 0.2845218479064571
2022 0.0009646926384205974
2023 0.09313862523240832
2024 0.004823687251290202
2025 0.0018298372831717982
2026 1.9316770555675802e-16
2027 0.33042681014357983
2028 9.359262739625434e-08
2029 5.079592290151765e-07
2030 0.0017848029447465193
2031 3.635978554108587e-08
2032 2.9962958328122315e-05
2033 0.002916324955870889
2034 0.08655892681906047
2035 8.311101131708326e-09
2036 3.161332906881885e-05
2037 0.2687691679843727
2038 2.8086357956254483e-05
2039 7.340019077677339e-05
2040 0.00033359988263500064
2041 7.0702461532460905e-12
2042 6.593164975079187e-05
2043 1.2755091860026554e-06
2044 8.271597065005698e-05
2045 0.3760176162132172
2046 7.866112504700559e-05
2047 7.033563047611549e-07
2048 0.0017816996517380124
2049 0.00012177928293737047
2050 3.703543338411067e-06
2051 3.251570654078781e-21
2052 1.7233811094279696e-06
2053 7.307272249451286e-05
2054 0.8182990223219865
2055 0.19545195467651869
2056 3.0083418422993166e-07
2057 1.555543571591876e-07
2058 8.960353936291041e-09
2059 1.3899161287059237e-06
2060 7.894710323281418e-05
2061 1.3886214107930695e-07
2062 1.592644385277811e-07
2063 2.74533913240732e-05
2064 0.12516699152033295
2065 1.1922935801965455e-06
2066 0.3968918181189686
2067 0.00014664183546951126
2068 0.008897161659767392
2069 0.012499108736741961
2070 0.008139682387387695
2071 0.07482469959576687
2072 5.066219881260477e-07
2073 0.00016292016529100107
2074 3.52400384244938e-08
2075 0.010640462991696907
2076 0.1196165129212942
2077 0.0011689096872985786
2078 6.554329156082157e-12
2079 1.6750279118242899e-06
2080 1.4573430567645725e-06
2081 2.419777694597726e-06
2082 1.7545076594108907e-20
2083 0.771848652179785
2084 1.632975898505156e-15
2085 0.00037862913243922556
2086 0.0005607469952827051
2087 0.3842733443747134
2088 0.04403580276612958
2089 3.3349610400199984e-06
2090 0.0017265907222803565
2091 3.0373845464537314e-05
2092 5.887807106575937e-07
2093 2.14082534235426e-06
2094 0.0003393670146341938
2095 1.430969781218143e-07
2096 8.493647473465426e-07
2097 0.0003123002629100136
2098 0.00048690809625086034
2099 0.004436874660806613
2100 5.938614730869917e-07
2101 0.02004258270058764
2102 3.518438478413412e-08
2103 1.489844081888219e-09
2104 0.0006314009572410418
2105 1.1673188991773805e-08
2106 0.04901789798092462
2107 0.21484073390755387
2108 0.08936396144698519
2109 2.2258590589509906e-05
2110 0.0033869980589202597
2111 0.15186510170697234
2112 1.514698548514594e-40
2113 2.331251539698162e-05
2114 0.29876410558056826
2115 0.6718392945006185
2116 0.008007918922216636
2117 0.34021690508689445
2118 1.1935705381640544e-12
2119 2.5790752631560603e-18
2120 0.0006690386481642112
2121 0.0015077766052494549
2122 0.0006233696196363299
2123 1.4304275879167552e-07
2124 2.002158048970953e-21
2125 0.14436060284052904
2126 0.005524834410407404
2127 0.000880352599591511
2128 8.660322183805981e-05
2129 7.478729708467972e-05
2130 0.030570265908253673
2131 7.9764838791931e-06
2132 0.24031686530465052
2133 5.0004835604736153e-11
2134 0.014275706278143379
2135 5.603075616772882e-26
2136 4.12894621727959e-09
2137 1.3310152511919942e-11
2138 0.008679573976821394
2139 0.42435214936470317
2140 6.059589935040468e-06
2141 0.0021547492563317515
2142 0.015144503400734425
2143 1.031477665970584e-13
2144 0.014309151106547744
2145 2.740134516042579e-07
2146 0.0003154835411333647
2147 5.0504153297033904e-52
2148 1.3731997110523178e-08
2149 4.257187865348484e-10
2150 2.531630608010084e-07
2151 6.928219278977722e-08
2152 0.3480113265453756
2153 0.015204302436722522
2154 2.8160746745910206e-05
2155 7.628487797237982e-07
2156 0.00024284427810152362
2157 0.23247595650575523
2158 0.2725108151710759
2159 0.003859719169991354
2160 3.920027874514387e-07
2161 0.049258105371069415
2162 2.3339408787612804e-10
2163 1.071423126805587e-09
2164 3.418115771630409e-07
2165 1.6220292560811935e-05
2166 9.095770245312303e-08
2167 0.14011880963647258
2168 0.06077019326672712
2169 0.35333241604077786
2170 0.0014901878161799503
2171 2.1964811053367213e-08
2172 0.04621102038704939
2173 0.006429498949435883
2174 0.0007456392497974209
2175 7.602067446101415e-05
2176 0.07180313715931419
2177 0.0027437339478753246
2178 3.6478945111634786e-07
2179 0.09855906873223813
2180 0.0005881701268274833
2181 0.4422507597289546
2182 0.538052228685694
2183 2.2953577361168364e-06
2184 8.078485067958534e-13
2185 5.48944141430619e-07
2186 3.775530215679525e-07
2187 7.660014026052453e-05
2188 0.021210290755252995
2189 0.29709060793357894
2190 0.08236636926087834
2191 0.00017745396125170892
2192 0.005904822664422534
2193 0.1741285784003427
2194 0.007836462932022533
2195 5.479069138102077e-17
2196 1.7650766662381157e-12
2197 1.3997239594597083e-19
2198 1.3437081271025188e-07
2199 3.8056632745445143e-07
2200 5.002364931367573e-07
2201 0.010783565982468065
2202 0.05811413385788641
2203 0.0007772922556658513
2204 0.002425328044848241
2205 0.002172993392677633
2206 3.4718886830846004e-05
2207 1.0674190211653333e-14
2208 3.4852686604727495e-07
2209 1.6712620967532008e-15
2210 0.32383378449308553
2211 2.1505655624966603e-07
2212 5.484293025002264e-07
2213 0.012097942103422627
2214 0.00025972816370400443
2215 0.043454938546722555
2216 0.19595580950494895
2217 6.238459998355415e-11
2218 1.288984233235591e-30
2219 0.0019678632401001297
2220 7.098441121517873e-09
2221 0.010249732093694858
2222 0.11352314599126802
2223 8.706551534047314e-11
2224 0.027087208500604566
2225 0.020800232145854677
2226 0.01712400462593057
2227 1.1837360509654473e-30
2228 0.02653696286998833
2229 0.39558991395139764
2230 3.32189751283613e-06
2231 0.1526923885638903
2232 0.19769970495738234
2233 0.03268963641600076
2234 2.8872176685975407e-07
2235 0.0007909964204757908
2236 1.1489433515965733e-07
2237 6.467590760711859e-42
2238 0.040991465756373704
2239 2.439640974297359e-07
2240 0.03366261494312576
2241 0.016495278942362027
2242 0.03763450595232212
2243 0.03998205576296621
2244 0.025712434285295196
2245 0.036523898831916674
2246 0.032245637269335964
2247 9.01468233447023e-14
2248 9.993189681003419e-17
2249 0.0006759183472191568
2250 5.709492420683193e-06
2251 0.0003073047188269825
2252 0.0005459642734517455
2253 0.00014896387413166368
2254 0.036185402809486907
2255 0.024913231069652573
2256 0.03995014472368244
2257 3.2730169917749093e-07
2258 0.07077290964298917
2259 1.8473603147935823e-35
2260 1.6760124246934537e-05
2261 0.025111846732890745
2262 0.0004946416396225804
2263 0.0519782072502885
2264 6.237201703470453e-08
2265 0.0017787928830959982
2266 2.8594020535676015e-07
2267 3.83785102286515e-05
2268 0.2659465741017172
2269 0.19823286686426392
2270 0.001080119118707894
2271 3.047704704014692e-07
2272 0.003807975577756493
2273 2.957061580472385e-07
2274 0.08688899541668015
2275 1.9035675802955998e-07
2276 0.0003251454496365513
2277 0.0006743706758836789
2278 2.407702925524078e-07
2279 1.4647859249486891e-07
2280 0.15948406607635693
2281 1.1019389933858676e-10
2282 6.23020540428952e-16
2283 2.1214573450671706e-10
2284 8.441366652939604e-05
2285 7.031571051519025e-07
2286 0.026372226224808663
2287 0.124548350903838
2288 1.0437032250770998e-12
2289 4.933267244358143e-13
2290 0.2678380251987442
2291 2.599704054324673e-07
2292 0.09718747158446864
2293 0.12037988144851232
2294 2.5174985886045167e-17
2295 0.0030555718680977746
2296 2.8192723068570026e-12
2297 3.4049887142143114e-10
2298 0.03267317382408826
2299 0.0020993977909135675
2300 5.6763693741854836e-12
2301 0.3558521187553374
2302 2.0580963000397157e-16
2303 0.0016147457355133097
2304 0.8126158405194799
2305 0.1350926337235651
2306 2.2698031427681312e-17
2307 1.6350896814619046e-06
2308 0.12659778565228044
2309 0.6224426089607863
2310 0.06352988910989237
2311 2.061287394642283e-07
2312 1.0206124343431813e-17
2313 0.4581334296995999
2314 0.03337146441750516
2315 0.008946915151830654
2316 6.463564434366423e-05
2317 0.0011994874495484037
2318 0.03218858037695369
2319 0.02661824546098419
2320 2.783360826931313e-07
2321 3.269768102074673e-21
2322 1.5203042132249615e-11
2323 2.3256508954730637e-07
2324 0.16248822439499147
2325 7.652294485641383e-13
2326 2.2579519434120333e-07
2327 4.0204857438593097e-07
2328 1.254812686350902e-06
2329 7.410078972131156e-06
2330 0.001887332640856053
2331 7.095567892149085e-12
2332 0.5923137047448284
2333 1.889549314001742e-07
2334 0.00036993857832501976
2335 0.498577578905657
2336 0.21868339300754278
2337 6.27789501634955e-08
2338 0.016289745257851544
2339 0.7840826773658726
2340 5.629073649663903e-08
2341 1.431421631043483e-26
2342 0.0027848200906982097
2343 0.00046777975604133385
2344 1.6411008480643276e-09
2345 3.5189286749364008e-06
2346 0.04343977394468836
2347 4.974888250863523e-17
2348 0.0002911319272662165
2349 5.044308461972726e-09
2350 4.860123459237375e-07
2351 2.6155561432120245e-36
2352 1.9443352107050248e-16
2353 6.124076797677056e-11
2354 0.07538683729783456
2355 0.008958504809454588
2356 0.048988982349371296
2357 1.69443377008993e-08
2358 7.211224406662982e-08
2359 0.2468323892099765
2360 0.020853796109282865
2361 1.2477870912900738e-10
2362 3.1329024162537764e-22
2363 2.0100630361543737e-15
2364 2.1548648069121575e-05
2365 0.004851539110252228
2366 0.0002704697869932978
2367 0.012528219853655263
2368 0.08916472504274178
2369 6.217983524638746e-17
2370 6.64176555028493e-08
2371 1.0229760066571534e-10
2372 9.603132801588201e-12
2373 0.027829294439307185
2374 0.011170561341550237
2375 0.00020696815777104964
2376 8.241307233673031e-16
2377 0.005019327716531985
2378 0.0046870188013212076
2379 0.0003161623338503199
2380 0.022018099028819384
2381 0.1614201492753208
2382 0.047186764163641405
2383 2.9232722368671e-17
2384 1.9028393088589077e-15
2385 2.427207447866988e-16
2386 9.601474091153175e-08
2387 0.0060330946845252595
2388 0.0077522611011802516
2389 0.0014689384634494526
2390 0.012257399595955282
2391 7.802643022436616e-09
2392 0.5505168702958877
2393 5.3722656666347845e-09
2394 0.0036482778784047674
2395 1.9763155642022932e-22
2396 0.008129744366089537
2397 4.000473855772289e-06
2398 0.004504584234384248
2399 5.665452150604131e-23
2400 0.078440206724112
2401 1.5119006115453397e-12
2402 0.14799566146152748
2403 2.844698746786853e-16
2404 0.04163485689526438
2405 4.455242360385718e-15
2406 0.38180074469741354
2407 0.002647177532980883
2408 0.3698506894330276
2409 0.10158004571193091
2410 0.0071669728491878
2411 0.0646626094000112
2412 0.4505085013123943
2413 6.326794418156785e-08
2414 0.011881603113292494
2415 0.10670453825671367
2416 0.006041348116704534
2417 3.70629542721256e-13
2418 9.39486281381981e-05
2419 3.293521615422629e-14
2420 3.8184910868390193e-05
2421 1.8952674407014e-17
2422 0.006825475458630371
2423 0.0078976886578424
2424 0.49768918578279686
2425 0.4518706793917351
2426 1.8006691691945325e-16
2427 5.389713757594059e-12
2428 4.0019726628475364e-05
2429 1.763216608984115e-24
2430 0.009167220655978862
2431 5.294008644200187e-21
2432 0.007216541476498969
2433 1.1667510452159e-22
2434 0.5026908790477007
2435 7.129474183765117e-46
2436 8.151728630572007e-17
2437 8.272914669158562e-08
2438 0.007198964192779473
2439 7.448225452356434e-05
2440 0.0047902505386881785
2441 0.01246154373251995
2442 7.001931748472158e-08
2443 5.647087573631834e-45
2444 3.5702248838170804e-22
2445 1.7753017864997775e-05
2446 0.17002624490467277
2447 0.016452755272465064
2448 0.471090798798156
2449 1.302344478523743e-07
2450 1.3103134863922483e-11
2451 0.40007231043082697
2452 0.39702293195005794
2453 1.5377008319521514e-27
2454 4.451895276256243e-14
2455 0.09515468555234181
2456 3.3624533692943306e-08
2457 1.9788417842297372e-13
2458 5.356252052597297e-22
2459 2.8813404412313255e-09
2460 3.416831258047371e-08
2461 0.5727749179611968
2462 4.325493898871432e-06
2463 1.3622616310956702e-06
2464 3.599981022589688e-15
2465 0.005945701246516529
2466 8.801808214164206e-29
2467 2.451986851010397e-25
2468 2.2915992933764673e-05
2469 0.2838033210202219
2470 7.946385026073667e-13
2471 1.0353221148409445e-24
2472 4.5394677977223085e-06
2473 0.001256808319662792
2474 0.005898979009403189
2475 2.043683013876222e-31
2476 5.8059483304053775e-08
2477 3.51457418587956e-12
2478 0.03360417527199363
2479 0.044572791525345316
2480 0.12384718339696242
2481 5.304212277004459e-24
2482 5.508152047645071e-14
2483 0.1952324623303679
2484 2.3327712672599582e-26
2485 3.539390038222382e-47
2486 0.02033073717075123
2487 5.511592477591374e-14
2488 1.8025284999556998e-10
2489 6.0603768020680584e-05
2490 0.01850843079958043
2491 1.727261106100492e-08
2492 0.06686083115003563
2493 5.791243932115597e-10
2494 0.001604104427255767
2495 0.023311756399281108
2496 6.782136613574965e-10
2497 0.03167807651524142
2498 0.008778907725998913
2499 0.0030710720724732234
2500 3.610239300525543e-17
2501 6.801082407800743e-24
2502 0.12770654327593292
2503 2.183541985471466e-30
2504 1.0199446934377016e-16
2505 5.187990339438593e-25
2506 1.9791094314121445e-26
2507 3.541561916850235e-30
2508 1.3792332004611984e-23
2509 0.17919396968111098
2510 1.3105125752920269e-07
2511 0.06840925518784122
2512 2.887735230885732e-30
2513 1.76269065322272e-43
2514 7.369470563289795e-17
2515 9.245996887903241e-26
2516 0.15609742202405685
2517 1.753704384131994e-13
2518 0.004671715541460716
2519 2.1724943644029576e-23
2520 7.830695524236923e-14
2521 6.451162621331206e-26
2522 8.028172530010443e-05
2523 1.553496624153813e-09
2524 3.105202638168989e-08
2525 8.910670124365449e-24
2526 4.221990219844579e-09
2527 1.5990231750493e-08
2528 0.0029286720798344917
2529 5.332996964261404e-27
2530 5.957252927628076e-20
2531 4.617693400813808e-16
2532 6.520010071871544e-06
2533 5.295792762126431e-09
2534 8.553815166531e-47
2535 3.2510221124711386e-08
2536 0.000743817187147956
2537 7.518974143095803e-15
2538 0.0028472180572659146
2539 4.314422271151334e-05
2540 0.003718689817275598
2541 0.0070026491744070675
2542 0.0023543348870031146
2543 0.002425825454043637
2544 0.08735849909535766
2545 4.865276450037056e-08
2546 0.00012486836585401498
2547 0.0017653494894419503
2548 0.0001078249698472115
2549 0.002065348676267628
2550 0.5504574271234827
2551 2.6921664946325648e-05
2552 3.744464594376841e-15
2553 0.05976860560557251
2554 4.467885008408284e-15
2555 7.824148019873393e-12
2556 1.152066016070077e-29
2557 0.06761401824551354
2558 2.8990748519607753e-08
2559 7.249802199738317e-20
2560 1.0460113361713307e-21
2561 3.899349368389412e-23
2562 0.001526558270834086
2563 0.0009606129261517613
2564 0.17638424794740282
2565 6.273113576485814e-46
2566 4.4291595561579195e-30
2567 0.6046111953698047
2568 8.14174116990754e-31
2569 0.031661944568310105
2570 0.020879695960406612
2571 7.654485124398787e-10
2572 0.0016568147754705731
2573 0.004351717836753627
2574 2.7235158699503438e-08
2575 3.2132411802611305e-08
2576 4.591631187757394e-09
2577 0.00031873394333936005
2578 2.3818337759635843e-19
2579 0.0005733391518108458
2580 0.0002916938220751302
2581 0.0005566992809279308
2582 0.0003999097682313139
2583 0.5454187818398702
2584 0.40153249694164905
2585 6.4767285997124485e-15
2586 0.001980566193548796
2587 1.983910744117562e-08
2588 4.750582805132746e-24
2589 0.018303928056172678
2590 3.8748428546468695e-32
2591 0.0052361902433493744
2592 8.018437158357734e-09
2593 0.09102733254425863
2594 0.010116997486330744
2595 0.09563323312901918
2596 1.6329289931245206e-05
2597 6.238019076738028e-08
2598 0.0019451512224695777
2599 0.07185335734178391
2600 1.4218384889892428e-08
2601 0.04311589811073539
2602 0.002182093286125436
2603 0.09388026127360437
2604 1.577763195976339e-23
2605 1.0399582537352276e-24
2606 1.6051458736836316e-08
2607 0.0038635906696304644
2608 2.5948399597235956e-18
2609 0.011981734416306424
2610 9.979433939814307e-29
2611 0.012328472144194177
2612 5.750617771310291e-53
2613 0.003306001200168456
2614 1.2620161053145792e-12
2615 4.127400810449505e-16
2616 0.4537008269740544
2617 0.02388867128239793
2618 0.5171702344540348
2619 4.302933835161592e-28
2620 2.5801429136416013e-37
2621 6.062617179838328e-46
2622 0.00487460168032201
2623 2.688187333427655e-25
2624 0.012695667438094426
2625 2.588766400129692e-13
2626 0.2662079573042698
2627 0.0002400622155317592
2628 8.198714954526016e-26
2629 0.2903589925178053
2630 5.294542200308578e-11
2631 0.15122959344084796
2632 5.413097235513444e-31
2633 0.016326642461638587
2634 4.1092877124776015e-05
2635 0.0010566455871170687
2636 4.352960201265284e-29
2637 0.22182186119718802
2638 0.0035708108986127153
2639 1.6060512456116097e-31
2640 0.056121027855664495
2641 2.4184364931045282e-06
2642 2.8249682919418298e-11
2643 0.0033823766716017402
2644 1.2418233066796281e-29
2645 2.7709104197348305e-05
2646 0.0057063200973513995
2647 0.09042382610672614
2648 4.226490034618998e-38
2649 0.004266982672975366
2650 1.8263500640901042e-40
2651 5.073158634278114e-06
2652 0.14052697228556787
2653 0.003927539201025966
2654 5.465266703148592e-06
2655 2.359707557289998e-05
2656 0.2831058071538129
2657 4.8332995212072124e-08
2658 2.4652881150260686e-13
2659 0.0010059368151232378
2660 0.03876747453176574
2661 0.3707415554461819
2662 0.056722393498392976
2663 0.0001688036675873497
2664 1.4123013751020607e-27
2665 7.480381203675378e-08
2666 0.13008009361202558
2667 4.6712635269856535e-59
2668 0.009225764794095063
2669 0.5396035759989468
2670 0.0004120774282437063
2671 0.06854976645393719
2672 0.00042070347920559017
2673 0.12315696751907511
2674 0.13268769865911087
2675 0.12127052861480689
2676 0.3551970042816748
2677 0.08654767804794654
2678 0.1202125176686929
2679 0.005135604794492227
2680 0.10386355131577812
2681 0.04199873906454403
2682 2.021811847922008e-05
2683 0.06964458911008194
2684 4.7513720594109114e-51
2685 6.421986431396557e-06
2686 3.688611576582211e-13
2687 1.208356257657766e-10
2688 1.446654103435226e-19
2689 0.0004623216548835132
2690 2.9265222652459344e-05
2691 0.03507854400393705
2692 0.009645756941576617
2693 0.1583751878193429
2694 2.393477814311942e-21
2695 0.00741902588511688
2696 0.06442121036766711
2697 0.1645085970885222
2698 0.201618121152178
2699 0.0018838598484765634
2700 1.6190489195758473e-14
2701 0.17472771348530317
2702 0.0006465348269260261
2703 0.03314926343145891
2704 5.680762267799117e-06
2705 5.494102179021507e-10
2706 1.6390479677524908e-28
2707 8.00003178431431e-28
2708 0.01590467438526258
2709 0.208480334536081
2710 0.1682148595730956
2711 2.5200263982044424e-05
2712 0.08299474349120857
2713 0.024122238891712333
2714 0.12367049014084817
2715 2.3062491705439307e-14
2716 2.6254799679431005e-24
2717 1.1828801992735353e-13
2718 0.18864275828745375
2719 1.0687594718029872e-21
2720 7.4194361602193e-05
2721 0.0019672251187288106
2722 2.228725148006111e-10
2723 0.0875495737200192
2724 4.6046313225687594e-14
2725 4.827421952612002e-13
2726 0.07917461946992362
2727 2.099298791178271e-05
2728 2.559326176137274e-11
2729 1.3860666073845087e-12
2730 5.338987999509911e-06
2731 0.061304362912748794
2732 2.03549450143755e-09
2733 0.3626989355977508
2734 4.9048047985255875e-27
2735 6.152291558621711e-13
2736 0.23850596060752757
2737 0.005313065162669977
2738 0.5123661235823279
2739 1.3343106496182412e-18
2740 2.6672340702322213e-09
2741 6.840616099072269e-09
2742 2.9960730520913175e-05
2743 6.001777739570108e-14
2744 0.00041213005304903513
2745 0.00014210867012748226
2746 6.541288264186797e-06
2747 0.0001805883847539392
2748 0.10021505929499401
2749 0.12827904448131688
2750 2.312552001669744e-28
2751 0.16606790987225212
2752 5.949218403792785e-19
2753 1.2390731424137936e-08
2754 0.005379537013258512
2755 0.08979444323383547
2756 0.012082808972373441
2757 6.23141158959125e-06
2758 0.0007669219127132391
2759 0.03645592568350675
2760 1.0683466454960705e-17
2761 0.008501524664650453
2762 0.024582837733045756
2763 4.889366734419654e-13
2764 1.1278249856530188e-12
2765 0.13473739744079688
2766 0.07661853818743528
2767 0.0008775360187983923
2768 0.1843377035464262
2769 0.0004325171224016177
2770 0.2197698006028035
2771 1.1757181718931523e-20
2772 0.00019061914836191715
2773 2.0268060026785646e-05
2774 5.939768313761318e-20
2775 7.207238414223503e-05
2776 0.5826386035648093
2777 0.4589265435250098
2778 0.7553404815484586
2779 5.159899567749347e-06
2780 0.3374953691942436
2781 1.4034791495463371e-13
2782 0.026161971764410492
2783 0.6869635269173168
2784 3.4911308961970414e-08
2785 2.5341238513954898e-05
2786 0.636223709019608
2787 0.14781209262936187
2788 0.2306549683054192
2789 0.7694563729774303
2790 1.863792232219523e-19
2791 0.1633821963346541
2792 0.7270853555426187
2793 1.8013751875449333e-05
2794 1.958655348679915e-09
2795 0.14712090779587247
2796 0.11822938218633608
2797 0.008456956074332883
2798 0.13436525103206476
2799 0.0548644549071575
2800 0.07868740224188564
2801 2.3732075405456285e-05
2802 5.105970162916546e-09
2803 0.18855402418261993
2804 0.00048468637203548067
2805 0.00017972776681553454
2806 0.22601655879350965
2807 0.1634306295776052
2808 0.0009800654705894721
2809 0.10084129434461749
2810 0.26116261122721846
2811 0.018456032942215143
2812 1.1091384191939331e-10
2813 4.673234370776932e-06
2814 3.7788858706823656e-06
2815 3.771196369289548e-08
2816 1.2441668922857533e-08
2817 1.4830151195276809e-05
2818 2.229614598593804e-10
2819 1.0843875490665015e-08
2820 5.317090386870195e-05
2821 3.351778669551374e-20
2822 3.321183639782389e-05
2823 0.05584171451697964
2824 0.10840812029720656
2825 2.725889196314979e-06
2826 0.42220484162254684
2827 0.19626954595784335
2828 4.530112554027979e-18
2829 0.5564403860978169
2830 0.015615211466620439
2831 0.7780540881909175
2832 0.6824834723913635
2833 4.6456585495875406e-05
2834 0.29827218369319713
2835 4.643154259480147e-19
2836 0.8235786736259302
2837 2.1480646347305155e-09
2838 0.0002073273785362911
2839 0.8083074235131371
2840 1.552775405387742e-08
2841 0.7343691077521676
2842 0.03394412200264954
2843 0.07089806673137869
2844 0.615870979508561
2845 4.5540169019866e-10
2846 4.927315741109656e-25
2847 0.10398474138404804
2848 2.964040355949088e-09
2849 4.758989200556188e-09
2850 0.0036845889240509733
2851 0.0009716831055051128
2852 2.521105088967344e-24
2853 8.762277675862602e-05
2854 8.560455893815589e-05
2855 0.00326945319368877
2856 0.47626093392683144
2857 1.590708965399513e-29
2858 0.05733065989000223
2859 5.400430819329276e-06
2860 0.1495708872979024
2861 0.00019218775123738943
2862 2.7118436686495367e-08
2863 0.21910928901819937
2864 0.0022237237472541595
2865 1.3944828924455107e-18
2866 0.15567565523897414
2867 3.281737733188114e-12
2868 4.037267473959054e-05
2869 3.6087931701042537e-06
2870 9.340815667228697e-08
2871 6.512565322304131e-11
2872 0.13004981826120432
2873 0.00041287944072387846
2874 2.545077838422445e-07
2875 8.282678488561955e-09
2876 2.9037668001680028e-11
2877 7.64345545459539e-05
2878 1.1702574574405445e-05
2879 2.7816035212292147e-25
2880 0.030524236416020978
2881 0.003693088249196038
2882 4.025918544959718e-05
2883 3.5293562147426924e-05
2884 0.05181425983994504
2885 6.2518178578309644e-18
2886 0.0651058891429705
2887 9.228621020758372e-27
2888 7.841376016959225e-05
2889 7.003632576611921e-12
2890 0.0591318473539334
2891 1.7542101569710564e-08
2892 2.050360562085567e-05
2893 8.30902266808128e-19
2894 8.32033262869492e-09
2895 6.633641257690332e-05
2896 7.511619685445536e-08
2897 0.039958618136580526
2898 6.973794196651305e-05
2899 0.08208429143811458
2900 0.00020798052736142105
2901 5.704764017151972e-10
2902 0.00012156323556140788
2903 0.03389610492465834
2904 3.4072330094669864e-20
2905 0.08277815783488636
2906 2.7640540222598635e-09
2907 4.627489990071834e-08
2908 0.020340663686174133
2909 0.07679700941260603
2910 0.12831648205669535
2911 0.0545458347463217
2912 0.000409350640458851
2913 0.0018340997999859814
2914 0.04431904855065023
2915 8.409108757344907e-09
2916 1.568979694449575e-05
2917 7.353767807393688e-05
2918 0.06823011549318979
2919 9.39488547893686e-05
2920 0.0001331828976558808
2921 6.900025878970827e-26
2922 9.190869485961157e-08
2923 0.08197720091542031
2924 6.975581029772437e-08
2925 0.11884817075678004
2926 6.370172038600325e-08
2927 0.08883190423496475
2928 3.457121910241079e-09
2929 3.013584578789629e-18
2930 0.48781222014856035
2931 0.49649263407519095
2932 0.268939749852822
2933 0.7381544722625802
2934 0.04981908499773147
2935 0.04341457646441115
2936 0.6913177343189306
2937 0.24177904222299476
2938 3.8531980062599474e-09
2939 0.05118459890837621
2940 1.9225373800740486e-05
2941 0.8294573330327295
2942 0.01512647035956306
2943 0.719921816764127
2944 0.10976029393777549
2945 0.04590811190533341
2946 0.6843503295519754
2947 4.313846835068615e-05
2948 0.5540311393136517
2949 0.05603765718777617
2950 4.735261469462492e-19
2951 9.54186513025376e-41
2952 0.04964010015666299
2953 0.05178512493977898
2954 3.865169871797085e-09
2955 5.816586215410204e-06
2956 3.304743691932574e-19
2957 1.7114646046557008e-08
2958 1.8135573584184423e-08
2959 6.93506255033942e-10
2960 0.013977519914981579
2961 0.40668192911097734
2962 0.09684964634637208
2963 0.27527031184445305
2964 0.050679304717072694
2965 1.6916769920733348e-08
2966 0.2047305539430755
2967 0.3369498740801737
2968 2.2339745800225557e-08
2969 0.000185242303509381
2970 6.091028186093873e-05
2971 1.5311070384049493e-08
2972 1.6375868192755282e-08
2973 2.0316392072713706e-08
2974 0.09468884336686581
2975 1.1249959931204e-05
2976 1.2054104450057238e-20
2977 0.21607193808923292
2978 3.865708844698585e-05
2979 0.04525072099536396
2980 6.033007894711559e-10
2981 9.263757944111325e-07
2982 0.06781370687474542
2983 1.0790435723894927e-06
2984 2.014179957831195e-08
2985 2.24131261223004e-08
2986 0.02707448753175948
2987 5.828165829276559e-05
2988 3.388227701051723e-05
2989 2.820140877626313e-05
2990 0.03812748604395618
2991 0.09233851268838497
2992 0.08793971258611158
2993 0.07501317451915164
2994 1.186897936146147e-07
2995 7.902522895615499e-10
2996 2.962332047001083e-05
2997 2.106604873431224e-19
2998 6.560525571981263e-08
2999 0.09678035089468942
3000 1.141192291243558e-43
3001 1.859772279539987e-05
3002 0.014343624436160236
3003 1.822710502654639e-05
3004 0.0020509681964117157
3005 0.0031123757141299445
3006 1.1555126420756925e-05
3007 0.00011878816267546124
3008 2.5478596239854385e-33
3009 8.264739969630701e-08
3010 0.00021316535542426635
3011 1.1134382212310134e-10
3012 9.773190946013802e-05
3013 2.603804926826476e-05
3014 6.180640749867155e-05
3015 3.912769705270705e-05
3016 6.320798194448332e-05
3017 5.886234543118208e-08
3018 0.32956389034310746
3019 6.770083644751959e-08
3020 4.272997798521167e-09
3021 4.264362798518176e-05
3022 6.173354157745282e-05
3023 3.286668264090062e-05
3024 0.0010343292178669678
3025 1.4573608308660043e-05
3026 0.0003907637509014628
3027 0.00012427462412252253
3028 5.1512740361524905e-05
3029 0.0008968747360649581
3030 2.10583578702277e-37
3031 1.9602569005492757e-05
3032 6.477495806889517e-05
3033 0.0006064179847849507
3034 0.00047280019655340815
3035 8.410317678843659e-06
3036 0.00026205378474907566
3037 0.03060453575070237
3038 0.002221440371324696
3039 2.232699378898073e-05
3040 2.4276103345907775e-07
3041 0.001500783157168991
3042 0.00011653687328305528
3043 5.0969011073218405e-05
3044 0.25658987830600016
3045 0.014774482428102394
3046 9.688532095986393e-05
3047 0.00016623785617971034
3048 1.3944101006121998e-08
3049 7.945677673881541e-30
3050 5.4605122880859035e-09
3051 7.928376527215019e-13
3052 1.0511346392455451e-07
3053 7.974288708656618e-37
3054 0.00024073264944607137
3055 4.302489976407578e-05
3056 0.22276141415986397
3057 5.5469295880746725e-28
3058 0.2136612200974689
3059 0.0001757993903670766
3060 0.25625782060903607
3061 9.549751126570727e-05
3062 0.035465083478615975
3063 6.373929913738315e-12
3064 8.954252361001422e-05
3065 0.02194406169442964
3066 5.5589561568798495e-05
3067 9.160030565954793e-11
3068 2.7135434896416422e-05
3069 0.0005460669239918986
3070 2.448869564377643e-05
3071 4.058440572422368e-05
3072 6.5065327679015466e-06
3073 3.036292377229485e-06
3074 2.054666611103167e-06
3075 0.013326637154498552
3076 4.547971799745605e-07
3077 0.02746720609569072
3078 1.918969766098683e-37
3079 1.061011606735678e-12
3080 9.838134858521838e-42
3081 2.943280000241701e-10
3082 6.514390481995217e-05
3083 5.006578678033488e-08
3084 4.566492129773471e-07
3085 4.818080378224063e-08
3086 6.535392562011913e-17
3087 3.36495245913396e-08
3088 1.8026334194363644e-15
3089 1.3633559308007216e-08
3090 2.1611163190834093e-05
3091 3.709226978384318e-24
3092 5.260017188552519e-05
3093 4.652282411485565e-09
3094 1.300353905703814e-09
3095 4.113139275073683e-35
3096 2.7017053246080273e-17
3097 0.02168466806873814
3098 9.935252281870463e-09
3099 0.038963135508641736
3100 0.05283165282590482
3101 9.39494126989533e-06
3102 1.9563647872410367e-11
3103 1.5721751658653112e-10
3104 3.6418193550665085e-07
3105 3.777242056379171e-50
3106 8.89031953984071e-09
3107 5.983104577445859e-11
3108 1.5967579681613107e-09
3109 1.2100762956076954e-10
3110 2.7072358409993307e-37
3111 2.3988341239156505e-10
3112 5.493152627257659e-05
3113 0.00015931904917604455
3114 0.00017873938712688597
3115 1.395957018845361e-38
3116 3.081737071104452e-39
3117 0.04189348847243605
3118 1.4660531692429756e-07
3119 0.05995403141969421
3120 1.4545559060074e-05
3121 0.050999529370361604
3122 0.0011325142959632062
3123 3.274149005440519e-07
3124 1.0473832631871358e-18
3125 5.5419578652778e-05
3126 3.946577108971366e-27
3127 0.0031833008028063986
3128 6.678839612438477e-08
3129 0.00011897787620674077
3130 5.131352850551879e-30
3131 0.00755960600759898
3132 0.010494918318142218
3133 3.5021955242042717e-09
3134 1.4492802073289163e-08
3135 7.411150702558549e-11
3136 1.754114248822563e-08
3137 1.3805457975608767e-09
3138 3.4111597078633266e-05
3139 2.416723456892323e-10
3140 5.104590462605026e-29
3141 3.4389551267680204e-08
3142 1.0250098992997615e-05
3143 0.00018407933491542148
3144 0.008778989861545064
3145 0.022139410713685206
3146 1.1235274332224083e-21
3147 0.0013759502942170222
3148 2.6389057095459232e-14
3149 2.203981378071882e-07
3150 1.6600369618351053e-14
3151 4.8569773907899315e-09
3152 3.5144615370129606e-31
3153 0.009101031244831026
3154 1.4880757053350339e-36
3155 1.5730455211192034e-76
3156 3.556197064104128e-05
3157 1.5983590474361107e-13
3158 5.6580499102492134e-11
3159 1.566929321413624e-08
3160 1.0221664852646006e-08
3161 2.4266121337410624e-06
3162 7.116660278000876e-14
3163 6.829888364338204e-12
3164 9.734777535991224e-45
3165 1.0823105771182855e-10
3166 3.5432390151743666e-20
3167 4.8875555278527906e-08
3168 0.0007814974934765571
3169 2.0886903393788682e-07
3170 4.4196776087999097e-08
3171 0.005770590717493668
3172 2.2240935397611036e-36
3173 1.2781089575326474e-14
3174 1.1677663259591606e-16
3175 7.179537380831321e-23
3176 0.0075408135642619206
3177 1.3822789290642611e-18
3178 6.457636980221041e-09
3179 5.345619764478438e-09
3180 0.001442271905908202
3181 0.0027996967017183067
3182 0.0004998835248739684
3183 0.00031814937144094516
3184 8.288969748167048e-08
3185 3.03446486611744e-11
3186 4.2275663588351115e-48
3187 1.2700673873580011e-09
3188 4.8753512684210326e-11
3189 6.053659444981324e-10
3190 2.188486551457314e-36
3191 1.6965074002436116e-10
3192 2.579237490322717e-10
3193 4.0824681677911817e-07
3194 4.888316816918709e-08
3195 3.8292987739972076e-07
3196 7.310701470056776e-09
3197 1.5518794741346608e-05
3198 1.5558660549421392e-09
3199 6.145507115814015e-36
3200 1.7397001828133606e-32
3201 1.6133285771136718e-32
3202 0.0009356213825700297
3203 9.863588550648137e-18
3204 7.994756650847183e-05
3205 0.00018322538929837337
3206 1.3837024586834016e-12
3207 2.270978544483407e-12
3208 1.5934782889052516e-37
3209 5.844151696007274e-26
3210 7.185981197160192e-39
3211 0.0005374650835923778
3212 1.113988724950295e-12
3213 1.4513911634806527e-06
3214 9.702691579318807e-36
3215 1.1891801278729133e-41
3216 1.9464577054139583e-10
3217 8.125244164997314e-06
3218 0.03673102620286504
3219 9.961243418721305e-16
3220 1.7082502685269354e-09
3221 6.780017615506173e-06
3222 2.1525214134526627e-33
3223 0.00014893229715628366
3224 6.457446800577142e-37
3225 7.222001205852727e-05
3226 1.1347414088578162e-09
3227 1.178457584705367e-36
3228 8.28422634369953e-10
3229 2.9700368084340996e-10
3230 1.1410511238663283e-09
3231 3.4687026104774644e-09
3232 1.0898883899577417e-24
3233 5.503144682789319e-05
3234 1.0628130058074717e-06
3235 1.241045012298186e-09
3236 3.0874654608912815e-10
3237 1.8495585466459195e-10
3238 1.2242211170196086e-16
3239 0.05992645412217304
3240 1.2383881943071992e-09
3241 3.460890101582977e-27
3242 5.0985925988830016e-15
3243 3.5852962714322442e-22
3244 8.898651397813133e-05
3245 0.002754772475375487
3246 7.524771383717518e-06
3247 5.567803452561358e-08
3248 0.019686238999484816
3249 2.9091902392775907e-05
3250 0.005887490123423963
3251 4.209718165861875e-09
3252 0.017221416698663696
3253 7.790468524474747e-09
3254 0.0253417935083502
3255 3.6449729926625192e-16
3256 2.4170300339891673e-31
3257 1.3182679379683753e-09
3258 2.7729476376654553e-31
3259 6.878206240909568e-24
3260 2.163597780015781e-37
3261 3.0357019107748274e-42
3262 5.609722310226943e-12
3263 3.4373203188320957e-19
3264 7.676260562659668e-13
3265 2.261585915513936e-08
3266 4.462011305142907e-26
3267 1.916989457147655e-09
3268 3.1947224155358226e-06
3269 0.004116827736941476
3270 0.0008643873763822976
3271 6.922362572401299e-11
3272 1.0463085730131063e-11
3273 0.01198392357995461
3274 1.7863002236218856e-13
3275 1.7415904574898982e-24
3276 6.617967844515047e-25
3277 7.105165082011566e-11
3278 6.12642800304373e-19
3279 1.2348913156350937e-14
3280 0.01764703581109231
3281 2.8505104259372917e-05
3282 3.82133081446601e-09
3283 1.5200396081456774e-10
3284 2.6790561947389397e-11
3285 2.6551464313849918e-11
3286 1.212342485974552e-08
3287 1.8319547308425733e-27
3288 2.70442971711259e-13
3289 0.000393016594363364
3290 2.481598515689289e-09
3291 1.2731338560350328e-06
3292 0.002696547405533973
3293 5.8591340380360494e-39
3294 8.610534905266607e-10
3295 1.8286008132884447e-09
3296 6.76132182997573e-40
3297 5.713890552022022e-15
3298 1.037566328771662e-39
3299 0.03529120614328281
3300 3.3032775348747978e-18
3301 1.0440520141546308e-14
3302 1.012909517498119e-43
3303 1.0862675340053549e-11
3304 1.6885134402403466e-44
3305 1.639305142689987e-20
3306 0.036333947001691805
3307 0.0003872911814059714
3308 1.1116233462475643e-50
3309 4.213932780772e-31
3310 1.496918094935402e-09
3311 1.823389265724688e-10
3312 1.3522706932851095e-05
3313 9.258179978034504e-13
3314 1.5038526780532449e-55
3315 4.82036749287054e-17
3316 3.748233037792995e-15
3317 3.6709200968055135e-41
3318 4.527798956515412e-14
3319 1.2226295086225956e-45
3320 3.221383877366027e-19
3321 3.2708526115313596e-34
3322 1.5814928458974623e-17
3323 3.929266555270269e-15
3324 5.122269289611757e-34
3325 0.06569753211165397
3326 1.6654301885849936e-06
3327 3.206868234021362e-14
3328 6.84393120858179e-09
3329 3.3592822416689083e-07
3330 1.1955227667805004e-08
3331 1.0091226128953466e-07
3332 0.0019524521785805036
3333 4.902416206428211e-10
3334 7.2327102249524385e-25
3335 3.0745414508406044e-08
3336 1.4446881856482167e-21
3337 0.0016183718634275159
3338 4.816995595257155e-47
3339 1.517039141468812e-14
3340 1.1065908484335542e-08
3341 2.1782042873026912e-05
3342 1.444596603741509e-17
3343 3.405508908483054e-35
3344 4.213891487771038e-09
3345 0.014985102580014639
3346 1.377801333364286e-52
3347 7.209966118188106e-09
3348 7.618207906111225e-46
3349 1.1805125651279285e-13
3350 0.0007444765250934323
3351 3.261795770592366e-13
3352 6.998885311956183e-14
3353 2.57389506930809e-41
3354 1.0233075669918379e-05
3355 6.471213492095091e-09
3356 0.00643807912167719
3357 5.515879821220915e-10
3358 1.584385310181963e-23
3359 1.089315243178735e-32
3360 1.997228702271128e-13
3361 1.2656818370046992e-09
3362 1.6692787259566981e-22
3363 6.53180127345452e-11
3364 5.58719234428256e-09
3365 1.3056239695990712e-10
3366 3.74005482186121e-45
3367 1.7034744164209613e-07
3368 1.3021075343895134e-33
3369 9.295786207145007e-06
3370 2.4911865070229925e-08
3371 0.0010013612236318384
3372 2.5900758142513672e-14
3373 6.686179761314787e-15
3374 2.5621775412244446e-06
3375 4.3156994392074896e-32
3376 0.00020635201111124474
3377 0.0006413110272102114
3378 0.029755600384462136
3379 5.259267252123822e-31
3380 3.104384203387457e-43
3381 2.2207624968253434e-14
3382 0.010812096785163788
3383 2.5109540273007917e-08
3384 1.5983629009229815e-53
3385 7.262013616346361e-09
3386 7.02675015059688e-16
3387 1.102767962322496e-25
3388 1.2584627185565712e-11
3389 6.241765243957728e-09
3390 4.705345172428649e-06
3391 1.1847257979320599e-08
3392 1.532659393427199e-19
3393 9.201145069360084e-09
3394 0.04684867504819376
3395 3.873301542564824e-34
3396 1.5711232869165358e-09
3397 1.3642575847969475e-12
3398 7.945861065009686e-18
3399 0.01581451385298811
3400 3.299547858491197e-09
3401 1.0612376732576473e-12
3402 1.3842464548797786e-05
3403 1.314609247865392e-19
3404 3.373347750393389e-10
3405 0.00034221908245896066
3406 2.0056041381636794e-10
3407 1.0104364935186923e-10
3408 1.7494158297119265e-45
3409 1.37750800034738e-08
3410 0.0017850026583608168
3411 3.19955164049853e-17
3412 6.384274133148603e-06
3413 0.0015090393077044747
3414 2.8834406370208146e-21
3415 0.0003975281714104359
3416 1.6404056210399236e-08
3417 1.7336590927834337e-09
3418 0.00341675163568247
3419 6.092707533484367e-09
3420 6.085931797356625e-05
3421 2.8946545291786707e-09
3422 3.602110140339394e-25
3423 0.01318270924928091
3424 1.7846758919138346e-10
3425 8.100547974610476e-09
3426 2.8914126105164876e-40
3427 3.521164926024918e-25
3428 1.995433475198925e-11
3429 4.4324042739697304e-33
3430 2.795790272552387e-21
3431 1.1276473573331043e-10
3432 0.04715383779061241
3433 0.02199824820944525
3434 0.03761954244003089
3435 4.126794812549583e-09
3436 1.6433690669804828e-27
3437 1.5643007849486787e-08
3438 4.5890240312720835e-28
3439 1.1324302544842917e-15
3440 0.01950063027782897
3441 2.1402172731489475e-06
3442 0.028510530430802067
3443 4.143431092567515e-09
3444 2.4071373192725574e-28
3445 7.409739550652538e-07
3446 6.469517726585155e-23
3447 4.589366012907856e-44
3448 4.2373925892743146e-27
3449 1.8896991086909903e-29
3450 1.680153012309294e-11
3451 0.0008028354687347979
3452 1.1813736216487188e-13
3453 1.260885810171426e-28
3454 2.633123045831402e-25
3455 3.139410085500745e-46
3456 3.812517607666049e-29
3457 0.010757824231739477
3458 1.635743113280659e-11
3459 1.1639881254719474e-26
3460 2.1477882506533393e-12
3461 2.0736679274330942e-08
3462 2.8077347781599863e-51
3463 0.04769662584208331
3464 5.975732529695143e-19
3465 1.4833891352106087e-51
3466 6.544534834926015e-11
3467 1.0238689787962467e-07
3468 0.004069126917803235
3469 3.114835407158097e-22
3470 0.00018441057663232577
3471 1.8842631580243493e-09
3472 4.429716090571951e-42
3473 5.499286634408196e-09
3474 2.785113877913544e-07
3475 0.00028560086637002477
3476 6.211968927011417e-07
3477 1.5013221864515636e-51
3478 0.015242610387087496
3479 4.74711053461788e-09
3480 9.455072945271861e-06
3481 5.942775409258579e-36
3482 1.419113416699812e-08
3483 8.943283296138087e-27
3484 3.190033022237417e-08
3485 3.640891250284606e-17
3486 0.03894034064178398
3487 7.566056265063166e-11
3488 6.412414067778149e-16
3489 2.1144478887958382e-23
3490 0.07363531636966646
3491 2.857065012417407e-15
3492 0.0030447534130924507
3493 2.5389975315995485e-09
3494 4.047943406664094e-11
3495 0.0007129522531751308
3496 4.1862863126324604e-05
3497 1.0191364074028072e-25
3498 7.952799693779009e-40
3499 3.0619105081882745e-06
3500 0.026352296936688793
3501 9.670555271100439e-23
3502 5.043010153158536e-09
3503 2.4191269904476133e-37
3504 2.0969374481368206e-28
3505 2.3041898040889196e-06
3506 0.007234013971766244
3507 4.210977024580271e-11
3508 8.048832929995921e-11
3509 1.6419867055544613e-11
3510 9.293134980119199e-25
3511 1.3173712295506443e-08
3512 0.0022614957972295546
3513 0.021542843643573915
3514 1.837500632717809e-22
3515 3.0578847735979783e-17
3516 3.608528753438373e-34
3517 0.00032357314222774506
3518 1.9355499887098223e-33
3519 1.9085671560587513e-14
3520 1.5338953886209117e-34
3521 3.266134951568996e-07
3522 2.3744041147609706e-36
3523 7.247459606163744e-32
3524 8.412537173923658e-48
3525 0.00033524028071655183
3526 0.002831239652062221
3527 2.3945442993595187e-50
3528 5.686858471473153e-50
3529 1.124256304630743e-08
3530 4.087489125767866e-43
3531 6.895890640669009e-09
3532 8.724920784082666e-12
3533 1.1668944083502204e-06
