0 3.254725631462035e-06
1 1.416461380133965e-05
2 4.185516597101913e-12
3 1.7778034367824665e-05
4 1.8886068575180483e-07
5 2.969217357372853e-07
6 9.330407954891051e-10
7 1.8950570662648091e-13
8 6.641263211261867e-19
9 1.3127414821691892e-28
10 7.486919012349114e-08
11 3.414239522386208e-14
12 2.3203091793648903e-07
13 2.6438219337615926e-27
14 0.00014695634539597195
15 4.62371275019851e-09
16 3.6117752377755034e-11
17 4.7379099976139864e-07
18 5.880984070733007e-13
19 2.2071332369421345e-14
20 7.689691866293617e-10
21 1.6919565739679377e-10
22 0.0028156520833161453
23 1.524297477542506e-09
24 2.211638942509613e-05
25 4.084577372957383e-05
26 2.4578423072159187e-23
27 7.54501222926028e-27
28 2.7526053332070626e-06
29 1.948237570449682e-09
30 2.1110949655877028e-26
31 0.0002873958366265981
32 7.233235232642337e-42
33 3.859293827845185e-09
34 1.5512609504669064e-09
35 5.575704553839388e-13
36 5.714155845678906e-06
37 4.3477042636095254e-15
38 9.130806706108033e-06
39 8.53765543762718e-05
40 9.600769780491032e-20
41 4.00213089372927e-26
42 3.263617148581318e-14
43 4.651476695398015e-06
44 4.724574734388905e-09
45 9.080405952843985e-08
46 4.342230224851778e-07
47 0.001395305234639953
48 0.00020793145280156768
49 9.855632082771504e-11
50 1.2242609533064865e-08
51 3.664301283208048e-12
52 4.822964603809324e-13
53 1.383785355735574e-08
54 2.7265618031651498e-05
55 1.1517445413132101e-05
56 3.7054347241055122e-06
57 8.586311742668287e-25
58 1.7400273392208953e-07
59 3.053524664803715e-08
60 1.4230107935508995e-05
61 1.033714893332167e-12
62 0.0011123917713981811
63 9.668801320996257e-06
64 1.3220017877200009e-07
65 2.6027089215787653e-09
66 4.910696032624566e-09
67 9.258715032559954e-21
68 8.360314817972278e-09
69 3.6362405697618294e-07
70 1.690335037959054e-12
71 0.0003706605909274609
72 2.516939232092125e-33
73 2.5853135029471568e-40
74 3.299707882129137e-14
75 1.3377249012033586e-13
76 6.325634254951174e-05
77 1.7160015168920588e-06
78 0.00029767935125961343
79 0.0034005650392298636
80 4.420509899597549e-11
81 8.054734458065035e-14
82 3.8017149067473915e-11
83 4.5385222196518905e-38
84 2.863548252903854e-12
85 5.4046733963616906e-08
86 2.2699557910847734e-08
87 3.823109954622593e-05
88 0.000124850040946258
89 0.0007919485234898964
90 2.98059679779786e-11
91 2.3528098630524938e-11
92 4.142020028733073e-12
93 0.0006943265989793263
94 3.1204136423595825e-29
95 3.4767427298527318e-25
96 4.8999862580838094e-14
97 7.042305822847408e-05
98 0.0006216154102611639
99 0.0004235311481755275
100 7.930556437775442e-07
101 0.0012876091724783251
102 4.1053610467614835e-05
103 0.0006581908719217361
104 1.1106756483785679e-12
105 3.355637260635404e-26
106 3.1729055833260696e-15
107 0.0001808466006789199
108 3.014682937769462e-15
109 1.0065415699983791e-07
110 8.497657691865467e-08
111 7.408248072206955e-33
112 0.001344167560013858
113 2.429740684699827e-19
114 0.00012581992464989438
115 1.9079473196357398e-08
116 3.880069711339621e-12
117 3.407639328183076e-14
118 4.046240786506237e-12
119 2.52729548125451e-06
120 1.135472500681455e-06
121 7.730600232596489e-13
122 3.5346264181465104e-12
123 1.2693151139979198e-12
124 1.1752716018392934e-10
125 2.57086998747301e-07
126 8.66509547145851e-06
127 3.951590254900305e-05
128 0.0003325025380000144
129 9.010194704245331e-06
130 3.6472572074401304e-05
131 1.637565001167048e-41
132 7.619096636801591e-06
133 2.5638956796318274e-08
134 2.7544149273667305e-14
135 1.4993767169930704e-34
136 5.028903170987124e-11
137 9.3755457301544e-19
138 1.2853573948505135e-23
139 5.39355216619446e-05
140 2.9310471318920923e-05
141 1.0207874798351735e-06
142 2.7184793547719058e-05
143 5.74525176640848e-13
144 0.00019009291076503007
145 1.2914124228529575e-06
146 0.00015826150493403906
147 0.00026728368393192194
148 6.550620808254507e-18
149 1.499763182213164e-08
150 4.382265100743719e-05
151 4.6457265776516625e-05
152 0.0002923576566079755
153 1.8226889482228428e-20
154 1.8479221825668355e-08
155 1.994767157072337e-05
156 0.0004645144981712922
157 1.3418547763517877e-07
158 3.5591009703857992e-06
159 0.0015155985503746692
160 0.00021579138692594892
161 2.4762071949514098e-12
162 5.362087876305748e-33
163 0.00022968839114484096
164 4.180709984957846e-08
165 0.00010119405741745369
166 2.8157803945311195e-09
167 1.5573846405952754e-06
168 4.746537572373352e-22
169 2.5856128765656397e-09
170 8.603997375351451e-07
171 2.2535103998697965e-25
172 3.6442426037796585e-09
173 1.9818840327761508e-07
174 0.00023286898539765852
175 1.692848126528894e-06
176 3.079338329892075e-14
177 0.012219642547994257
178 5.84092336940413e-13
179 7.170209560923033e-15
180 0.017562509607180546
181 1.1438982926387985e-29
182 1.632962263238599e-05
183 2.108919520314988e-08
184 1.4916950865961168e-06
185 0.00018314627628691451
186 3.974706663590025e-08
187 3.6768458137991044e-07
188 1.6048080841911054e-06
189 5.977778577024596e-05
190 4.545454549872792e-06
191 0.0013068110825980956
192 0.00043500478680174345
193 2.6494043974623077e-31
194 1.2673591145745055e-13
195 3.8960142591968633e-07
196 1.3848040935049605e-07
197 1.3821041396509904e-11
198 7.705199191381591e-05
199 5.5206758150545525e-15
200 1.8268994309664911e-06
201 4.8179869936100903e-08
202 1.3363399738676252e-06
203 1.2842062233215983e-18
204 1.0253515957890791e-15
205 7.789879386113476e-09
206 4.7900853544290107e-08
207 1.8928218150654636e-10
208 8.907854136817219e-05
209 2.6548500828495792e-05
210 6.633320740411999e-19
211 0.004174201635834693
212 2.1316360278401163e-07
213 1.8960341160885968e-17
214 0.0004901934241657933
215 2.6052292147219883e-09
216 2.7347693428136164e-24
217 9.396030296966467e-09
218 6.061702962850618e-06
219 9.379326633368915e-05
220 4.2970501937822006e-14
221 5.819705141227797e-13
222 1.378117940828855e-05
223 2.364493443972416e-13
224 7.89994983672868e-20
225 0.00038092422395819426
226 0.0005734074944681249
227 2.1248407641765733e-26
228 8.253923695369071e-07
229 1.3488506322889657e-13
230 1.534217721853755e-13
231 1.3217241288915338e-13
232 0.0012540457388572602
233 8.918346176847186e-07
234 4.986242812726432e-12
235 5.475862801556382e-31
236 0.0010279726747301917
237 1.0856234818160559e-25
238 1.802569836974474e-07
239 9.678016028906709e-22
240 3.581476922383323e-05
241 3.549008283954642e-05
242 1.0798282695735869e-20
243 3.4479077039360427e-06
244 0.00017317167063590912
245 3.5842352392656046e-21
246 1.557635542188732e-24
247 4.666103932675542e-05
248 1.0222963247950883e-41
249 0.08468716934927828
250 2.584929899851417e-07
251 3.6960706880228065e-40
252 0.0011616570022656505
253 5.902681191984419e-06
254 8.64450756401743e-23
255 6.62130838299869e-06
256 6.515757377119758e-12
257 1.646282831484163e-35
258 3.1398764544085626e-12
259 1.784875923648278e-24
260 8.210710658996836e-11
261 2.6669336397482642e-11
262 0.00041672388821445265
263 0.05384765928949059
264 2.520600728987609e-05
265 0.05317695110831671
266 4.272602430225748e-15
267 0.0003854527781613639
268 0.0011755815989968313
269 0.01047953181839111
270 6.290075770865079e-06
271 0.013108029473886212
272 0.010571088183071653
273 1.6030649169370362e-16
274 0.27551741759811005
275 3.778087326923516e-12
276 0.1722525056875315
277 0.15728861081215315
278 3.630442742518424e-13
279 1.6020884882202976e-26
280 3.0521989741597606e-09
281 8.825843789974474e-05
282 0.0012346337023959732
283 2.9551292143095674e-34
284 1.4884898992557783e-05
285 0.021537826438010374
286 0.033460879319829266
287 1.212485181232525e-13
288 8.203215562197995e-30
289 0.0007903085008227201
290 0.021907513836331566
291 0.0006454139218458685
292 0.22641715438557924
293 7.54649816925184e-08
294 2.136596572272711e-28
295 0.00010301747043036395
296 0.044424067535022406
297 0.001775216963440075
298 0.001432324965056478
299 0.04332027442042111
300 1.181842772414694e-05
301 0.01676532398866908
302 0.00011445797880398412
303 9.34233430961643e-23
304 3.0911130861008223e-07
305 9.77493581090866e-05
306 2.2068186539032573e-06
307 6.147647073523177e-05
308 2.4418203763079305e-05
309 0.21917777964092394
310 0.10354793977000759
311 0.16206678349350379
312 0.14767579819188098
313 3.86108446345758e-06
314 2.9676199341483355e-08
315 5.701256928688538e-07
316 0.1619767665422734
317 0.015421211846540385
318 0.1618235370163151
319 2.324646549627361e-13
320 4.482738708717157e-09
321 0.14039494069220226
322 1.834720992331708e-05
323 0.1203939835120909
324 0.0003119451555746755
325 0.10637457784340049
326 0.061517280534379146
327 0.1374995711084639
328 3.6792161484652384e-10
329 0.10760026618688413
330 0.09613093906286997
331 0.00023894862226196876
332 0.32790425083933306
333 0.010844688642200763
334 0.565118423323407
335 0.10820092002830557
336 0.06831543324173953
337 0.5860347359465492
338 0.6248319948118383
339 0.05666856598357496
340 0.6689513570832138
341 0.008614547448897872
342 1.256696743882016e-08
343 0.06195329729550759
344 1.142064505413267e-11
345 0.07849896889508867
346 0.09568221240728607
347 0.018014203038732517
348 0.7039022771335812
349 0.6410237034207525
350 0.06570576116574592
351 1.5374596470836877e-11
352 0.0002858207713463042
353 3.6311374763974823e-06
354 0.5324032703996793
355 0.605960845931402
356 0.014784790504980981
357 0.6886772271362562
358 0.0691680624767994
359 6.831094155378186e-32
360 4.1879655544087715e-18
361 0.22861019709916047
362 0.0004888436127411575
363 0.09764245439573774
364 2.6305784039045206e-11
365 9.84660047740517e-10
366 1.064168076205422e-18
367 0.0024148236668737567
368 0.0014989412435754154
369 0.621684512186467
370 0.005811200944574148
371 0.0014835565123727296
372 0.006704763026175648
373 6.04720649544048e-06
374 1.2947138762557676e-05
375 0.4348652553078935
376 0.0008119392878297413
377 5.00055758134868e-13
378 0.0005146783916922166
379 0.5247335613414413
380 0.40696629911536625
381 0.0010064573132658912
382 6.226335123299331e-11
383 0.02861442208207025
384 0.1265549035339493
385 1.030270592011882e-18
386 0.2934349993248653
387 1.7152388664186916e-06
388 0.0014095126390620929
389 5.701127127009119e-10
390 0.14936150273623044
391 0.15763446134593134
392 0.02805649824896572
393 0.1129289472417831
394 0.15428285362665445
395 0.09812444504482451
396 0.20594613616064042
397 6.966380551779429e-13
398 0.13301348812112196
399 0.0041428432089631
400 0.0014826350620786616
401 0.10476373521746032
402 5.083945590873045e-18
403 0.00889617321680813
404 0.1334152866818164
405 0.003303662006953985
406 0.1690956740558073
407 0.21242487959718245
408 4.034175904150854e-05
409 0.002828602603246345
410 0.0018387310400704343
411 3.294950555019206e-11
412 1.6792354435421898e-28
413 0.08845290914248485
414 8.231737748527774e-22
415 7.331604721194021e-25
416 0.09714205539869951
417 0.10396052813877207
418 2.4867756854719035e-06
419 0.14192555376094695
420 0.04519238332552847
421 0.06369948038397451
422 0.03667752673284319
423 1.0531468739218466e-17
424 0.06131068886170908
425 6.882748498826564e-31
426 0.04614276224623671
427 0.0893322314604485
428 0.11055346179577438
429 1.0987562786228452e-18
430 0.13522241677151456
431 2.8231982579964596e-19
432 0.0016939301780122078
433 0.00043305654880412803
434 1.8412225132799058e-08
435 2.540733700990639e-05
436 0.22815279237441424
437 0.027108651330330167
438 0.042335045547185216
439 0.009904577075310558
440 0.1254266132013161
441 0.0011421324664714191
442 0.009142385787163438
443 1.2302396081533728e-09
444 3.2445317650024316e-19
445 0.00951368478516865
446 2.358673240629826e-06
447 0.135554800310455
448 1.628602941104873e-16
449 0.00837970547484153
450 0.006193977235340389
451 3.0639708436430927e-18
452 1.4674926701496034e-11
453 1.2507624126867082e-06
454 5.056620372399217e-35
455 2.3650434186809806e-05
456 1.1036478891794112e-05
457 2.9853232002100697e-10
458 0.16470378986815637
459 2.7409424696107412e-05
460 1.0851805619800646e-09
461 0.00496808082881785
462 1.2274153066343483e-17
463 3.325931350073294e-06
464 0.1231315622731233
465 0.00048702281757309753
466 0.014247063220363081
467 6.997389792308741e-06
468 0.01579925497746524
469 6.732249951883618e-26
470 0.009161666410293446
471 0.006704400186163173
472 0.16103232615662896
473 2.5825561361226195e-05
474 9.183436232144883e-34
475 2.5611442879972496e-08
476 0.00460780480423065
477 0.0037390319735414587
478 2.8933634481381643e-06
479 0.057574340455350106
480 0.43747456644793375
481 0.3399383806890074
482 0.014865112666901926
483 4.099172749130503e-06
484 0.08313861643114953
485 0.6166962749501004
486 0.09971576113511556
487 0.6214186891882302
488 1.0266283394625666e-13
489 3.434130829595731e-05
490 5.008036676741787e-06
491 4.774102283989508e-06
492 0.004020188362125733
493 0.0005869445195480172
494 0.3890239625054224
495 1.7979494411095174e-09
496 0.00721774028182534
497 1.4953045513424163e-05
498 9.056600463301818e-07
499 0.11610409247421571
500 0.00041752017093953965
501 0.008792408769401037
502 3.827580095665456e-06
503 0.30623433092158653
504 0.29531391928180506
505 0.23267066445284573
506 0.0512984569006987
507 2.6884413189594616e-07
508 8.530162235413e-07
509 9.500693216644175e-08
510 9.492850819179593e-32
511 0.0426264975093427
512 0.005010752208615393
513 0.008502396865547542
514 1.4998082495941906e-09
515 0.013021398582876523
516 0.0032458945481051225
517 3.3081865817576374e-12
518 0.0015489791382983153
519 7.017554272193538e-07
520 3.4550032941471955e-07
521 1.862515577820876e-09
522 4.104932625572732e-14
523 0.06369374676426713
524 0.0001300286028790399
525 1.493987833306138e-14
526 1.5453504189725268e-05
527 0.0036407754929271155
528 6.487728433103421e-17
529 0.009780199256477634
530 3.012808159406789e-07
531 1.9320652684121476e-05
532 1.1879353594776461e-10
533 0.07181314750743176
534 4.117372982915679e-08
535 0.08082760002523935
536 0.015895586617258133
537 1.0289372155755903e-10
538 1.2289631052778946e-07
539 8.503444660819228e-08
540 2.9687358743522635e-23
541 3.3788851377019947e-36
542 0.008621974981928024
543 0.01622141616413785
544 0.8771721959290272
545 0.01454915062487835
546 0.0006555366259046385
547 2.0015020006006695e-06
548 0.012707701354759397
549 0.010053874335150533
550 0.13422164783029103
551 2.1825101580624586e-12
552 1.5494682349751553e-25
553 0.008345067177119967
554 0.01795450276486593
555 1.1814075887651607e-06
556 0.10801054691489491
557 0.0057348888749618005
558 0.14520669397803998
559 0.005772423293723654
560 0.025893072277824742
561 0.009638764795860249
562 0.002347862546116653
563 1.027033815004415e-12
564 3.429778524865641e-11
565 1.1201297620376623e-05
566 4.25617340725102e-11
567 7.703540994067813e-10
568 3.694796079756574e-24
569 0.0001323795264176571
570 0.16827126582921706
571 2.0422780371947134e-17
572 0.007344089858771211
573 0.0002649490393705607
574 7.822332081195763e-30
575 0.005144011895201525
576 6.284032403147663e-12
577 5.467138465106966e-06
578 3.766738576702804e-05
579 0.0007853519451595305
580 5.827691093391781e-07
581 2.760832270517925e-10
582 1.2039829748285103e-07
583 0.015600451656765994
584 0.006111307200284588
585 2.9379438680159704e-13
586 0.19351730839829168
587 4.45695679976107e-33
588 1.5786700541332108e-05
589 1.7407201301021146e-13
590 0.15406666264219107
591 3.0007439507618023e-05
592 0.0013621820793741782
593 2.7411394087160246e-06
594 7.037965540804986e-06
595 0.00011045859389745002
596 2.911757859234493e-39
597 4.702808233396905e-16
598 2.6160488825372654e-12
599 1.2381308529117817e-34
600 7.220156898093116e-05
601 0.0005972051001678705
602 1.5513385714459985e-09
603 6.424590460704783e-11
604 0.002081538386768728
605 0.0029709960089225095
606 0.007301749526043003
607 6.812470209403476e-10
608 0.002278248514435722
609 2.557949443204932e-07
610 2.709027900631744e-08
611 6.187987143038289e-05
612 0.011980408909237543
613 1.232418136278223e-08
614 5.7666986056121e-13
615 4.882084485547943e-05
616 0.00044783530066690245
617 0.007107229488921544
618 0.003760698320337296
619 0.0041248020943583565
620 0.0001839651873890381
621 9.979679330065234e-23
622 0.0013007401823542108
623 0.1337308872000587
624 2.0644209264741184e-13
625 0.21312987368274022
626 0.23652197880639175
627 0.00291375380298743
628 0.012510259113599726
629 1.1003476641809606e-12
630 0.00931981296163149
631 3.675584121174064e-13
632 4.3236850219519435e-06
633 0.18064542950655682
634 3.4493010182991567e-22
635 1.1196065475164168e-27
636 0.007298970204213568
637 1.7008243119469213e-29
638 1.77669809413329e-05
639 3.496883920034998e-15
640 0.006877991559097558
641 0.22189445902544755
642 0.015329590761739736
643 0.0009248059118914599
644 0.00038397666347963393
645 1.9253231510085443e-14
646 0.001484537737593919
647 0.0010652557410611605
648 0.8583158502683477
649 3.1125427823036296e-14
650 3.0916968628932e-07
651 0.9144476814819672
652 0.1822486206718254
653 5.766068890121354e-17
654 8.625981122555013e-25
655 4.123449975692909e-31
656 0.01078154197134909
657 1.547498321834811e-10
658 6.7975358953750194e-18
659 2.748212255812259e-15
660 2.418269108784355e-07
661 6.5667750072883795e-31
662 7.186587603915143e-07
663 0.859311073401294
664 2.405106925736618e-09
665 2.7675572340540102e-08
666 0.00015663854651803584
667 6.889643641542112e-07
668 3.309375266368778e-06
669 0.00791448761416295
670 0.020989517612118834
671 0.0004323324689003543
672 1.0148475352669145e-10
673 3.9933452926136915e-27
674 0.0007666911351877341
675 0.021466382533603088
676 0.019566192616384395
677 0.01633479504597486
678 0.018904792233539285
679 0.021816028996100887
680 0.001724924357225264
681 0.0006401960569358599
682 4.506115912035961e-28
683 0.0004824232146390956
684 6.926447088090031e-09
685 3.041297549862178e-15
686 5.260821215658488e-06
687 5.2866233222009256e-05
688 2.9328231352622086e-13
689 0.0026392442515018317
690 4.369846824439824e-05
691 0.011199192818042523
692 1.2579137603695256e-13
693 1.4142002899868447e-09
694 3.5177469500619234e-23
695 0.00010384869466887601
696 0.00016148815014249744
697 1.4755910498722182e-21
698 0.26577199138989216
699 0.0005743417268824224
700 0.000721608849485153
701 0.00019619113756718688
702 1.4030407831348033e-05
703 0.00012781999561621072
704 2.9705199860504876e-09
705 0.0026474253226357225
706 1.2292639030004419e-08
707 1.73122806406194e-05
708 9.751795064006134e-19
709 1.0104357816342605e-23
710 7.037603316209029e-11
711 9.438450138225675e-06
712 0.48008523769132944
713 0.00854645882245867
714 1.0314743548775583e-15
715 3.411129809442825e-21
716 0.03492894659962039
717 3.279856987523273e-08
718 1.3195282106083806e-09
719 0.004996189019740769
720 7.921663538239266e-05
721 0.0003967725986136202
722 3.22650501733732e-05
723 0.24929072811926198
724 7.643057551841601e-06
725 4.672969518769103e-22
726 7.27823446359876e-05
727 2.213083444183931e-09
728 4.4376788688592026e-20
729 0.34527846262005685
730 0.002330630255819614
731 8.503613058821601e-14
732 0.01626073405069197
733 6.569934701279295e-23
734 8.579313830313103e-29
735 1.8902347798050126e-14
736 0.4222844866184128
737 0.05727378286937448
738 1.1929235654390404e-20
739 6.15878346167099e-22
740 0.00016313311231666827
741 1.6249855183169741e-21
742 2.513703241097346e-15
743 4.482862660180958e-05
744 0.0002703669630187015
745 8.060445477932824e-19
746 0.044738136542431584
747 1.0121521644622324e-07
748 5.886291651792278e-14
749 0.7823893641699585
750 0.09761761694486107
751 4.466760885550673e-06
752 0.008236321389998474
753 0.007821499914079278
754 6.348482605893545e-16
755 0.0008671168526370251
756 0.0007096374324111583
757 8.418708863692034e-09
758 3.2904308575611335e-22
759 0.0008970577309064523
760 0.7451801046138316
761 0.331843140824523
762 4.919361429791708e-18
763 0.00012132696600422039
764 0.0008806461810038511
765 3.014709922913411e-06
766 0.0037435044243286746
767 1.2937480706603192e-28
768 2.5156499477516894e-21
769 0.003589908536990742
770 1.9271802257367145e-11
771 0.0019984479122077516
772 5.098999889459979e-06
773 0.021546872585203953
774 4.859181602387362e-15
775 2.888572684903809e-05
776 0.0057438601330690444
777 6.185485857830949e-05
778 0.38462553975123026
779 8.777595773743483e-05
780 0.0005365393630485487
781 2.140493660626917e-06
782 1.147133483781612e-19
783 3.0067348004760344e-08
784 2.0450767463638114e-15
785 0.0005940946559123167
786 5.942027545531697e-30
787 9.900490048549775e-19
788 0.0005069313257285054
789 0.03734578196080519
790 0.06352947341408298
791 0.008035526451680616
792 3.976670009081752e-15
793 0.00034921739815546517
794 3.6554194293229264e-16
795 0.00017781381735361217
796 0.04994979552841432
797 7.436555085540213e-14
798 1.352371974940238e-11
799 0.37860199574553677
800 0.00010766914988614702
801 0.0011918081695399404
802 8.315298111887833e-21
803 0.000203380981493846
804 1.3310377154680116e-17
805 9.67415297737265e-19
806 6.844245896424867e-14
807 1.1653779929679706e-13
808 0.39505049793125546
809 0.0006083672096904693
810 0.001137896190074381
811 1.4830975909764104e-07
812 4.525440196486961e-12
813 1.3619818398633769e-09
814 2.6579153927654365e-08
815 1.250362251442844e-19
816 0.34480217957001813
817 1.4447350225513386e-26
818 1.2492827356866811e-05
819 1.3570718243616517e-07
820 0.017080164067937796
821 2.958767351044795e-08
822 0.0002179512125381079
823 1.9986596964816403e-26
824 0.03907178260045141
825 0.390523426001568
826 9.178925840341925e-13
827 6.882060452654375e-19
828 6.094899014810632e-09
829 5.234603414703587e-10
830 0.030340029746300953
831 0.0013695448319077793
832 0.04991255661630495
833 0.28543702444963714
834 0.0033731431660257117
835 0.253444556750072
836 5.12109344986099e-13
837 0.7336620078279308
838 5.735461138006117e-07
839 0.0036271278575091687
840 0.17826169475254539
841 0.003192092492317717
842 0.011997698502723232
843 0.003541567482809459
844 0.00462535572484048
845 0.007001016272952979
846 0.0022160372576333666
847 0.4994102290885693
848 2.198191454284063e-24
849 9.401900914239444e-17
850 0.023086945203835828
851 0.0016192073262063192
852 4.252554649900811e-05
853 0.005945522578650217
854 1.6997117222695058e-20
855 2.8374345701430656e-14
856 0.29741988422010074
857 7.893798692760709e-29
858 1.1853975122326622e-29
859 0.004118958843231394
860 1.5235603958689484e-12
861 3.3373062597888797e-09
862 7.077183850007298e-07
863 0.000146162662066631
864 0.2710921517163368
865 0.4329043038003342
866 1.265628968956448e-13
867 7.843386428557226e-05
868 0.023444630862569177
869 8.736294637652038e-10
870 3.0139189265827205e-10
871 0.008234438870196632
872 1.8859657616404542e-09
873 1.3362339185762956e-06
874 1.253385078698454e-05
875 5.010420809881159e-16
876 0.002096742390161036
877 2.4758859321632283e-05
878 0.002105885643386219
879 2.5272973169464973e-05
880 0.1953044665142522
881 0.00855359355110796
882 1.0891782195346016e-06
883 1.1640371220056355e-07
884 8.665287867649702e-07
885 5.236237377456608e-07
886 0.41892594323979027
887 5.060300441970524e-06
888 3.308192198387413e-19
889 3.1552938083807187e-09
890 0.022791221402068237
891 5.733863519943038e-12
892 0.049082530573810144
893 9.211837541174005e-05
894 2.8125934165992273e-09
895 3.493762162484149e-11
896 4.258546423971405e-09
897 0.5097567177891992
898 1.1336475803194957e-11
899 0.033613020490143294
900 4.4361046168615734e-12
901 3.4222684503318406e-13
902 0.3313909633282844
903 0.011032477287865626
904 4.992857703720735e-13
905 0.0037499929694419297
906 0.0024423112442509953
907 4.822374028709089e-38
908 0.0017609212898685308
909 0.00013744014599988773
910 0.0071616638638609
911 0.00021777446552520647
912 2.7085119580244508e-16
913 5.686949888050001e-23
914 9.468666791293808e-09
915 0.034556116563130186
916 2.462218057210842e-09
917 1.4645442045202965e-09
918 7.357900968721095e-11
919 3.138246925813108e-20
920 0.2591067192303914
921 3.4883054507638067e-06
922 5.758681469659388e-05
923 2.5578250257085235e-06
924 0.00014630489261926348
925 8.554727166092602e-23
926 1.1758652395852467e-19
927 5.808451782315206e-10
928 3.0931826683588696e-05
929 1.0182920928136266e-05
930 0.038501496148592704
931 0.0003904564941617858
932 1.3139281377386462e-08
933 6.201160448531208e-06
934 0.5146786766913599
935 2.7231048559943004e-05
936 1.5367000655813714e-06
937 0.00034674723425706763
938 1.0812562813533856e-19
939 5.91038336023983e-15
940 0.17164549280134284
941 0.019838701981079288
942 0.35186388913718014
943 1.6263682114732947e-06
944 0.006496181021385718
945 1.2068345445461361e-06
946 0.2726306525311972
947 5.9123512663530064e-06
948 1.4279540536543092e-06
949 1.4216520702450922e-06
950 1.457838329399158e-06
951 0.17336009835169094
952 1.086530955734196e-06
953 0.4577644845826625
954 1.1142087123004624e-06
955 0.0023674031898400527
956 6.693677722733447e-08
957 0.007969082853829048
958 0.022532670404855425
959 0.0005701971285650498
960 9.33943387782748e-05
961 5.43813499645103e-05
962 0.6711007235520688
963 0.02639759550982659
964 1.1610301440069627e-27
965 0.0025008241924393926
966 0.16567311898448392
967 1.114961188552116e-12
968 1.8512176556676034e-17
969 0.022743081614536843
970 0.00849632199465129
971 9.572177939196857e-12
972 7.21915171176866e-05
973 5.443165324342044e-05
974 0.0013209325036183525
975 0.003989177889556264
976 0.00036023494840548297
977 5.590522283297908e-05
978 3.954856602009543e-05
979 0.019336123936649297
980 3.1298169684329824e-15
981 5.1674080540941714e-05
982 0.00030452719370156826
983 6.232364727829881e-20
984 4.956625667833442e-05
985 0.0549906492361561
986 0.00641516336896424
987 0.0006061341363228908
988 8.624554602343309e-17
989 0.08361733727624798
990 8.096410106496236e-14
991 0.0005108556164742591
992 0.008612584196297814
993 0.0005146641961362791
994 3.2112316994482594e-14
995 0.07543115705990244
996 6.47893117241332e-05
997 2.3583690708993196e-09
998 0.30599153535040635
999 0.1373560071194801
1000 0.548393126041351
1001 0.0005213161333548818
1002 1.971394490769446e-06
1003 0.007098621719016622
1004 0.05972275546440326
1005 1.9111635447453792e-08
1006 3.482716823880717e-05
1007 2.404061502865656e-13
1008 2.749917289996293e-07
1009 0.011356246327259744
1010 0.0011035733661413822
1011 6.493084053566848e-13
1012 9.448707879912387e-15
1013 8.64380334888225e-05
1014 4.3970585518700255e-09
1015 0.00021988680502936975
1016 2.1656630369161115e-18
1017 3.7753575334310286e-05
1018 3.35006945003028e-06
1019 0.00410852809883364
1020 0.13500715966523916
1021 0.00031522757550903475
1022 1.1092524274106e-06
1023 0.03248950014046412
1024 0.0015827172285992031
1025 2.8450281208557098e-08
1026 0.0055789741031280465
1027 0.003971066780553346
1028 0.0017495332572921812
1029 0.04885131900192676
1030 0.0004171381472673898
1031 0.5706022894839413
1032 0.028846172092955407
1033 0.01053523064347324
1034 0.00041427369844382886
1035 0.0043401956197206895
1036 0.04308903338643098
1037 0.00014694240977238256
1038 0.00444864170942139
1039 0.308515549485058
1040 0.00023820288138385156
1041 0.0021470777267056707
1042 1.9908614299216168e-06
1043 0.0013378659250739664
1044 8.498693656070867e-22
1045 1.8309688125290163e-13
1046 2.2384408364198976e-08
1047 0.5090428394311657
1048 0.004317719780691851
1049 0.014798362122124717
1050 3.3433814295456894e-06
1051 4.128122496057049e-09
1052 0.003418815752336471
1053 0.0020203592312159706
1054 0.002191701838545401
1055 0.003046014030010304
1056 6.483972920569121e-05
1057 1.4249453972312518e-05
1058 0.04144107300141339
1059 0.24053637120176888
1060 0.033656762393904284
1061 0.00019045370546743072
1062 1.3062446193373757e-07
1063 5.692581459433034e-05
1064 3.691871755135522e-17
1065 0.04395198543042657
1066 3.036716159624419e-22
1067 0.06907101221688287
1068 1.246604529406295e-06
1069 0.023446305891093776
1070 2.517044278252155e-11
1071 2.410659278781064e-05
1072 1.6315308672289357e-05
1073 0.00038482390363852177
1074 0.00035651094033620814
1075 9.219385158342642e-13
1076 0.016343209195498237
1077 1.663967281017143e-05
1078 8.40656757679949e-15
1079 0.0538787690661123
1080 0.02247585512960325
1081 0.0088178505270369
1082 3.5801589020643087e-07
1083 0.018315396135121783
1084 0.062001235908884435
1085 0.1139875294260839
1086 0.055331299032435055
1087 1.640758662256529e-15
1088 0.081720360199046
1089 3.4140047189757076e-06
1090 0.044895939028148764
1091 0.013510804399535531
1092 0.22718150295185133
1093 8.961269468129039e-06
1094 0.002859049541934421
1095 0.031913923986170205
1096 0.000876447766772666
1097 0.00031181385959195434
1098 0.04249178025952771
1099 6.15276719230936e-05
1100 7.115944922350691e-12
1101 0.024301759789047177
1102 0.4425949842070878
1103 0.0167802939194991
1104 0.0018581345825661988
1105 6.130635259181695e-16
1106 7.282244728007566e-08
1107 0.3819848220887151
1108 0.009201431112014054
1109 4.576378068104428e-10
1110 0.19650174360404304
1111 1.476590570901664e-09
1112 3.4742486630767513e-07
1113 0.11582599157886411
1114 0.00845025318720331
1115 3.5624198080015195e-07
1116 0.0035381901512800103
1117 2.3347046062342133e-08
1118 7.421242941730375e-20
1119 0.059233709490119704
1120 7.702604826886945e-06
1121 0.0004093091662684859
1122 6.680268151785551e-05
1123 0.00025190131365542505
1124 0.0007498169477433548
1125 0.31378146463000656
1126 0.0005693323347431127
1127 0.12048178382141798
1128 2.025696194073167e-18
1129 1.1637647625627881e-10
1130 0.34406420562879075
1131 6.2863871134506e-13
1132 0.40915054398351014
1133 0.05046910549498479
1134 5.085757094596124e-20
1135 0.00019351688351629663
1136 0.0016578070287708785
1137 1.3171979942549763e-07
1138 0.05312575284975898
1139 2.046229927252198e-08
1140 5.61973383859981e-07
1141 4.360193781015989e-15
1142 3.951568166320171e-17
1143 0.005675143038826379
1144 1.162827767480047e-06
1145 4.7002043407940977e-07
1146 0.027779906419766586
1147 0.06175696021224251
1148 4.399028060702644e-05
1149 0.06342890273577022
1150 0.39855820382849627
1151 0.00022132507393217787
1152 1.1543855553609982e-05
1153 0.032665266652274205
1154 1.2397463845103176e-07
1155 0.02514426437053697
1156 0.03304286801429553
1157 0.23711918686306002
1158 0.013453377769123318
1159 5.3582964336781865e-05
1160 3.953402777269945e-15
1161 0.06237560931750564
1162 1.2015726382798971e-09
1163 0.0891800827562028
1164 0.00838062206509057
1165 0.06877964041672585
1166 0.32890804306763255
1167 1.7153221914827006e-05
1168 0.0005330886538311123
1169 4.053768763765808e-05
1170 0.39384153254054577
1171 0.004695609737443882
1172 0.2626273613636928
1173 0.003835301151696671
1174 2.901726855584151e-09
1175 0.4514073194722888
1176 0.012238199462417741
1177 5.040452207650166e-07
1178 0.0004908208908560799
1179 0.026856253983676664
1180 3.858206729658546e-05
1181 0.019618944696854216
1182 0.022353552714525642
1183 0.494179426090867
1184 0.0001287432027503023
1185 0.38433345188968615
1186 0.04544009731807768
1187 0.027638493202526947
1188 0.012697464652162527
1189 0.011796096161635102
1190 0.000734991927278645
1191 0.004135756256629245
1192 0.005050798952953627
1193 0.44676996891105897
1194 0.0007464185630372432
1195 1.0553443532500851e-10
1196 0.49363797590762376
1197 8.486037884717689e-13
1198 2.9422665916078038e-05
1199 6.1587538867820286e-09
1200 0.0007666479436049763
1201 0.0075655131657732235
1202 0.005908803848114075
1203 3.5032292283561815e-14
1204 7.2768676653526976e-09
1205 0.07141407370326931
1206 1.9986296360554834e-06
1207 0.0004314394650752218
1208 3.0119838690980114e-06
1209 1.2281200458551618e-11
1210 0.013656754619215034
1211 0.06601915838031594
1212 0.15641741273674087
1213 0.021809973838007812
1214 3.575570050765416e-19
1215 0.0015549743600180117
1216 0.00014350742485786137
1217 2.093021501924372e-15
1218 7.577370584780692e-06
1219 6.258832874666516e-06
1220 0.5187545876237202
1221 0.008928793166556316
1222 0.00032011270812495933
1223 0.011029853081721618
1224 1.445121800128404e-07
1225 0.0077973544302735575
1226 0.03598307332070889
1227 0.0001867242615184095
1228 0.010358500425358965
1229 6.518555374816584e-14
1230 0.013474281276947346
1231 0.015791052895870378
1232 0.23728208013263247
1233 0.0006740814620265126
1234 2.6418735906365033e-07
1235 0.20397676935035894
1236 8.176728664548872e-15
1237 0.013276398602356637
1238 0.001341771347236842
1239 0.16974948594155842
1240 1.0402807340453541e-17
1241 1.208428639075291e-07
1242 4.13211277592036e-05
1243 1.6127662900765988e-06
1244 0.0005711668001943087
1245 0.02683136232121162
1246 0.004092582935184554
1247 4.2738704015196656e-09
1248 0.0002652749281851008
1249 0.31068539506209275
1250 0.49137873849225244
1251 0.0035344799194544294
1252 0.5523986993355532
1253 0.031618263472736455
1254 0.5119646161855387
1255 0.00770725733650722
1256 8.603444763603687e-06
1257 5.1783933275038296e-09
1258 2.1806082291407582e-13
1259 0.001830223983456252
1260 2.2345158521382915e-11
1261 5.161076630982933e-05
1262 0.646420479895686
1263 1.6676847658230224e-06
1264 0.3908098265872011
1265 4.879373314871364e-05
1266 0.013650855058683109
1267 0.016202538260284186
1268 0.004668220947400748
1269 2.5805221761428382e-06
1270 0.000828459312648146
1271 8.20128121714559e-07
1272 0.006433461242601882
1273 5.033541393711114e-15
1274 0.49663878437002096
1275 0.20562736373135046
1276 1.0722338459376528e-07
1277 0.002653412497329698
1278 0.3243718291537103
1279 0.11963346078217456
1280 5.6718613220645684e-05
1281 0.0006341894412943875
1282 0.5842142233614045
1283 1.6777578184661363e-08
1284 3.179055924863537e-05
1285 0.18983455678510278
1286 2.0447593211475647e-08
1287 7.938385845278852e-08
1288 0.006790145397667059
1289 6.0276858990806386e-05
1290 0.3581092244947407
1291 0.3113561088682844
1292 0.26870635191282705
1293 0.43520397009157663
1294 3.536203283572339e-07
1295 1.932156325308325e-07
1296 0.4576432186817872
1297 1.5586099897601348e-16
1298 0.0045834887907270205
1299 0.3878155597316784
1300 1.5536496465639054e-07
1301 0.0015842995349026963
1302 0.0009902115271410166
1303 0.35589653225548573
1304 0.0799342247713912
1305 2.0834834446565156e-10
1306 7.119588844797123e-13
1307 1.0821025275321693e-07
1308 0.0008645924992170436
1309 2.023939933703543e-06
1310 0.2518867107341584
1311 0.013225589839376535
1312 0.0005686818143795715
1313 0.4463070830743718
1314 3.801549092932426e-05
1315 0.009667021764194645
1316 0.001186972438809128
1317 0.00023517158190686265
1318 0.38013668483965485
1319 0.00019775474581991762
1320 0.01839731423606887
1321 5.030088423555152e-07
1322 0.11338585926577269
1323 0.0005406839314696537
1324 0.002029829659596876
1325 0.2727664721397433
1326 1.285749483770977e-22
1327 0.005477171136352275
1328 0.5845095184336634
1329 9.06134590923133e-06
1330 0.09696527442076365
1331 4.734124134655178e-12
1332 0.005419177276161774
1333 0.003018161544929174
1334 0.011319230784035942
1335 0.023115337250222676
1336 0.0005723150320304181
1337 0.00046803719529378297
1338 4.810518674858887e-06
1339 0.06856810555419537
1340 0.004148379382178245
1341 0.019923670090801184
1342 0.20030649248871918
1343 0.02430435264307924
1344 0.02917717309804866
1345 0.43166255055487085
1346 0.27332280921440694
1347 0.0032600087021319576
1348 6.192278573014706e-05
1349 0.0004327259399890557
1350 0.002284045643997138
1351 2.230600800551991e-08
1352 0.006077543823885794
1353 0.01587288801422972
1354 3.9869253175926504e-10
1355 3.0668922955292086e-08
1356 0.0006838289139011098
1357 0.006197280354588719
1358 0.013532755604619256
1359 0.597303883488912
1360 4.425944092015409e-06
1361 0.0008964863453160321
1362 3.1384524883632138e-06
1363 1.6203613634523134e-09
1364 4.461060305033775e-07
1365 0.00063307995877415
1366 0.29569352019460327
1367 0.4150341992150323
1368 1.114744532662108e-14
1369 0.03515549164846414
1370 0.5719110840326116
1371 0.018302364364057216
1372 0.024119583524903208
1373 0.004941845425159138
1374 0.0014130148972824827
1375 0.022292436081939992
1376 0.001987335594954978
1377 1.8139873015495494e-06
1378 0.5633491583928202
1379 3.623184693180921e-13
1380 0.08522301279328265
1381 0.012949149253051875
1382 0.10632197219692022
1383 0.007983896762885682
1384 6.1793966980208994e-09
1385 0.005737140907467043
1386 0.0051600569671447025
1387 3.1924478986293464e-06
1388 0.8007681963758071
1389 0.3532332800663762
1390 0.0012631051652457926
1391 2.350390660905583e-05
1392 9.220965176060644e-07
1393 1.9699873703540308e-05
1394 7.2187677752076915e-06
1395 1.6651845959913657e-10
1396 2.652599199014726e-05
1397 0.3106782830076296
1398 0.1485059418492593
1399 0.5826990116788434
1400 0.5204996957219699
1401 0.01290023551841042
1402 0.00019642299013025315
1403 5.45135169188646e-07
1404 1.60770372066088e-07
1405 2.569814961554049e-07
1406 3.0426727669416703e-08
1407 0.036794176296675175
1408 0.033736247295759816
1409 7.300497498083067e-05
1410 0.004477966770655276
1411 2.0716790839788302e-09
1412 1.7622597370742474e-05
1413 0.00041181532463055155
1414 0.03125155186314632
1415 1.0493666530083997e-07
1416 0.001541702291453825
1417 5.963311463750903e-13
1418 0.0001703236315310526
1419 4.4721248315286234e-07
1420 9.397669640961722e-07
1421 0.13166602989132017
1422 1.1709262475709416e-10
1423 0.7442510879773142
1424 3.0673205455003e-05
1425 5.735317280008824e-07
1426 4.174498521723161e-14
1427 0.026889480043647676
1428 1.8693836180714573e-05
1429 0.000187974636856236
1430 0.48655064603544435
1431 7.803107490746594e-08
1432 0.00020575848639166127
1433 0.016346495666017487
1434 0.3549065537761735
1435 0.010487024278333491
1436 2.0648900417471995e-07
1437 0.033405759854825155
1438 0.01443726475823131
1439 0.017673030341610114
1440 4.3125714921221135e-08
1441 0.0001431513081825525
1442 1.4516523573032762e-11
1443 3.102126030721356e-08
1444 5.2858445944216024e-05
1445 4.527797668419316e-09
1446 0.0001735582209452557
1447 9.398187156447002e-10
1448 1.410519964713256e-12
1449 1.4829942259681987e-09
1450 0.008015870137242344
1451 0.6420836064261876
1452 4.3252689303750375e-05
1453 2.2153736546937617e-05
1454 0.019568945663442788
1455 8.426914212934898e-13
1456 0.5724770452196043
1457 6.71704452509221e-07
1458 0.061895910221892114
1459 0.020371990426020697
1460 2.8320017650711206e-07
1461 0.00031044099425497375
1462 0.06528871723095302
1463 0.5989008261474077
1464 0.05959888597248979
1465 4.709085603502218e-05
1466 1.0783670983348076e-12
1467 3.877881703672606e-09
1468 1.1362009779981347e-11
1469 0.0017591022180413985
1470 5.163880981460429e-08
1471 1.2207745722499334e-10
1472 4.464971969320717e-05
1473 1.0831992102350555e-09
1474 0.00357984084336935
1475 0.19130447721300411
1476 0.00013007493948746123
1477 6.916824597794579e-05
1478 6.964529841716585e-11
1479 0.0005784996132658271
1480 4.953388829192366e-07
1481 0.00010348959409868462
1482 2.9397850645136466e-05
1483 0.0002872024933181528
1484 9.87901457326906e-13
1485 3.506835646562727e-06
1486 2.2485921259404778e-07
1487 1.511140416666714e-11
1488 0.00016651798313215414
1489 0.04485352686293952
1490 4.98212023451735e-15
1491 2.7511693405128358e-05
1492 0.27476639292762706
1493 0.00023929448246158268
1494 0.015306574672252866
1495 9.722164722455518e-11
1496 0.5394569779271936
1497 1.220155003150095e-07
1498 7.438734404446402e-07
1499 0.001643847694755428
1500 1.1172116927392665e-11
1501 0.00020841643654363355
1502 0.00038391797149660815
1503 8.652945953946022e-11
1504 0.18611976122518983
1505 0.00017993543612506707
1506 0.706421739168543
1507 7.642105321845697e-11
1508 0.013731324649158425
1509 0.011117650576249716
1510 0.3697514945460949
1511 0.46187390487533553
1512 3.623493429568445e-07
1513 0.06728032081033021
1514 0.00047220941794236373
1515 0.27139938127684854
1516 4.348214380521648e-10
1517 4.2767735684626757e-07
1518 1.0557744377631174e-08
1519 0.001264567988870936
1520 0.016330076671035944
1521 0.020252638107110702
1522 2.975164518241539e-06
1523 2.165019070178917e-05
1524 0.016795314220044454
1525 0.029886198682545325
1526 2.8719207866180547e-11
1527 0.013303693297353966
1528 7.859328781411274e-13
1529 4.007459926801075e-14
1530 4.48620229418606e-09
1531 0.004416909362863621
1532 6.88131399184457e-13
1533 0.11011916687410449
1534 0.016056515540259584
1535 1.2281531327568594e-05
1536 3.351976218023672e-13
1537 3.98913857394834e-13
1538 1.978745689926775e-05
1539 1.2142214071079041e-05
1540 0.3516990482156306
1541 1.2720833174022979e-06
1542 0.0002525375761836345
1543 0.025966940381068313
1544 1.2047334416542907e-12
1545 0.08837077653756582
1546 0.9140014412730421
1547 2.066344671500685e-12
1548 0.00013840683661942192
1549 0.048339301095051884
1550 0.01373595249785766
1551 5.445822939157534e-16
1552 0.03524701723721925
1553 2.477692911745575e-10
1554 7.974886844038171e-05
1555 7.505069765791676e-13
1556 0.06675054473194017
1557 6.282055112252828e-11
1558 4.383001181026901e-16
1559 3.184138010358011e-05
1560 0.4337889216683404
1561 1.3934967672315885e-08
1562 4.56294429665151e-09
1563 1.0136923282194067e-05
1564 1.0330301484965965e-10
1565 1.3101304477009276e-10
1566 2.0384065495133202e-05
1567 9.522121981029895e-10
1568 1.8089446255747823e-15
1569 5.611622557533925e-08
1570 2.916238342752434e-14
1571 2.1291522529449215e-10
1572 0.12838896914012385
1573 1.6933585204039696e-12
1574 2.0641228630989752e-08
1575 0.00010016855062308599
1576 6.038540396811859e-05
1577 6.474559835163652e-10
1578 1.1481818730588192e-07
1579 2.431671889503041e-10
1580 4.981047271784905e-07
1581 7.94997059751753e-05
1582 0.01170823694107195
1583 1.5287149760107646e-09
1584 3.2214446158194576e-08
1585 0.006809972524459146
1586 0.03534567359930411
1587 0.0075336604056731645
1588 3.192128879796426e-09
1589 0.009286203562068506
1590 1.0863687512466887e-05
1591 8.777757290671636e-13
1592 9.028679840590747e-10
1593 0.0004027481823591609
1594 0.03167950821705006
1595 2.919652618454373e-06
1596 5.131286642836523e-09
1597 3.4002859021903603e-06
1598 0.0009710851795278674
1599 0.013700396739069805
1600 4.906514789840049e-05
1601 1.8963247153601338e-11
1602 0.02539179986783386
1603 1.350071047822831e-13
1604 9.888965648317075e-15
1605 1.555304934765838e-11
1606 3.0129157533921e-10
1607 4.52668074235988e-07
1608 7.323011025809619e-09
1609 0.03756453037262286
1610 0.23419779730537346
1611 4.673351832010414e-14
1612 0.00020998810204660878
1613 4.452588830112957e-12
1614 1.6262717054176734e-14
1615 7.90135030199262e-09
1616 0.000704857597495166
1617 6.8913548103009266e-09
1618 0.0007364314415126995
1619 0.00016197925117906212
1620 0.06786804390588583
1621 1.0307603964803111e-12
1622 1.4991089886482648e-14
1623 2.6019901769133363e-09
1624 1.8198144202847272e-05
1625 3.8628983006073785e-16
1626 0.31561753133087145
1627 3.257347373884566e-06
1628 0.0002493989445228188
1629 6.819407786233506e-08
1630 3.15414330742153e-12
1631 6.227077109801205e-10
1632 0.038558255516983185
1633 0.017627962610028948
1634 6.5805696492920025e-09
1635 1.422815352895936e-07
1636 0.010708494402480529
1637 5.444531652701585e-11
1638 0.0064937870368568336
1639 3.457472136218704e-07
1640 3.377370018238455e-14
1641 2.1149467475517583e-14
1642 4.684475757728186e-14
1643 2.9472065404223576e-08
1644 8.492444697471863e-09
1645 7.902124858764216e-07
1646 1.6965723667724624e-08
1647 6.162901679933731e-06
1648 0.06473246189640183
1649 4.665889523588508e-12
1650 0.0026884293638883955
1651 0.1134572695486756
1652 9.68658037915056e-10
1653 3.6823195224079216e-09
1654 3.1538990960779688e-12
1655 8.406075693963764e-07
1656 2.7499811696318165e-13
1657 1.5639349305818017e-13
1658 0.0005128697854691537
1659 0.2839593149771999
1660 0.00014608675599626014
1661 0.001436907564384669
1662 2.953733562414504e-09
1663 7.354615604398579e-09
1664 3.468952897825886e-07
1665 3.3010125656096257e-15
1666 0.0008591477284688333
1667 3.1511312823267363e-13
1668 3.8426953122552145e-13
1669 8.644527010977063e-14
1670 7.908808191679487e-10
1671 5.48425240502823e-15
1672 4.856063296230503e-08
1673 2.671808370680861e-09
1674 1.0812429068073981e-13
1675 0.2510937015813312
1676 0.0324240651885425
1677 1.0669857640826744e-14
1678 2.2576502569704485e-13
1679 8.116177803192482e-14
1680 5.783671304474632e-14
1681 0.05717848857384082
1682 7.659773933652577e-16
1683 6.184992890417225e-11
1684 5.309609476934836e-14
1685 4.083702232465986e-14
1686 4.560263710137167e-13
1687 1.4716244958340377e-13
1688 6.414394597078824e-15
1689 1.0542829058930627e-14
1690 2.2597738748481527e-15
1691 3.153676009866224e-14
1692 1.3665693648801853e-13
1693 3.715592449238839e-15
1694 1.262888744327556e-15
1695 9.954008541210141e-16
1696 0.027438448163346247
1697 0.6592850398464187
1698 5.313952926280914e-10
1699 1.898238591509721e-05
1700 1.6156258267055795e-05
1701 0.00028677766846794625
1702 7.722551322040336e-07
1703 0.011797237079651905
1704 9.641165155166382e-15
1705 0.0011572141609830085
1706 3.3309991145638947e-05
1707 0.11123136268308159
1708 0.04701665806557788
1709 9.052622382108494e-11
1710 0.005173016016764588
1711 1.612123617654511e-09
1712 1.630315741411909e-17
1713 2.1105507712866373e-05
1714 2.265123195872426e-06
1715 1.924497203290961e-06
1716 0.03619822421526597
1717 3.2307725441094048e-12
1718 2.349503024749228e-06
1719 1.1739160498007413e-06
1720 1.0431664511667282e-10
1721 4.405498357927629e-06
1722 0.0013125474202757732
1723 9.967140852104803e-09
1724 5.018318511202909e-07
1725 0.030030829479655297
1726 0.02598439752677173
1727 0.04269492544521003
1728 2.3460111312949854e-08
1729 0.0003604703361959812
1730 2.8030910961560426e-10
1731 2.385212901613264e-05
1732 1.080676811688245e-10
1733 2.2733835487677783e-06
1734 1.720248169852325e-05
1735 0.00016591308317775763
1736 2.308596575445433e-09
1737 0.018007757040862035
1738 2.5533050076772245e-10
1739 0.0025568547001123365
1740 0.0018769348364474046
1741 3.046798864302923e-12
1742 0.017710977554058264
1743 0.00027543394400889395
1744 1.7570710782512982e-05
1745 0.17887703727154822
1746 4.344712510610342e-05
1747 3.860279816584792e-12
1748 8.007672111180826e-06
1749 4.1414815969652846e-10
1750 0.046815016533250965
1751 0.01736624122118702
1752 9.071442452208834e-05
1753 0.00012827687666907265
1754 4.223866447392637e-12
1755 0.23538749941331547
1756 0.0002850147794783116
1757 0.2227929175362553
1758 9.76073369334036e-06
1759 3.898554028317636e-11
1760 0.01977011313552651
1761 0.00017181913289609553
1762 1.872106612541279e-07
1763 0.21818656385066856
1764 0.28677379072854453
1765 0.3441195596552639
1766 2.382823367453115e-12
1767 0.0002185268417549847
1768 0.010736367584497279
1769 3.2894898840975366e-15
1770 1.2247768035921015e-20
1771 7.638848866280821e-12
1772 0.02253245041368461
1773 1.1708575026811723e-10
1774 1.3625781065123358e-05
1775 0.32942439537245505
1776 3.669790111679206e-08
1777 4.1803705636087635e-10
1778 0.022036600513398733
1779 2.0388863094669533e-07
1780 0.0032121994793023532
1781 0.0030012846821158793
1782 0.030116001137928766
1783 1.1243229909689496e-12
1784 0.006188543538955418
1785 2.3220104358533663e-08
1786 3.4317792231203975e-07
1787 5.059035020108977e-09
1788 2.126154598349724e-05
1789 0.20985265640428397
1790 0.026980229287623548
1791 0.029925534571888186
1792 6.857552307193328e-10
1793 4.213222787510914e-11
1794 1.4266285828306567e-05
1795 0.3460050508913865
1796 0.027315149190709286
1797 1.6443668556258403e-13
1798 3.136383741532913e-10
1799 5.998585979939203e-09
1800 7.604511301521036e-12
1801 5.915019448516137e-05
1802 0.2965139935002712
1803 2.8380741804220993e-12
1804 0.02091253154691751
1805 2.0866742162741994e-12
1806 0.009924006141452531
1807 1.5242254419575867e-12
1808 1.254099849609811e-07
1809 7.218134539663342e-13
1810 2.8529995636683765e-19
1811 0.4665764370078651
1812 4.033400469171935e-21
1813 0.0038277479953432807
1814 8.787119781849168e-05
1815 0.3373828525055681
1816 0.004192234543294665
1817 0.3864423677497208
1818 2.0973292084057718e-10
1819 4.743628045414249e-09
1820 1.442012657305099e-08
1821 0.09914456695015164
1822 0.23179920622867592
1823 0.01855608245914659
1824 2.933994623459537e-07
1825 0.644676872647856
1826 3.8965376984223564e-08
1827 0.4969713207186212
1828 2.646293032442085e-06
1829 0.00415726876052087
1830 1.784365585373673e-07
1831 7.290259150099782e-13
1832 9.129732791667722e-06
1833 0.7737578807577065
1834 0.6327332997443724
1835 0.004371431146222867
1836 2.261481019528934e-09
1837 5.628306962462024e-26
1838 0.00014278146733692453
1839 6.283155292371234e-11
1840 0.0001157412723940714
1841 4.685888487125992e-12
1842 0.0037373246131705627
1843 5.658826916664295e-05
1844 2.568067704949259e-10
1845 0.003646231166609357
1846 2.019845240332824e-12
1847 0.3070837005351145
1848 7.504360089547067e-07
1849 0.8597306281139773
1850 0.7154799868582657
1851 5.640680712218072e-10
1852 0.12782585637599936
1853 2.1603027791601568e-10
1854 0.03837076302156119
1855 1.7095393401668634e-11
1856 1.3161345381308258e-09
1857 2.435099220330697e-06
1858 1.3946121897218097e-09
1859 0.09030565862196822
1860 0.00013945560290387588
1861 2.928260728218681e-13
1862 3.943379261557285e-06
1863 0.07083904033407064
1864 7.881682534863967e-06
1865 5.002999301192775e-07
1866 0.032475708338744025
1867 7.426761258867523e-12
1868 2.7583942946406233e-11
1869 2.172152943103396e-10
1870 7.91415485995561e-10
1871 0.004595689412450818
1872 0.8860267687496978
1873 0.17658070634648804
1874 0.2757194112645164
1875 2.382526979116232e-10
1876 0.00015982870346688307
1877 7.2518547810703835e-06
1878 0.5860549188307542
1879 0.0003552424548795914
1880 0.09918834233633202
1881 1.393556890839931e-09
1882 6.365880762226697e-09
1883 1.4899976036390438e-10
1884 0.0025254497452732727
1885 0.25890430188741187
1886 4.2750478827633723e-07
1887 0.8453148905446024
1888 0.000946859945119714
1889 0.00013930581314016465
1890 2.1557971460231727e-05
1891 1.5467627295193844e-09
1892 1.0371545588700658e-06
1893 5.13903150609522e-06
1894 1.4115485751886828e-11
1895 0.0018350109777370205
1896 0.03562854985106411
1897 7.892822807752636e-05
1898 0.6029501194165499
1899 9.388265401900812e-10
1900 0.023567763107732682
1901 9.670325560264194e-11
1902 5.370284734485958e-10
1903 3.77552689063887e-10
1904 6.962399316859433e-10
1905 5.987107904828954e-11
1906 4.2974802752915375e-11
1907 0.027113750610944506
1908 0.0038523792060610827
1909 9.5445352300238e-11
1910 0.05241376551405172
1911 1.5306530716266663e-09
1912 0.002123377479533812
1913 0.00017669616389678701
1914 0.0002679259827109267
1915 4.005031019892769e-10
1916 5.40457042349171e-08
1917 0.39205265488941327
1918 1.0095538527274958e-13
1919 7.806529732042431e-13
1920 4.9066390585221154e-08
1921 0.0002897573438987567
1922 6.96996709551563e-05
1923 0.19883678632233173
1924 0.7436934168072169
1925 2.282268257756692e-09
1926 7.21635525406215e-08
1927 0.049819694851739066
1928 1.0348971118742798e-09
1929 2.369893590846557e-22
1930 9.28610086373546e-06
1931 6.574426074986728e-05
1932 0.000709578582539279
1933 3.442691577191791e-09
1934 4.762405985724403e-09
1935 5.048268202598271e-14
1936 2.2695531514952882e-09
1937 1.5954397613664856e-09
1938 0.05111127839821857
1939 0.0001620662534335902
1940 0.0029022149302128384
1941 0.002268067990932294
1942 0.00024181879650106148
1943 1.1837681891328809e-11
1944 0.08326275587720332
1945 0.0015858207567123765
1946 0.04355858315386401
1947 0.0009011397731110827
1948 0.1572428751181937
1949 0.36620892690669105
1950 0.3095229786088497
1951 4.1079943323250524e-05
1952 0.5260258320390461
1953 1.2357242508855772e-12
1954 3.232930057679823e-11
1955 4.02813723568092e-09
1956 0.0732724695558355
1957 3.276045997927887e-07
1958 0.028767787444766883
1959 6.294333194993559e-16
1960 1.5523267916852045e-08
1961 0.7259241431720247
1962 1.094345520298912e-08
1963 5.142190562618525e-06
1964 1.672909459290768e-07
1965 8.66564502531918e-09
1966 9.2647037527333e-10
1967 0.6042077925984372
1968 8.870180128369461e-07
1969 0.051748499939031994
1970 0.0001250584835123267
1971 0.015095005185087556
1972 0.19180675388885746
1973 0.32099046459354647
1974 1.38074866778244e-10
1975 8.613458140277449e-08
1976 9.138479892021128e-05
1977 7.063851904589686e-07
1978 0.0011670573121497342
1979 4.352567256887142e-11
1980 4.540237016914327e-10
1981 2.242952059008922e-08
1982 0.018250825354016533
1983 3.5409501026262117e-31
1984 1.35311299034919e-12
1985 0.14289926481723444
1986 0.17853133805079452
1987 2.0199864258012302e-10
1988 0.13200358382052757
1989 6.305021818218574e-11
1990 0.047380406927364616
1991 6.142193285757761e-05
1992 1.3385786051468868e-10
1993 0.00021571334549851394
1994 0.24517252491962457
1995 2.69836699151808e-05
1996 6.429095692410268e-07
1997 0.02381643856737276
1998 2.2149702486394065e-09
1999 9.54940408750132e-12
2000 1.7026439492591806e-08
2001 0.04030897076972506
2002 8.591558869156916e-11
2003 0.032042187123270005
2004 0.05220290635296499
2005 0.2250555178681483
2006 8.64005076846841e-06
2007 2.3699361563049896e-11
2008 5.649572710296956e-10
2009 0.0001502650907975706
2010 0.0018088524567333535
2011 9.941767110253491e-06
2012 8.560311062072524e-11
2013 1.3378409183689417e-09
2014 2.7515863087916845e-11
2015 3.360125849538023e-09
2016 2.7579144802968546e-07
2017 6.336243999431582e-24
2018 0.00011600144028064606
2019 0.2657528076633877
2020 2.6381142467333808e-08
2021 0.016507846477839563
2022 0.0011448941506818785
2023 0.34467236215539127
2024 0.021788873393774798
2025 0.1038346833305982
2026 4.0660095339523517e-10
2027 0.5668054393870998
2028 2.530362456142118e-07
2029 1.2863579278033544e-08
2030 2.5377229648795537e-06
2031 3.757019308616061e-09
2032 3.1743131672087385e-08
2033 6.828529979775555e-05
2034 0.011484249253292467
2035 7.81791820898803e-10
2036 6.397786089991314e-08
2037 0.4250269966433489
2038 4.576549263911851e-08
2039 2.3969287280049403e-07
2040 4.314775816200352e-05
2041 8.363481893033916e-10
2042 1.738491380242812e-07
2043 1.2646702259851135e-05
2044 0.05928193745199254
2045 0.7002381209848257
2046 0.0036298076166348084
2047 3.084968685288267e-05
2048 0.14562167598539444
2049 8.127803563193066e-06
2050 8.82646506118181e-08
2051 6.613163713332652e-15
2052 0.00039828360708177556
2053 1.2736834901315493e-07
2054 0.2907264070371139
2055 0.010628650295518799
2056 2.891942070284664e-07
2057 1.7189527508551554e-11
2058 8.091028351023168e-11
2059 2.908212703063676e-10
2060 1.4656244681993684e-05
2061 1.596147082384026e-09
2062 4.335086527709638e-11
2063 0.02323719955128784
2064 0.006359395189286934
2065 0.00017621162355772123
2066 0.8005112195561939
2067 6.241567145600912e-07
2068 4.945997171151584e-05
2069 0.00027421936554340167
2070 0.0004481017988187493
2071 0.0035423277345604147
2072 1.6769723526349498e-08
2073 8.782918109917008e-07
2074 3.607928264771743e-10
2075 0.000467705727982298
2076 0.09452778625121949
2077 2.0830723250080298e-05
2078 4.861747883076386e-10
2079 4.5404253027493174e-10
2080 4.765252333099684e-10
2081 0.003659760415101195
2082 3.808901462295301e-12
2083 0.2932906932110446
2084 1.2691651637206066e-10
2085 1.151231489292094e-07
2086 4.694051199671001e-05
2087 0.848641200495186
2088 0.00037336017779917316
2089 4.318247033568235e-09
2090 0.07907909965372663
2091 0.0464936685557345
2092 1.4594796129611518e-10
2093 3.5024594941548853e-07
2094 2.950881413141566e-06
2095 6.005879835497816e-11
2096 1.7940032997067618e-07
2097 2.2079775478728e-06
2098 2.176547695401153e-07
2099 1.552955457192025e-05
2100 7.080453606955154e-08
2101 0.007705021888104492
2102 0.0003349721221839981
2103 1.9317827902080302e-10
2104 4.327248711592025e-07
2105 1.5048146535216247e-08
2106 0.009523628051870703
2107 0.2195875817374225
2108 0.018640178332419478
2109 0.069316081039245
2110 6.451757533015829e-06
2111 0.03409671500686098
2112 3.387895395321324e-28
2113 0.06327648372027424
2114 0.3968956631271161
2115 0.27572447289375307
2116 1.187706261536995e-05
2117 0.8334498880425527
2118 7.22520402081776e-11
2119 7.655017198134646e-11
2120 9.338657396663242e-06
2121 1.7348790305151843e-06
2122 7.099691738998461e-06
2123 8.774390103196463e-06
2124 4.083722617844021e-13
2125 0.13736010636701518
2126 0.004660813384704747
2127 0.0006564771663999579
2128 0.048778593544760294
2129 0.1091984041932609
2130 0.4956571825013482
2131 1.3416009736244393e-06
2132 0.057547190575802466
2133 1.2798600494185882e-07
2134 0.45460381206553474
2135 3.5586036580400034e-16
2136 1.7707840797545487e-05
2137 2.076714549596781e-08
2138 0.00010402520061572781
2139 0.6603465043386623
2140 0.03743062630103931
2141 1.7800053374026635e-06
2142 0.000109979636926599
2143 4.786154995933266e-08
2144 0.0002199642866279572
2145 5.343032914828067e-09
2146 1.9701992773327362e-07
2147 2.6158725526221634e-37
2148 5.932813376949355e-10
2149 1.879798480760536e-05
2150 1.939380474721481e-09
2151 6.092319375191344e-05
2152 0.00812475514948463
2153 0.00016083162613453734
2154 0.05485351404596305
2155 2.184672875310025e-07
2156 9.637670064324504e-08
2157 0.19981533698400333
2158 0.7554498975652236
2159 1.0997171612290298e-05
2160 3.0307812965762704e-11
2161 0.00799533649207265
2162 3.495836251914051e-11
2163 7.458114981671148e-11
2164 2.3740156241567403e-07
2165 4.80576094305565e-06
2166 7.81943569461515e-09
2167 0.0036206464085807343
2168 0.05707200311339057
2169 0.09071321236402557
2170 1.8170181520935744e-05
2171 1.6950293468169808e-09
2172 0.1548892520405829
2173 0.00016023189548069162
2174 0.00035322912204410094
2175 0.10936427673130975
2176 0.1709888838265863
2177 5.273511884384156e-05
2178 3.329243780498445e-08
2179 0.0009483404763700213
2180 0.00017891986591390984
2181 0.809268419857003
2182 0.24099239989812649
2183 1.244478596378162e-06
2184 1.3528262440204774e-10
2185 8.637184402214876e-11
2186 5.086816139304048e-07
2187 0.0002735773392652434
2188 3.2015823075774824e-05
2189 0.3257663023069377
2190 0.8417521589060095
2191 7.302018003548317e-05
2192 5.803864275303146e-06
2193 0.3764284838469908
2194 3.559521204495682e-05
2195 2.0551113850070704e-13
2196 3.568273166945163e-07
2197 1.7093813934523866e-11
2198 1.2256526700702608e-09
2199 1.0240386379341934e-06
2200 9.865473894277701e-11
2201 0.00041223972307229443
2202 0.7884987880433345
2203 0.0007453111092548603
2204 0.001712149971467418
2205 0.0019367953742518962
2206 4.704632514901065e-08
2207 1.2724425501234445e-08
2208 1.9367245821144143e-06
2209 1.519895413801559e-11
2210 0.7314228444061137
2211 5.690158965291205e-06
2212 8.779792653776335e-08
2213 1.3237942556883198e-05
2214 3.3078570384630025e-06
2215 0.6118394514669854
2216 0.6316939292192153
2217 2.779481392746562e-09
2218 1.7866178674879537e-19
2219 5.147383880075569e-06
2220 1.742382005689829e-10
2221 0.00032352053586663816
2222 0.88004796184726
2223 2.911609941561467e-10
2224 0.632015170703127
2225 0.0007046035408471738
2226 0.0009983958003498996
2227 4.0789443087948137e-19
2228 4.263009276027054e-05
2229 0.19293226399930224
2230 7.157270293875047e-05
2231 0.028705947101109054
2232 0.35792959208270014
2233 0.0016949460941813484
2234 3.433354763871962e-06
2235 0.06308502636820781
2236 5.240143294017559e-10
2237 2.4635988548964758e-29
2238 0.5054497186241511
2239 1.2504087711605407e-07
2240 0.6962727085551816
2241 0.0007966714215056208
2242 7.757065309474237e-05
2243 0.678517059441974
2244 0.0022663861569813333
2245 0.004840857674048826
2246 0.10210941226858726
2247 2.0560642516485998e-11
2248 9.645439537455963e-11
2249 0.00040898215321079714
2250 0.03960694621616942
2251 1.589140551123607e-07
2252 0.0002111847676172064
2253 7.039165618966658e-08
2254 0.00399652849725875
2255 0.030750440999360362
2256 0.39702208633857267
2257 1.621274917103894e-11
2258 0.0027774079776604625
2259 3.541112415180004e-22
2260 0.0575515468948102
2261 0.0018392414241334687
2262 9.966037632183071e-06
2263 0.5244319152024395
2264 6.610817205756042e-08
2265 3.095962446142948e-06
2266 2.796908156689357e-07
2267 0.07170028243462206
2268 0.14285507346678433
2269 0.002290643644997347
2270 0.0015591723018782162
2271 5.883838810098177e-07
2272 0.00014592768108470164
2273 1.1623424626394393e-06
2274 0.45320603448875046
2275 5.2645296737242245e-08
2276 7.792746093061851e-06
2277 0.000678461654518514
2278 1.47168840166995e-09
2279 6.05335455007269e-06
2280 0.24598570393558702
2281 9.786740059967208e-08
2282 1.9775254699170786e-11
2283 6.663561561699092e-08
2284 0.004473409131316722
2285 2.1639711168220197e-05
2286 0.36924040361249216
2287 0.0015840335686113244
2288 4.179497087429375e-11
2289 1.4604853834899114e-10
2290 0.012888860917283914
2291 2.1552760311725126e-06
2292 0.000776115761129026
2293 0.29934975951521775
2294 3.359782829156373e-12
2295 0.007694855853349721
2296 2.5710821182888747e-08
2297 3.8677861106524945e-07
2298 0.008843346075077856
2299 4.614289403955393e-06
2300 1.4501938835212031e-06
2301 0.0765541752701703
2302 2.2300333584043463e-12
2303 2.4621202529635752e-05
2304 0.22506079301245804
2305 0.26251200644964057
2306 2.890448349893557e-13
2307 0.0005951500292863627
2308 0.4869610358510021
2309 0.1508675494893608
2310 0.44103958930663245
2311 3.740433382988214e-06
2312 1.6956066176998013e-11
2313 0.024937524092071218
2314 0.007542947995184463
2315 0.015195450257015098
2316 0.07551973862119463
2317 9.050104539844079e-07
2318 6.204441340485677e-05
2319 0.00020938121738730926
2320 1.063831291963649e-07
2321 1.524791120494565e-12
2322 1.4300696284879083e-08
2323 9.221342145774015e-09
2324 0.09828390822729932
2325 8.03332748840214e-11
2326 1.1841766735525443e-08
2327 0.0013911039164438668
2328 1.7119967442307155e-10
2329 0.00029851246356596206
2330 0.0010925076345219573
2331 2.0404545551646794e-08
2332 0.03674414395863101
2333 2.724181546836645e-11
2334 1.7390784152153045e-06
2335 0.029583244090235824
2336 0.003065305923111041
2337 5.480664324333218e-07
2338 0.00010024133219788275
2339 0.24896290624416542
2340 2.7149189999396266e-09
2341 1.5955374559331579e-16
2342 3.505775240381251e-06
2343 7.695322669039342e-06
2344 1.5839950898487426e-10
2345 6.820825096061184e-05
2346 0.00010648998998380869
2347 2.1368128454288007e-11
2348 4.623511316275421e-05
2349 3.60826299818031e-10
2350 4.895253912299734e-11
2351 6.1458567082819145e-24
2352 2.2313405613811722e-11
2353 9.674543082722649e-08
2354 0.0006307862079092876
2355 9.52725361482327e-06
2356 0.754943239695461
2357 1.0159482337303587e-10
2358 2.889405803216043e-07
2359 0.8513215209646884
2360 0.006679844737618379
2361 6.898300770411304e-08
2362 8.801381185425015e-16
2363 1.0299043557330974e-11
2364 0.06702902888533327
2365 6.629678191477206e-06
2366 0.00046900931201734756
2367 0.0010437777604476424
2368 0.06208340928259487
2369 2.594221022796449e-10
2370 4.600166690521644e-10
2371 6.239958632783399e-08
2372 1.1303276257331466e-10
2373 0.00018494779547504229
2374 0.006231214560553453
2375 3.234171689104597e-07
2376 1.4435767720970688e-11
2377 4.054399270283233e-06
2378 0.00022511036732195228
2379 0.00042405782008157246
2380 0.0009187172965371707
2381 0.0025188691308002838
2382 0.0008281974891636348
2383 2.0405318155551817e-13
2384 6.043534730340197e-10
2385 1.4882249533405034e-12
2386 6.359414634916029e-09
2387 0.00012372266701849685
2388 0.00013577273913316105
2389 1.4065349232271617e-06
2390 0.0008465850755056306
2391 2.0149413673306686e-05
2392 0.2052698890213199
2393 2.931968464262844e-10
2394 5.971401302385169e-05
2395 2.2612983521163598e-13
2396 5.445566881547059e-05
2397 0.004524213125167355
2398 5.1039075086629025e-06
2399 1.5359897583615914e-16
2400 0.0005113047638344755
2401 3.717459154994149e-11
2402 0.0029789718291682228
2403 1.768224718909897e-11
2404 0.03539315763359528
2405 1.0072811967674164e-08
2406 0.4472846696209027
2407 2.765441044281315e-06
2408 0.5319074490698037
2409 0.0010498853857192833
2410 0.0001031890304513207
2411 0.01125771944892972
2412 0.5742379137860747
2413 3.477557025909674e-10
2414 0.005491303752581212
2415 0.002280397786587585
2416 0.004174769414914161
2417 1.6454456212683495e-07
2418 0.0002510567302301987
2419 4.009418190516997e-11
2420 0.0445520961142414
2421 1.6413434322583333e-11
2422 0.00012090993122854307
2423 7.768390572724403e-05
2424 0.6776370079996931
2425 0.7587824954710483
2426 9.432882424585937e-11
2427 2.749125211393126e-08
2428 0.003248869991918166
2429 7.365851155093951e-17
2430 7.658213862372577e-05
2431 6.010055808724744e-15
2432 0.001849704083011597
2433 6.469096923485047e-16
2434 0.7463654415020612
2435 5.6134240672200154e-30
2436 1.859759515381056e-11
2437 4.951347103212074e-07
2438 6.093658458771067e-06
2439 9.103052316045556e-05
2440 0.002728665463929009
2441 4.1634117050124125e-05
2442 1.2314350384046834e-09
2443 4.2694359116318505e-30
2444 1.3767548344979917e-14
2445 0.00014604308867499345
2446 0.08443367045703767
2447 0.018312550446549572
2448 0.7585525099378951
2449 3.950067537068765e-09
2450 9.86489626529374e-11
2451 0.7154695269974689
2452 0.8003739315864395
2453 4.581106593535843e-18
2454 1.2161963062071742e-07
2455 0.0026059699062650197
2456 1.6064853009409302e-06
2457 5.8148418687625284e-08
2458 8.093678835066862e-16
2459 9.6404329372035e-07
2460 2.7694081382956077e-10
2461 0.04044378594692576
2462 4.6049911599379525e-05
2463 1.5803783766053506e-10
2464 1.0301386025071406e-11
2465 0.009183358204447035
2466 3.949637305497602e-20
2467 4.0742045590374866e-17
2468 0.000136044518548664
2469 0.005827437771609105
2470 2.0627842593944344e-07
2471 6.070764530394861e-15
2472 6.784080006653813e-05
2473 0.001395123862997466
2474 0.00017014299528010838
2475 2.12543013451003e-21
2476 2.175071366922881e-09
2477 4.7572164218870655e-07
2478 0.0010244046374783334
2479 0.0003161259524431292
2480 0.002038499688526004
2481 9.282023989593945e-17
2482 2.214524778960347e-11
2483 0.0028944983204462135
2484 1.5865185970634396e-17
2485 2.873590442929154e-32
2486 0.4252054269821656
2487 3.869519185118263e-11
2488 8.723704626387167e-09
2489 0.0008047754405621831
2490 0.01614813330575922
2491 2.690114703778856e-10
2492 0.0005035816286245653
2493 3.914687477522773e-07
2494 8.820062933721477e-07
2495 0.5112263406004727
2496 2.8416909131843814e-07
2497 0.46701544433294023
2498 0.0003125115663654015
2499 5.763422144521427e-05
2500 2.6219924583352575e-12
2501 1.8008545840809264e-14
2502 0.0012620909381655951
2503 4.409654116563909e-21
2504 2.1137885694836375e-12
2505 4.56362277302953e-17
2506 2.907481679433403e-17
2507 9.917176435018142e-21
2508 1.2770187512250972e-16
2509 0.0020865413970924647
2510 3.120464966229476e-09
2511 0.000623358957547071
2512 2.462602652997439e-20
2513 6.173414716213853e-29
2514 2.900921509660387e-12
2515 5.583778247427289e-16
2516 0.001916562561843117
2517 5.2963264143560965e-09
2518 0.00010900344876698934
2519 1.162825571125055e-16
2520 4.5019817983759785e-09
2521 2.2562379052997776e-17
2522 0.06986581531634985
2523 3.880590143914559e-07
2524 2.3629502936581527e-06
2525 3.8094483941689073e-16
2526 5.7660962022752486e-11
2527 7.336457512504704e-11
2528 0.0019613747264549
2529 7.689549228670283e-18
2530 6.527911190866314e-12
2531 9.25917797866426e-13
2532 9.39831219961944e-05
2533 6.732509300721232e-07
2534 2.853707868807783e-33
2535 6.90147458002539e-10
2536 0.0005839159872793528
2537 6.803536284118007e-10
2538 0.00018834909086795797
2539 0.00034878250246067247
2540 3.4219370934756323e-06
2541 0.008198268463461021
2542 3.588044108540465e-05
2543 0.00018124895082985022
2544 0.6814970890527509
2545 9.72975254054981e-07
2546 4.791277999180755e-08
2547 1.463687161350115e-05
2548 3.278263967506389e-08
2549 0.003351262916696316
2550 0.028933491146189528
2551 0.0002791815851234426
2552 6.350274055389629e-12
2553 0.0017465622866115343
2554 7.577992402238634e-10
2555 3.7805136977745864e-10
2556 1.6604797963567304e-20
2557 0.0002562449251357884
2558 1.180924834354022e-10
2559 2.6505325952311686e-13
2560 5.504364109837177e-13
2561 1.8280146337543183e-15
2562 6.589488577306856e-05
2563 6.780915551237589e-05
2564 0.0031893840526084423
2565 3.2813774432849944e-31
2566 5.4990649922796635e-21
2567 0.040037967263639
2568 4.336980808177669e-21
2569 0.00012113513645965289
2570 0.28516205604087996
2571 2.3756243479319033e-08
2572 0.003640415946185383
2573 0.004416835568625149
2574 8.872601432027101e-11
2575 9.044757369254581e-10
2576 9.482009227951553e-07
2577 0.0008880944873640225
2578 1.2797499459429978e-11
2579 0.0022658684360387115
2580 2.9179671512541956e-05
2581 5.8414101916092265e-05
2582 0.0021815201862565837
2583 0.030721992196895864
2584 0.012007515687775612
2585 6.1194495138445375e-12
2586 1.3639966059844927e-06
2587 2.4539251293018477e-06
2588 7.803559161026106e-16
2589 0.0006096163575930115
2590 4.970062706790305e-22
2591 7.484829115340598e-05
2592 6.415620877072678e-07
2593 0.7705898441997562
2594 0.00022214484621722148
2595 0.8423843383324268
2596 0.00331597505426249
2597 2.718019049778047e-06
2598 2.0200803149553143e-05
2599 0.0016298429713319587
2600 4.753603079615679e-10
2601 0.0010149221206319818
2602 1.536631249486701e-05
2603 0.0007504608507401203
2604 1.3842061423210262e-15
2605 1.7749353168124258e-16
2606 1.4509558769781585e-06
2607 3.5372879104588644e-05
2608 2.5306955606550136e-12
2609 0.002112795171997625
2610 5.416062442811268e-19
2611 0.009559042515316073
2612 1.819305689392414e-37
2613 2.510440342669404e-06
2614 2.6561967053879344e-11
2615 1.4936681821670119e-12
2616 0.020937584239030683
2617 0.0005977945462388221
2618 0.02541508294617379
2619 1.1858513815120986e-18
2620 1.3737329178594537e-25
2621 1.7394007320083625e-32
2622 0.0037848967940890908
2623 9.451137932516351e-17
2624 0.0003467354089730159
2625 3.8167361535647784e-10
2626 0.904615164010556
2627 0.0008684188414827585
2628 5.93048947560372e-17
2629 0.8850993004607255
2630 1.1926246096948684e-09
2631 0.0013611342473795448
2632 2.047255868943652e-21
2633 0.0035517348497505026
2634 0.005128731795706053
2635 4.575431730497571e-06
2636 1.0291719996842397e-19
2637 0.854899826716766
2638 4.160507462271826e-05
2639 1.1579041532749073e-21
2640 0.7255890053479342
2641 8.731901465862753e-07
2642 9.012719259204163e-09
2643 4.540447824357322e-05
2644 5.735717934848867e-20
2645 1.2494772204190006e-08
2646 0.0004540787810545897
2647 0.8320366070337832
2648 3.4699923143011206e-34
2649 4.875295803719037e-05
2650 1.6037876258698067e-28
2651 2.775773363853985e-05
2652 0.09189671532993174
2653 0.0014833403128562174
2654 3.5832990535691565e-06
2655 6.764418856955749e-09
2656 0.011535427395714221
2657 1.511185309509677e-06
2658 4.23863310240999e-09
2659 7.91722108010353e-05
2660 0.5786346466211983
2661 0.016045552235937486
2662 0.6223525206544925
2663 4.835516293194647e-07
2664 1.8590129035901904e-18
2665 4.548102738110919e-08
2666 0.7736422715846876
2667 1.0744364368382645e-41
2668 0.0035275162167285805
2669 0.031323288169407604
2670 2.445830399210246e-06
2671 0.009639451714095205
2672 8.796378125136889e-07
2673 0.6452321926850252
2674 0.0013505255959821488
2675 0.867897488028053
2676 0.00931155767463087
2677 0.0003920091440053441
2678 0.018287641793890884
2679 0.002402854383672097
2680 0.49700275146830414
2681 0.6616469314957242
2682 9.045986083865825e-05
2683 0.7993752327342528
2684 3.88896501319492e-36
2685 2.5340205711202875e-05
2686 2.115946447179481e-12
2687 4.936569863492801e-13
2688 6.58948967907022e-14
2689 1.8301791750786907e-06
2690 1.0953429128872738e-08
2691 0.38904755795825074
2692 0.0030564688188234866
2693 0.48137779408808806
2694 2.6354387578386942e-14
2695 0.001574989377347256
2696 0.7271249459111598
2697 0.35627138362383487
2698 0.007710418999331938
2699 0.00010254608351447165
2700 7.932831262062768e-10
2701 0.0016820042275129308
2702 4.1521022868616944e-05
2703 0.008058754729395901
2704 4.2797852371589384e-05
2705 2.1494309107603482e-10
2706 2.0609075652831522e-19
2707 3.4969868025080842e-19
2708 0.004229609179153078
2709 0.9084591325262653
2710 0.0018321797601740441
2711 8.282453583232772e-05
2712 0.0027725489522144086
2713 0.1860524187668558
2714 0.0010562385455365648
2715 6.386742435006318e-10
2716 2.2903079102161797e-16
2717 5.50447689192427e-10
2718 0.0020379926273031953
2719 2.2225620337817e-14
2720 1.507382048055684e-08
2721 1.1301784674452427e-05
2722 5.665439257356341e-10
2723 0.5283095729909069
2724 7.021261551365411e-10
2725 4.610588038073144e-09
2726 0.000369050169894169
2727 5.277396495225185e-05
2728 1.393004312602055e-08
2729 2.4348469767258135e-09
2730 1.579533689164443e-05
2731 0.7726627989187487
2732 1.1269269566636267e-07
2733 0.018565854298162016
2734 3.4369596588884716e-18
2735 3.4071978884956073e-09
2736 0.005500174863964974
2737 0.0009204256949482034
2738 0.08937594747049664
2739 2.5822666444063476e-12
2740 1.718916397595765e-13
2741 0.0007800376328705086
2742 2.093354993994182e-08
2743 5.238800949987755e-10
2744 0.0001022109549631095
2745 2.899559959528405e-05
2746 1.4183460945342437e-05
2747 3.4401462510297005e-07
2748 0.6682992143833025
2749 0.8170511272363091
2750 5.3824885630858776e-20
2751 0.8346234358678788
2752 4.5401841463222927e-14
2753 2.5022735327019813e-07
2754 0.0007710127647337913
2755 0.01566740659334794
2756 0.001769940570104428
2757 7.377525941412452e-06
2758 5.894322793763487e-06
2759 0.14525721406063538
2760 2.80199450503118e-12
2761 0.0010261029507646054
2762 0.08034076847134292
2763 6.55615062191558e-12
2764 3.5242720386778654e-09
2765 0.36973384720614205
2766 0.7491689097778704
2767 4.544642744445407e-06
2768 0.008314873854172795
2769 8.658143261531596e-05
2770 0.0027165136373569067
2771 1.6089093271967547e-13
2772 6.925187856135396e-07
2773 2.869180782092037e-05
2774 5.1820093389461035e-14
2775 3.0463231297496634e-06
2776 0.06737514912531378
2777 0.04970167310569242
2778 0.0997363574600901
2779 8.465726653276099e-06
2780 0.03458065844303682
2781 3.817753804878853e-10
2782 0.2764254481591502
2783 0.08418995313595352
2784 0.001547289690104592
2785 4.753539101485195e-05
2786 0.10234284132036411
2787 0.9070671155617904
2788 0.02199103180669188
2789 0.10799989798065981
2790 3.6253830629959304e-13
2791 0.8979483905015795
2792 0.10969265636325351
2793 1.46482770636648e-05
2794 1.7598720514188702e-07
2795 0.013165821021433237
2796 0.004980782269594953
2797 0.00084613962933022
2798 0.004854054693817639
2799 0.03846251852399884
2800 0.0015084842365553288
2801 2.5415486271721755e-05
2802 1.3692833996998809e-08
2803 0.001933516367919347
2804 1.2840663020331493e-06
2805 2.2661759586199275e-07
2806 0.0029568785989762337
2807 0.03648498937002587
2808 6.386923772562359e-06
2809 0.7784213308098483
2810 0.05306087921530368
2811 0.182687041365077
2812 6.437081729622446e-13
2813 4.1917870868249485e-06
2814 6.2881877155418974e-09
2815 2.6264183362242778e-11
2816 3.97482014230308e-07
2817 7.024942374876362e-06
2818 4.426448004436735e-08
2819 2.5467915161669127e-09
2820 2.345263260336178e-05
2821 2.416618191868171e-13
2822 1.92156321606175e-08
2823 0.2364132802068112
2824 0.0006061493714468797
2825 5.497527354947943e-09
2826 0.07815309823153924
2827 0.03184070801098088
2828 3.559054616166056e-13
2829 0.1095225492189234
2830 0.09855662550555204
2831 0.17373679937908507
2832 0.14231802275412164
2833 3.4769911220654123e-07
2834 0.05196093552447147
2835 1.8085704580402162e-12
2836 0.1969605600289712
2837 5.162441268637821e-10
2838 5.016822530584126e-07
2839 0.20678287980602844
2840 0.00012692833067345176
2841 0.20121979348315286
2842 0.2837627182917908
2843 0.1983439298779591
2844 0.1825531247818156
2845 2.624203511709847e-10
2846 1.4370324938710345e-15
2847 0.000607894414490183
2848 1.0322753477694029e-07
2849 2.851183923759852e-08
2850 0.00034720472918339253
2851 0.00023499612452158167
2852 3.857802284307598e-15
2853 1.2838870955197683e-07
2854 8.241499449782612e-08
2855 0.0005897213887521269
2856 0.15312552596659107
2857 1.0121047282421183e-20
2858 0.058844996082120286
2859 0.003604397166648878
2860 0.0014251590941398115
2861 6.280256197734439e-05
2862 2.3461075087302308e-11
2863 0.08430299441735072
2864 0.0003013671478838972
2865 3.859432569682981e-13
2866 0.12459649193845972
2867 1.6579970972865114e-11
2868 1.0733090553236762e-06
2869 0.003408377100147503
2870 8.755219346923803e-11
2871 6.387695967530955e-06
2872 0.056034602015910595
2873 1.3253314504715633e-06
2874 7.479802080432133e-12
2875 0.0001081324516677818
2876 4.752834317266605e-06
2877 9.027238141547221e-08
2878 5.784708934573861e-07
2879 3.971892052428997e-16
2880 0.018448803608253708
2881 0.0004297609893273543
2882 1.0785873165365908e-05
2883 3.1580070413274943e-08
2884 0.0011238487135755689
2885 3.2018039767158737e-12
2886 0.00025183354564057653
2887 2.975049079729692e-17
2888 4.969007491928716e-08
2889 6.777065195599339e-11
2890 0.6459787859457549
2891 7.015823981364908e-08
2892 1.2767194545780991e-05
2893 4.4470674330955603e-13
2894 4.312187416509791e-07
2895 3.3797908540897274e-08
2896 1.4328657476429312e-07
2897 0.2640229204827676
2898 2.996786102939388e-08
2899 0.19064589370058
2900 7.268601708381396e-06
2901 6.598984948102786e-10
2902 6.55924801409424e-06
2903 0.16741017718972953
2904 5.5796180990917705e-14
2905 0.0004003509702176435
2906 6.313821494615092e-08
2907 1.218533377155468e-08
2908 0.08289415215562518
2909 0.648754275898962
2910 0.000932637817955864
2911 0.5282793000423308
2912 0.00029551758536868774
2913 0.0008303130642618679
2914 0.11789366957652839
2915 1.8830695300822692e-13
2916 1.0722863097574341e-07
2917 5.6989076387909054e-08
2918 0.517458020531576
2919 1.534890083277669e-05
2920 3.488583905833933e-05
2921 1.7059706166342394e-16
2922 1.2531693112585806e-07
2923 0.15634950885731172
2924 6.763984447189054e-08
2925 0.0009314988428132425
2926 0.002692496053150651
2927 0.0800678528326129
2928 3.2721870784843555e-08
2929 4.5401063481322717e-13
2930 0.11142445759399912
2931 0.04635609778282568
2932 0.02221626742424536
2933 0.19021836492943198
2934 0.08978708639485852
2935 0.14165184581833332
2936 0.07328344897152513
2937 0.04848581385801182
2938 5.67608359729495e-08
2939 0.11268621774928814
2940 1.5549973543348e-06
2941 0.24638165919795005
2942 0.19360767181501032
2943 0.08712355303899062
2944 0.007915250074983782
2945 0.4026336252304111
2946 0.2342006914041227
2947 9.1130242895275e-06
2948 0.07687382934042447
2949 0.08411944338578921
2950 6.369769467556164e-14
2951 1.4336393430920587e-26
2952 0.26509186655408723
2953 0.06448575239584851
2954 1.5955977714028495e-08
2955 6.232420477386318e-10
2956 3.4243491641408047e-13
2957 2.2752615777814117e-07
2958 3.36330627973759e-08
2959 5.62470449514227e-10
2960 0.11142353530699955
2961 0.16472572600259586
2962 0.0006198198310867801
2963 0.12219167231361275
2964 0.04308272911101708
2965 1.5136973609274223e-08
2966 0.03574627038655953
2967 0.11838661365442019
2968 2.9236787678319155e-08
2969 3.495307295571787e-06
2970 3.0316583010703743e-07
2971 1.3790196191913176e-07
2972 5.403494283092224e-09
2973 1.2340109083631111e-07
2974 0.05363415929867482
2975 2.099269281011827e-08
2976 7.454026169376753e-15
2977 0.153068489651879
2978 2.5439567709976094e-06
2979 0.030801892253426673
2980 7.705669682403039e-12
2981 2.1444023994897777e-09
2982 0.033890557303878924
2983 1.2913703460621171e-09
2984 1.2983912292200538e-08
2985 6.182325550103674e-08
2986 0.1681533088319225
2987 2.0141315994622693e-05
2988 0.017572401418776855
2989 4.733292729726484e-06
2990 9.585486212099479e-05
2991 0.14728777536659746
2992 0.11583006779195096
2993 0.00039231619249433924
2994 7.50885712758564e-11
2995 2.398749619228621e-05
2996 3.938471450770031e-06
2997 5.382063348692613e-14
2998 0.0003851762594937673
2999 0.10692846672223179
3000 1.2614883785597639e-30
3001 1.943525453320081e-06
3002 0.003225319247236175
3003 0.014010513976229603
3004 0.0003125390996684831
3005 0.0016167759083841955
3006 7.366589085048726e-07
3007 0.00018340382900881977
3008 4.131142022450574e-21
3009 5.831980982513525e-08
3010 9.374883499864602e-06
3011 2.5089173702384773e-10
3012 1.2790715997005384e-05
3013 0.007240838291326719
3014 6.511843484492225e-06
3015 8.408612217955629e-07
3016 5.341888960877386e-06
3017 2.996568217450457e-08
3018 0.47553230351510634
3019 2.5472460286782187e-08
3020 2.722362012983936e-09
3021 4.306689490385053e-06
3022 8.73112643756177e-07
3023 3.6531981319546604e-07
3024 0.1511737554401773
3025 8.03835990816956e-08
3026 0.15071828252698563
3027 0.12306887264333491
3028 0.08848122885019896
3029 0.20214026292766857
3030 2.436718112009744e-33
3031 7.249228908584872e-08
3032 0.08709327335491394
3033 0.10171194671096043
3034 0.18341277415711235
3035 1.8803952370630865e-08
3036 0.11249486286037205
3037 5.173370474858602e-05
3038 0.1925098831090235
3039 0.05435476121871611
3040 3.8739394792289733e-10
3041 0.20565437920793866
3042 2.6058785954786764e-06
3043 0.06794753959271707
3044 0.34217929390906776
3045 0.0041994935832154355
3046 0.07495341734266404
3047 0.078077513897804
3048 6.524924715727082e-09
3049 5.679994381014037e-24
3050 2.2113925871703074e-13
3051 3.826298538569678e-13
3052 1.2749390990392076e-10
3053 2.2577455508221892e-32
3054 0.07212629911827916
3055 2.6059952910245846e-07
3056 0.36864670884468076
3057 3.643836201068325e-22
3058 0.25332547263436916
3059 2.7016583226517958e-06
3060 0.47677412532281643
3061 1.155218905584984e-06
3062 0.0001224050637679774
3063 4.215924686084522e-12
3064 8.793588049176928e-07
3065 0.007360599175445041
3066 2.2391723067829035e-07
3067 3.10797212202225e-11
3068 8.493848043400283e-08
3069 1.4820769779288566e-07
3070 6.183328226910176e-08
3071 9.182011907741386e-09
3072 2.1818626425418326e-08
3073 7.85185644969691e-09
3074 6.40924984910877e-09
3075 0.00811494922772507
3076 1.0314152973192524e-05
3077 4.209714675011808e-05
3078 1.5755394226647923e-33
3079 1.7562417395331494e-11
3080 1.1616856878844045e-29
3081 0.00010091558937923292
3082 1.1654348373440624e-06
3083 1.588920022242066e-07
3084 4.139974879193134e-10
3085 2.273052779224383e-11
3086 1.4062127392247943e-13
3087 1.8761616467820174e-11
3088 7.161963304090273e-13
3089 5.772558658390705e-12
3090 1.0174753486560853e-07
3091 1.8935777484821264e-17
3092 0.02930794407636364
3093 6.469516969268658e-14
3094 9.645188037981404e-14
3095 1.8859497801680151e-22
3096 1.7427391551013449e-10
3097 0.009182288182954197
3098 6.286114455549392e-12
3099 0.00037885172251856785
3100 0.0006119070276530082
3101 2.6855500354596594e-08
3102 1.2211270130406516e-16
3103 1.748469297845922e-15
3104 4.989559342879354e-10
3105 1.6204511751538866e-35
3106 4.504822128190416e-12
3107 1.5047115974385378e-11
3108 2.5446213414027942e-05
3109 7.200127607717069e-05
3110 1.8184599885189703e-23
3111 1.77062568038535e-11
3112 0.09743889865528174
3113 0.14181379604731964
3114 0.1516879252048756
3115 6.540358454086352e-27
3116 1.3885952988544547e-27
3117 9.165317377870517e-05
3118 4.020999328066097e-06
3119 0.00025635895717101783
3120 0.03968553998294572
3121 0.00016326549834320197
3122 0.24347673450530072
3123 3.589304307930236e-10
3124 1.4286974678133205e-10
3125 0.050096276751749796
3126 4.3809572503639634e-21
3127 0.2575646983105435
3128 0.00048707971011525226
3129 0.04306057641784592
3130 6.977020020908844e-24
3131 4.8250532670446265e-06
3132 9.609385507478225e-06
3133 4.589147426687996e-05
3134 1.0769538921872831e-08
3135 4.534176632482299e-06
3136 4.3505308540768427e-11
3137 5.249511775451436e-05
3138 6.346189968684768e-09
3139 2.088380737305828e-10
3140 6.173420446426435e-23
3141 5.492882910397511e-09
3142 0.0035211920799838423
3143 3.030504801759952e-08
3144 0.004591947848793586
3145 2.8317417808381635e-05
3146 9.792532499912974e-16
3147 6.227038710297577e-07
3148 7.415150557402041e-14
3149 7.012129828295867e-12
3150 9.134298672745984e-13
3151 1.0943813122751674e-13
3152 4.8028018035867355e-25
3153 0.0037282532072002313
3154 3.7628649927739647e-32
3155 4.333895036004671e-52
3156 2.660708175111009e-06
3157 2.1539447197744734e-12
3158 3.5940096155410814e-05
3159 6.148390365281795e-05
3160 7.833812341081767e-05
3161 2.043937458853945e-10
3162 6.52392139918011e-08
3163 2.1298042811425363e-12
3164 3.467222728613144e-30
3165 1.8611517462862044e-11
3166 7.076770971559113e-15
3167 2.594590202690786e-07
3168 2.2239061061044308e-05
3169 5.006436775874562e-12
3170 7.167517415905621e-13
3171 0.0020122014873676314
3172 1.3953390460284132e-24
3173 3.1011220041604188e-12
3174 7.428724512476382e-14
3175 9.2252777926432e-14
3176 6.260884592765137e-05
3177 1.106506559538113e-09
3178 2.1820823909921876e-11
3179 2.7347462256292163e-13
3180 0.032183643673873004
3181 1.6094561716272815e-05
3182 1.1969464666100133e-05
3183 6.90707211908616e-08
3184 0.00020695936628778043
3185 2.516963812099745e-16
3186 7.177241074560013e-34
3187 2.8330854783514964e-14
3188 1.933592223418253e-11
3189 6.3495794577907576e-12
3190 8.797247105153536e-26
3191 1.5334725643762687e-14
3192 1.8487355201560835e-14
3193 0.002431012350788861
3194 0.0007790238883903792
3195 0.0016034924865192673
3196 1.3786730061884111e-13
3197 3.1817618118557686e-06
3198 3.0249784531825344e-12
3199 1.4428621048080425e-23
3200 4.76088350102091e-20
3201 2.5939480379910484e-26
3202 0.009678566550562883
3203 3.398639824851199e-14
3204 1.2289932979775286e-08
3205 4.748971108593147e-08
3206 2.8881552264547975e-06
3207 5.734699781333505e-06
3208 5.0382761863007806e-24
3209 6.964349859156354e-18
3210 8.864472868006903e-25
3211 2.768659803987015e-05
3212 1.1084459327473929e-12
3213 0.003661405060077123
3214 1.2253233986955757e-24
3215 1.94912396065039e-27
3216 6.143316184911491e-13
3217 0.0075957332942979475
3218 7.200205883279972e-05
3219 8.578593297404512e-09
3220 1.0559549712143388e-09
3221 6.562850669814093e-10
3222 3.7876772882167226e-23
3223 2.010638184171742e-08
3224 6.547308656826305e-24
3225 8.026005548496185e-09
3226 6.288246273053088e-11
3227 3.690132493934021e-25
3228 3.5282853123275218e-12
3229 5.421880365567652e-13
3230 1.894312320036774e-11
3231 1.0784987880707541e-10
3232 5.564550440894072e-18
3233 1.5945306014649084e-08
3234 6.864539990344359e-11
3235 1.012121135282603e-14
3236 1.9686668033800886e-15
3237 2.8567823491245073e-12
3238 5.814765110290454e-10
3239 0.0011195393986338565
3240 1.312769695134805e-08
3241 1.6231223149900694e-20
3242 7.341719532742186e-08
3243 1.3568671825347393e-16
3244 2.2223024995655592e-08
3245 2.6478556468664167e-05
3246 1.0493141278783609e-09
3247 2.0857300084109997e-08
3248 0.0004068648115683708
3249 7.672114249695591e-09
3250 4.137502481088435e-06
3251 4.17437037045495e-13
3252 2.127948335784801e-05
3253 8.480956950360826e-05
3254 4.015078663047058e-05
3255 2.2306533435993382e-09
3256 4.165299632184448e-22
3257 7.464157118740352e-13
3258 1.1765139308701523e-18
3259 2.2595877788952674e-17
3260 2.109347587464264e-25
3261 2.630916437577856e-27
3262 2.676658516138541e-12
3263 3.3952512023220376e-15
3264 2.9349850699355367e-06
3265 3.701382110970309e-11
3266 8.980248360499852e-18
3267 5.7516883149283795e-05
3268 8.65888591035125e-06
3269 2.7316091628391172e-06
3270 7.2041062057779885e-06
3271 1.3400164709346838e-16
3272 4.1203987224758104e-17
3273 1.0174307660381552e-05
3274 1.5255805795080692e-11
3275 1.9884226964437043e-17
3276 3.4695649516205662e-15
3277 3.748835739153735e-06
3278 1.8350704771043956e-10
3279 3.46369780667754e-08
3280 1.8780821581675606e-05
3281 4.353412821591822e-09
3282 7.354397066621957e-13
3283 6.194137970209685e-12
3284 3.608601979675303e-05
3285 6.423945179989751e-05
3286 3.479898781181652e-13
3287 5.393044840642694e-19
3288 3.0463545286399202e-06
3289 1.0580989792928473e-07
3290 1.6194231302097443e-11
3291 1.0180884495436394e-10
3292 1.6666906739315188e-06
3293 4.127506469046965e-27
3294 4.901364261905426e-12
3295 9.166327919558286e-13
3296 4.456988686244969e-28
3297 3.512458134174529e-12
3298 1.47268639295174e-25
3299 6.598626868991689e-05
3300 3.111643668741882e-10
3301 1.0411581850643688e-12
3302 9.697680298479239e-31
3303 7.718212840870581e-12
3304 4.234733351121937e-31
3305 5.974920726609766e-15
3306 0.0007153063057647591
3307 8.416460316434697e-08
3308 5.186299706511868e-36
3309 4.559679813103543e-22
3310 1.1270311197832553e-12
3311 2.953003220228163e-10
3312 6.144404795109524e-07
3313 5.432109535939902e-12
3314 2.9985866312796514e-39
3315 7.9520362213233e-10
3316 1.4642389218591195e-07
3317 6.633392155021502e-27
3318 4.803525726433332e-08
3319 3.0226056281410267e-38
3320 7.121163713881281e-11
3321 4.581448955366716e-21
3322 3.4158837683015355e-10
3323 1.3156460538009513e-07
3324 9.65420859542185e-24
3325 0.0009409309718748449
3326 1.1277956495972619e-10
3327 5.002065242829832e-07
3328 3.1871896017587424e-08
3329 3.4100540311253067e-12
3330 5.3954054657305995e-09
3331 1.0981233690711951e-06
3332 1.559764662096039e-05
3333 9.358177447071921e-06
3334 1.467792076564679e-17
3335 0.0002870603961350748
3336 8.103067721178042e-16
3337 5.539815619576896e-07
3338 4.002664696439111e-33
3339 2.1181377177975575e-07
3340 9.713242871412699e-05
3341 9.955345459991941e-05
3342 1.776544041121028e-14
3343 6.817470640205488e-24
3344 1.7798475883976915e-11
3345 1.5642892883597713e-05
3346 2.4217101620039227e-37
3347 5.352146943901953e-12
3348 3.7074216825289997e-32
3349 7.439872017032301e-12
3350 0.026776869994820835
3351 2.8034432831486095e-06
3352 9.77365187938322e-14
3353 7.838860038564646e-28
3354 0.005094258468325501
3355 4.3038631688688805e-13
3356 2.1799179532911902e-05
3357 4.285440690072102e-12
3358 2.7499927667279022e-17
3359 1.121650814870384e-19
3360 7.088181205089596e-07
3361 3.6657755855453746e-14
3362 1.1685650616630982e-16
3363 5.450869324070537e-10
3364 8.082262665635465e-05
3365 9.211571654333332e-15
3366 1.0891708541524504e-31
3367 0.0015635131245635727
3368 1.3234484236658951e-23
3369 1.4310842721295692e-06
3370 4.820963162646176e-13
3371 3.570443712920169e-05
3372 4.2112132594638413e-07
3373 1.0758042748528905e-07
3374 0.001726696628896715
3375 1.8237118205363917e-22
3376 4.765826821303556e-08
3377 0.006013678314383509
3378 7.750865597643913e-05
3379 5.696499687522961e-25
3380 2.837813717608988e-30
3381 3.098458377344302e-07
3382 8.055796011905628e-06
3383 8.748490932556271e-07
3384 2.850634037588738e-38
3385 0.00010758575681369213
3386 3.5306911114729408e-09
3387 9.28876799685401e-18
3388 2.951669245166647e-11
3389 7.149748223897449e-12
3390 0.007201968241826421
3391 3.4393790846323626e-09
3392 5.063209905622687e-10
3393 6.545320159125062e-08
3394 0.00011355938243128574
3395 1.31837143240708e-23
3396 3.963612332149821e-05
3397 9.215542300675044e-13
3398 1.8500530195676612e-14
3399 1.529075354529181e-05
3400 1.407227219614732e-10
3401 3.430174234834824e-06
3402 1.795156635291216e-09
3403 3.8747619802095815e-10
3404 8.449133974420905e-09
3405 2.139295946108368e-08
3406 4.737904514404688e-13
3407 5.4983553531783814e-11
3408 4.8968608973666457e-32
3409 0.00016491500490107926
3410 7.225842383594241e-07
3411 5.312058187223119e-09
3412 2.5062227472371664e-07
3413 1.0066148838277474e-05
3414 9.35328129281111e-16
3415 1.673474580453106e-05
3416 3.3282695770926934e-11
3417 6.711768467172898e-14
3418 1.8883278294596234e-06
3419 1.4061008382193806e-09
3420 2.2002600040286684e-08
3421 1.0118159879058277e-14
3422 4.019466454600573e-18
3423 0.00022418997958739936
3424 3.856274996873803e-12
3425 7.839501155893353e-12
3426 4.2611302642041075e-26
3427 1.4101134579260336e-17
3428 2.6458877046413485e-11
3429 2.4578905609626608e-23
3430 5.66214775063273e-16
3431 5.528005188849924e-10
3432 0.000735196869387721
3433 2.953380709870906e-05
3434 0.00010795501919134981
3435 5.282137793712152e-13
3436 1.4100557121167973e-16
3437 2.3994741547262234e-13
3438 5.569775699699181e-17
3439 4.431906677978482e-09
3440 2.2859319827773504e-05
3441 0.0036772970414369302
3442 0.00034202768066668205
3443 5.211828680409773e-08
3444 2.451855853184899e-17
3445 3.816597742909196e-11
3446 1.976418232124793e-12
3447 1.1201038895216024e-29
3448 2.858870968944575e-16
3449 2.512467346499696e-18
3450 8.69904066574166e-17
3451 0.01774587886544209
3452 1.6783176222910493e-11
3453 1.6177381572352252e-17
3454 6.125163934043368e-18
3455 2.6331197124565844e-32
3456 5.0139614181451655e-18
3457 0.00015270692343489922
3458 2.3209451967527662e-11
3459 4.94641098482839e-18
3460 3.183551192766986e-12
3461 2.7283422654124508e-11
3462 1.3702527783759646e-36
3463 0.00016788083824308809
3464 3.4332711420188785e-15
3465 1.229343091099063e-31
3466 3.3913675898436615e-16
3467 0.00038450645841790504
3468 1.6816701247821227e-05
3469 9.461591159155463e-12
3470 5.788811937660166e-06
3471 9.407129853737831e-14
3472 7.10595438963106e-29
3473 6.79463552519526e-14
3474 1.1476713279852809e-11
3475 0.008736383947303944
3476 2.6387392595264025e-11
3477 7.616313001643874e-37
3478 1.4147079473994565e-05
3479 1.1975529962480598e-12
3480 2.2748080161193587e-05
3481 3.630806956632801e-23
3482 5.351000993416526e-13
3483 5.522366129599069e-16
3484 8.154763717848058e-13
3485 1.1568350764133109e-09
3486 0.0005043205683578432
3487 0.00010620503439209839
3488 9.075743501604561e-13
3489 5.054673974094095e-12
3490 4.678768288101588e-05
3491 8.041063604836887e-09
3492 1.3500981017285155e-06
3493 2.124320421033754e-11
3494 2.5164064689608155e-12
3495 2.5069493566607594e-07
3496 6.706074338918954e-09
3497 4.2621471934561816e-18
3498 1.0596088482519207e-27
3499 3.35561245415987e-10
3500 3.861802111903974e-05
3501 1.642822405180433e-16
3502 8.060250307987648e-12
3503 2.892331953214794e-21
3504 3.5188862847566886e-15
3505 0.002344995728290789
3506 8.337844759967728e-05
3507 1.31168923685301e-10
3508 5.357503250689473e-16
3509 1.0629972460294965e-10
3510 5.536092563846361e-15
3511 2.5464303018591994e-13
3512 1.1518293772125196e-06
3513 2.6350577096720946e-05
3514 1.9281546916645902e-16
3515 8.42476551190345e-09
3516 3.2104682068741647e-24
3517 1.1105668260413065e-05
3518 2.4240514073051662e-20
3519 2.857535069253398e-12
3520 4.735872540103377e-24
3521 0.0011710241512205822
3522 1.581722955765931e-23
3523 2.1451254736866987e-22
3524 1.3254160374573085e-33
3525 0.0132031246079369
3526 1.3069173186084725e-06
3527 8.346754171374933e-36
3528 1.9755386845130312e-35
3529 1.812426992976385e-13
3530 6.943118369885584e-29
3531 1.024417303952096e-11
3532 9.393101654824621e-12
3533 0.0027131322518403255
