0 3.9451109431011295e-07
1 0.00011124252864549498
2 3.6134648985353586e-18
3 0.00052264768198004
4 3.964101593208995e-07
5 4.393703682594364e-08
6 6.181746139340807e-15
7 8.216241461952717e-20
8 5.497073664098297e-24
9 1.5408747837490862e-36
10 1.710426381675076e-12
11 1.8694855196343459e-16
12 5.736537104240649e-08
13 5.669229501098352e-35
14 5.964988329319202e-08
15 1.9410092278147356e-14
16 1.124512819042703e-16
17 1.0616109290807934e-11
18 2.6049075447997514e-19
19 9.708707230292448e-21
20 1.1671232670000689e-14
21 6.903849803476237e-16
22 0.00029847864676689533
23 1.1744641305812601e-14
24 0.0041385889341149975
25 0.006239408136709216
26 3.661579630756198e-31
27 2.7073425159011325e-34
28 2.3244990916965893e-10
29 1.5684975904654207e-09
30 7.843711692527366e-35
31 0.017113938484261067
32 4.839654653578267e-52
33 6.119612839591225e-14
34 1.8069133910843843e-09
35 2.8978607503327233e-19
36 5.943743318250035e-07
37 3.8694686787153855e-11
38 4.990408213428538e-05
39 5.025803138006693e-08
40 5.087332256422794e-25
41 1.7637820293621514e-33
42 1.0967892453806251e-16
43 1.6497219728120183e-09
44 5.769310135425125e-14
45 2.7156198916102403e-07
46 1.6535341704425442e-06
47 4.379297154733593e-06
48 0.011952751682466995
49 3.4787360764999597e-10
50 1.2530587695088858e-05
51 6.738800551624909e-18
52 2.224299526347384e-13
53 4.382296789201614e-13
54 2.1426675246530577e-08
55 0.00038558944697018085
56 1.9644942929676695e-10
57 1.6321865539195973e-33
58 1.6807843525453623e-08
59 2.490724858607969e-05
60 0.00033988740346939774
61 6.601367640310891e-10
62 3.7215018212136454e-06
63 8.901367694041258e-05
64 5.47236530303264e-12
65 2.5292070983507957e-06
66 3.904031631302391e-06
67 3.7357981916835266e-28
68 1.213133008545827e-13
69 0.00017859514400889602
70 6.891379115150683e-09
71 0.018289842368720093
72 3.816219415530793e-43
73 8.740691789999086e-51
74 3.874607953383616e-14
75 2.3265775831404614e-10
76 0.010540993700826923
77 2.764049987532668e-07
78 0.013742564325886044
79 0.00044538819507877547
80 5.7494048102279316e-11
81 1.3290534147440843e-10
82 6.58073422578317e-11
83 3.032172025957269e-43
84 4.614638986873281e-10
85 2.2435609079016144e-07
86 1.2466241124604138e-07
87 3.316218165338268e-08
88 0.008436684331720883
89 5.699057895978826e-07
90 9.889557608035723e-10
91 9.258253788780063e-10
92 3.764082261802227e-18
93 1.7908554662326767e-06
94 1.996403226632194e-37
95 1.7472990348794882e-33
96 2.1555896695779817e-20
97 0.006144292883248926
98 9.716025061906478e-05
99 1.1321618318922777e-06
100 2.437441702316611e-11
101 2.048971957319312e-06
102 0.009440286728204319
103 4.482405726876977e-05
104 5.325615592617696e-09
105 2.029795488933265e-34
106 4.637887114518713e-22
107 3.324616461212517e-08
108 3.10569115383692e-11
109 2.2199552010598123e-06
110 6.172111279898442e-09
111 1.3133928416211881e-42
112 2.9543424932677976e-06
113 1.6059532427928487e-26
114 3.8318472542107604e-05
115 2.837314881743312e-14
116 5.7955166822515114e-11
117 2.9540694507963e-16
118 5.348438677430326e-10
119 0.0008741048200085646
120 1.108058948845457e-10
121 5.690928650640473e-10
122 1.938728120213388e-12
123 8.328183963220626e-19
124 3.165718314514171e-10
125 0.00014454010361308105
126 2.1630112957001877e-09
127 1.6299693005386903e-05
128 3.959882272316602e-07
129 4.0747897619312135e-09
130 0.004969316614952842
131 1.1086000219735295e-51
132 9.106907420744368e-10
133 4.845506942095206e-13
134 1.9839890735844494e-10
135 1.484984372710189e-44
136 2.1640921001764038e-10
137 3.760508346064156e-24
138 7.522347326031516e-33
139 1.281693657375503e-08
140 1.8247371986684162e-09
141 9.724067889615112e-06
142 5.5918160080124285e-06
143 3.9423249184094005e-13
144 0.013007840603333197
145 1.8582738015339273e-05
146 5.793213806370372e-08
147 0.007115015861318904
148 2.2229750719622643e-25
149 4.700774623672256e-10
150 0.004426186088831151
151 0.005324862257367124
152 2.452739569686984e-07
153 7.05200667694017e-26
154 5.158787112931258e-13
155 7.894431394712858e-10
156 0.011596357555931287
157 2.0797093438890397e-06
158 8.703116679213645e-10
159 5.632236211471939e-07
160 4.569881840512345e-08
161 1.1978774371183053e-12
162 9.066494434708774e-43
163 1.2886672880486005e-07
164 1.1520533516131036e-12
165 2.798700500731812e-05
166 9.52750234284757e-10
167 6.088957006349928e-05
168 1.9804456845229315e-31
169 5.469690156317302e-10
170 1.595633261909935e-11
171 2.2237563891255788e-35
172 3.596194401280269e-14
173 5.09368092903744e-12
174 3.68248039980708e-08
175 5.3904091347990747e-11
176 6.209632456750211e-21
177 0.0004961412229219754
178 3.6315948680104133e-10
179 1.1608019311110062e-21
180 0.0010911164529420537
181 9.291587322079487e-39
182 3.3162059812081788e-06
183 7.725392299967261e-13
184 2.9416590310627803e-05
185 1.6018508396964339e-07
186 4.5919690462559744e-07
187 2.2571754587983894e-06
188 1.7297414696137883e-10
189 4.557919674280164e-09
190 8.98328365039112e-07
191 9.660243398149647e-06
192 5.1365556324110376e-05
193 4.677140675329718e-41
194 1.6981167436630683e-10
195 2.422535821234417e-11
196 1.4596597562368608e-11
197 1.4754779997921655e-17
198 8.912654715941279e-05
199 9.277267547383924e-18
200 5.067441351144143e-05
201 6.533973398404518e-09
202 2.161064280004859e-07
203 1.045508778411879e-25
204 1.0450173970648198e-11
205 1.0540923037514046e-13
206 1.2535355330480249e-12
207 8.931118625986653e-16
208 8.242829168993056e-05
209 1.9346959595966627e-09
210 3.9282621250175766e-27
211 0.0007918155928356431
212 1.6669601565169635e-06
213 9.222446541858324e-25
214 2.0960253669495267e-07
215 7.468301947465144e-14
216 3.6750388923754527e-32
217 1.2514925235168102e-13
218 0.0016341408946060696
219 2.105032398315538e-08
220 1.1952125911068933e-20
221 2.195920662020335e-14
222 3.5990516191065673e-10
223 2.6029826111157686e-10
224 6.487192132531914e-25
225 7.063758570687353e-07
226 1.359018238572589e-07
227 3.649875395946213e-34
228 1.928086079799404e-05
229 3.992989028115507e-15
230 6.236086522834081e-10
231 4.980603377083413e-10
232 5.548598439165756e-07
233 5.680672016501879e-06
234 5.759902875478743e-11
235 5.151041498866579e-40
236 1.1062767140423236e-06
237 2.2018077173697846e-34
238 6.721264558733324e-09
239 2.9818434805436143e-26
240 1.1738461384949365e-08
241 1.2089747368268442e-05
242 2.523912775146513e-26
243 0.00015647132545785106
244 0.00531910786840692
245 1.8251283246500518e-30
246 1.4570123660093053e-31
247 2.2428632035681055e-08
248 7.316963237257692e-53
249 0.004415086042894744
250 7.017009439881932e-06
251 1.3551063055682376e-51
252 5.975181858715344e-06
253 1.539051382348448e-10
254 1.827963544908944e-29
255 5.36317759525443e-09
256 2.2271736298554365e-12
257 6.444320524619208e-46
258 5.751009013222135e-11
259 2.7231337905209062e-31
260 1.6800281550397116e-15
261 6.254364950570918e-11
262 4.0043707840060004e-06
263 0.024427563017821192
264 2.521626886981215e-08
265 0.029953347627992018
266 7.601386471464256e-22
267 1.846388959572756e-05
268 5.661649519203931e-06
269 0.0016976582435098426
270 6.034939443839107e-09
271 0.00032414478524052696
272 0.00019966196577172234
273 8.898262268628986e-24
274 0.008980105560427562
275 8.50562551453515e-12
276 0.1796847268815398
277 0.19002341947557053
278 3.2627436216870165e-10
279 5.147653372468369e-35
280 1.5610736708060642e-09
281 2.9500440596050094e-05
282 0.03598841522582255
283 3.2884964635631775e-44
284 1.9665039894738763e-08
285 0.0003614837798554881
286 0.0008804890543955428
287 5.335190254869786e-20
288 7.371254855065994e-40
289 0.0028448783037196925
290 0.0063820745560654426
291 0.0017066594825537213
292 0.35917768364198566
293 6.976469522689368e-07
294 6.055494099282599e-38
295 0.0034889936256197497
296 0.013958763749920423
297 0.007353446136550976
298 1.044298828249129e-05
299 0.001517477993166121
300 1.4806579451149038e-09
301 0.044793520772895015
302 0.00023185256979620976
303 2.087306673507127e-31
304 6.037085832532247e-06
305 8.663074428569692e-09
306 2.6470468212487372e-05
307 0.007101374441458284
308 5.3634915352025885e-09
309 0.005065758058430848
310 0.0010228903239643946
311 0.13819867405663022
312 0.00220202513742278
313 0.00012462312205393955
314 5.34101395591683e-10
315 9.284682572283073e-06
316 0.002498119240794203
317 0.03289796860136011
318 0.23490356650308603
319 4.500837048236522e-10
320 3.9246597501506373e-10
321 0.00266754201622546
322 5.379625445079706e-10
323 0.0035806426819275676
324 0.0008909129790345548
325 0.0013916886443900562
326 0.04651089494577284
327 0.003456175908807815
328 6.892861436625602e-17
329 0.0019116488155193569
330 0.0020501063685494886
331 0.00044483777995464244
332 0.5259493113646452
333 0.0008583986381227486
334 0.6199005287284532
335 0.09917246083621431
336 0.0023655069763996004
337 0.5443427118114383
338 0.7376880195920474
339 0.00142696168326647
340 0.6705526204019004
341 0.00012721735141598079
342 4.5211266804507366e-08
343 0.002116687615260877
344 2.0186146278406885e-09
345 0.0018760680045867948
346 0.003135552515848182
347 0.0035384747876301198
348 0.7603627281403781
349 0.8064261936746345
350 0.22834318942215379
351 2.2969044418276503e-09
352 3.882594526757453e-06
353 6.957406843907214e-11
354 0.7607071017094355
355 0.8147915384513514
356 0.00046178012632891625
357 0.7905105516784628
358 0.20081074330357082
359 1.2408693953081528e-41
360 5.74242238415065e-25
361 0.30333334866764516
362 0.0190893464271608
363 0.2314991377676985
364 3.6160971882846204e-17
365 1.5658133157674603e-14
366 9.628815325211111e-26
367 1.7557426903066095e-05
368 0.036111639962449656
369 0.7624700789932135
370 7.935885482764962e-05
371 1.5983407655562745e-05
372 0.00011866023469647244
373 6.648436456773353e-05
374 5.017963342475554e-10
375 0.6562871131049579
376 0.027518329303290758
377 4.993280361452807e-13
378 4.730350840118528e-06
379 0.6777643076412041
380 0.5610177748164037
381 3.116082025475992e-06
382 4.459354082031103e-16
383 0.08486792860112884
384 0.5354085049307121
385 7.648477708254858e-26
386 0.5343897059268597
387 7.127523204578184e-10
388 0.023100567776044245
389 3.39831004090491e-15
390 0.5314017387681772
391 0.005042180372911494
392 0.06787774058304216
393 0.003233076907867037
394 0.3458300896972385
395 0.07125452224977236
396 0.3962528888624226
397 6.62800953468383e-19
398 0.002046863549830199
399 0.043048571162776814
400 0.026927151133721072
401 0.0014753612150819767
402 5.5586096892351785e-25
403 0.06783646009611297
404 0.6354448107110326
405 0.03936473790040189
406 0.6804177090025251
407 0.004724547409042255
408 9.44506860306467e-08
409 2.7240769731526334e-05
410 0.025872332692517253
411 8.762764666810275e-10
412 4.0186948684581874e-39
413 0.3286080300080275
414 1.3196238068171756e-27
415 4.695221390228173e-32
416 0.30188001201375586
417 0.557770941089332
418 1.5615700414421224e-09
419 0.6427022769197791
420 0.14548281255391574
421 0.0735950788154675
422 0.0009573986778393698
423 2.152579620746549e-24
424 0.36771776734080075
425 4.3006542889337287e-41
426 0.12350985113370787
427 0.4531549127336112
428 0.4367703962860862
429 1.8003376741258618e-26
430 0.2733871046595941
431 1.8195945233400448e-26
432 2.6828907316611475e-05
433 0.01268215324917261
434 1.501044587915768e-05
435 0.0005099463951805606
436 0.48042950497776576
437 0.18237694135337054
438 0.2400297561313624
439 0.0006894290794423163
440 0.41798096423278375
441 0.023863973690307284
442 0.0008002154258733499
443 5.871255999382816e-11
444 1.3184834556422396e-26
445 0.0010777407545905146
446 4.751213137410459e-05
447 0.6065360150829493
448 1.3544519341330415e-22
449 0.0011781323134065114
450 0.024979657844346997
451 4.099216872107315e-25
452 1.2560348138792672e-11
453 3.3465871892216003e-10
454 1.3253658227051414e-45
455 1.1934071279599898e-05
456 1.2562461728185518e-08
457 4.705548261366979e-11
458 0.6249454821674751
459 0.0012019948359325878
460 7.458953720675217e-09
461 0.028732362543902275
462 2.488108619738412e-25
463 7.553280086882519e-05
464 0.6192366955325683
465 3.095785717957052e-06
466 0.00029196895750599813
467 0.00019105770022885137
468 0.005335558242094353
469 2.720412936282368e-34
470 0.0004764705739283768
471 0.03323349351374931
472 0.6868258393929066
473 0.004280404949378127
474 1.614885134806912e-44
475 4.366297073103209e-09
476 0.03739717835992368
477 0.034752281957047645
478 2.7290474691881544e-09
479 0.052035521103001886
480 0.5064604609790033
481 0.4281311133405105
482 0.09525907876749162
483 8.872978945794647e-09
484 0.47026093618760373
485 0.41997073651129496
486 0.10722647269103416
487 0.49975939947712267
488 1.353961002362519e-19
489 5.693747731674866e-08
490 1.6175467609730775e-08
491 2.2778804692992954e-08
492 0.00013687447571241246
493 0.014697369844365642
494 0.16782545010987987
495 3.679382110706519e-07
496 0.0629933079146157
497 2.983268003618781e-08
498 1.6644000422394296e-05
499 0.5588132194549428
500 0.013737157057012927
501 0.001759932533727047
502 5.424303554561583e-09
503 0.4415139645553723
504 0.4298314441655645
505 0.39062108022239667
506 0.1038484744761917
507 1.4378504594259592e-05
508 8.093868126994731e-10
509 5.938244011253972e-11
510 3.827228006086639e-41
511 0.26908591189324177
512 0.09905816682137975
513 0.0015172734179845575
514 2.701845332247042e-07
515 0.005134652898491066
516 0.06790364292333027
517 2.1173001596931267e-13
518 0.004956878863298062
519 4.565114978123706e-10
520 2.570104260784536e-10
521 3.643564646496672e-14
522 2.988395981932514e-20
523 0.3417418159679925
524 0.001205518421056315
525 1.2711373801577512e-10
526 4.493012000776078e-08
527 0.06692735854214041
528 3.288961060303869e-23
529 0.17201881994497115
530 1.4428677291408245e-10
531 3.8124339579652704e-07
532 1.009432882615586e-15
533 0.12475584870274081
534 4.851954986162661e-09
535 0.17533202082259924
536 0.004380097019022582
537 8.997662825215175e-12
538 1.1692914800561467e-10
539 3.571509405037089e-11
540 6.357836771085945e-31
541 5.28070471137796e-47
542 0.14153892410309485
543 0.11557605478612422
544 0.3724542711202022
545 0.22739161069581573
546 0.03706099207044097
547 3.0317565129476698e-05
548 0.005968689179941154
549 0.005492467790470647
550 0.015426354572333368
551 9.430813068237077e-18
552 1.4846253352427053e-33
553 0.06307851923919784
554 0.0009085677015464776
555 4.40566526025775e-07
556 0.008389576261182342
557 0.0019402509502753189
558 0.005881087749118266
559 0.10051318618552042
560 0.15655786737512212
561 0.006200439451836079
562 0.00068429964000219
563 2.4568540510030227e-18
564 7.351566315154293e-16
565 1.453045527882278e-08
566 1.4998138430576309e-15
567 3.6378821194606503e-09
568 2.1721253367516138e-31
569 0.0008171270535052725
570 0.009082183083646686
571 3.3258106203692835e-24
572 0.13598451718550872
573 0.017776075564414708
574 7.070358151648113e-34
575 0.036358068707079055
576 6.7710209285494224e-12
577 3.848144075689065e-08
578 4.810338259850214e-05
579 0.04181272327235836
580 4.4295846143947254e-11
581 6.601595877340068e-10
582 1.675516772213035e-10
583 0.22784825112609908
584 0.053310563924646504
585 1.7050310759483998e-12
586 0.013633373266904284
587 6.125025966716874e-36
588 4.3615483694640486e-07
589 4.058058725184261e-19
590 0.024267041188911875
591 4.948631302245261e-05
592 0.05646200875291001
593 0.0009000321924142065
594 0.0001477599935393621
595 0.0007866070688004788
596 1.1537668484835384e-49
597 1.498948226322639e-23
598 6.298641530447317e-12
599 1.0669376498766798e-44
600 0.005526532790677387
601 7.873560595712914e-06
602 6.442131396574717e-11
603 3.801000080530957e-15
604 0.04105060159661509
605 0.0006940158379591559
606 0.005450799303052466
607 4.255600732434452e-15
608 0.0008288402567382082
609 1.3114025141861489e-11
610 2.1984745908917667e-11
611 8.220842718178283e-08
612 0.18569241415090854
613 8.877295118090245e-08
614 7.739783175450127e-13
615 0.0018611473324995687
616 0.029331785070043664
617 0.00196355786558841
618 0.08558588546759312
619 0.00010382971132277607
620 0.014320793225195128
621 3.65695688436394e-30
622 0.05661795010104257
623 0.00791479154750628
624 3.764058388323893e-13
625 0.019252788853348635
626 0.02682172932931439
627 0.019184138116613906
628 0.20601038839795724
629 2.3604005059681293e-12
630 0.00037506891765719724
631 2.633910281160875e-12
632 9.983266876160761e-08
633 0.005027733535904725
634 9.384489001138653e-31
635 8.666943629428712e-32
636 0.14763389087970083
637 2.1500476026285091e-38
638 2.358467061960864e-07
639 8.720777499270243e-20
640 0.005991424772509191
641 0.008645162720162039
642 0.20273378070344641
643 0.0453554295619034
644 0.024305244921868148
645 3.296568922285543e-20
646 0.009098432199582986
647 0.0076100950910224065
648 0.42512573244887175
649 9.098421156983143e-20
650 8.081955804836297e-06
651 0.48172904121533316
652 0.04010912650493515
653 1.394006517913345e-23
654 1.885756992321443e-32
655 7.472580200930262e-35
656 0.19373141984594408
657 5.115938862058533e-10
658 1.6027190316525307e-24
659 5.5203053540517316e-17
660 7.388239866664475e-06
661 1.3089764175459877e-34
662 1.5419516451191118e-05
663 0.31391574360413005
664 6.559271572101217e-11
665 1.3948787871494557e-11
666 3.097947406863439e-07
667 3.987040381379866e-07
668 3.638933452076246e-06
669 0.00018536886401351283
670 0.002164935892305084
671 8.726375163863516e-07
672 5.393077935042366e-10
673 7.903656036908291e-36
674 0.023633270523424114
675 0.2783656030156233
676 0.0015711920989534452
677 0.2274200964609141
678 0.2603936856877726
679 0.000570588558077884
680 0.0007584433937310661
681 0.0002481471612894062
682 3.5069055089070926e-37
683 3.4491125496795747e-07
684 4.512684352030435e-09
685 4.621651007344387e-20
686 8.147764851435236e-08
687 0.0031322917369364474
688 1.1439926460396834e-12
689 1.683435226408126e-06
690 0.00012539129970515152
691 0.17049613247191456
692 1.6016491358400505e-13
693 1.3745317562245928e-14
694 1.2854346246590646e-30
695 0.007815696287907578
696 0.0012790158082205273
697 6.2958361026155895e-30
698 0.014119735544299052
699 1.050110296961977e-05
700 0.03724659940393276
701 2.7260473029164614e-06
702 2.6705270817720736e-05
703 0.005018137378861253
704 1.8357702809116936e-08
705 0.01417118333157008
706 5.832983172193115e-09
707 6.853162698600299e-09
708 3.124163929957536e-23
709 2.6082081543563487e-31
710 6.749045851933477e-15
711 8.130248553678454e-09
712 0.778533020604624
713 0.053075235150852176
714 9.635818658847588e-22
715 4.488031989926162e-29
716 0.00044732462991992745
717 4.247321548145335e-11
718 7.171474213758537e-09
719 0.005034254823669397
720 0.0036089283310672083
721 0.0002441981773695814
722 0.002214413705672694
723 0.03509836301564344
724 6.301349992684721e-06
725 1.377274113899947e-29
726 0.006360351137947692
727 2.1011233252343205e-08
728 2.017593699326461e-27
729 0.7442780867540895
730 2.717447458372835e-06
731 2.0431996791593657e-20
732 0.23772721876418632
733 7.156529424816657e-32
734 8.150731288226156e-33
735 2.3109212645002833e-21
736 0.5762246885561375
737 0.14401508350813455
738 3.181345770328102e-28
739 5.2707698472703545e-30
740 7.835012611655085e-07
741 7.159431112389936e-29
742 3.777554193676001e-17
743 0.003971612115415613
744 5.891568564124749e-07
745 9.091318325017489e-23
746 0.0007972844239519282
747 3.73526969817926e-06
748 2.86871415981473e-19
749 0.3592970011228098
750 0.047862261803617155
751 1.4803281517189504e-07
752 0.0923711238847309
753 0.053825630023963025
754 6.86450923597653e-19
755 0.0002685574814762259
756 0.003937889617915022
757 7.644851819563134e-10
758 9.941479546560972e-31
759 0.04467817680440093
760 0.39797939845182995
761 0.7871823173534304
762 1.0612915977484917e-21
763 0.00047056124043023695
764 5.278534467734631e-07
765 0.0003360153439259803
766 0.030612522318367447
767 1.2337180944551976e-32
768 1.3346313470686568e-29
769 0.016378797127250946
770 2.36326260731046e-16
771 0.04387108835798986
772 0.0015552827123361738
773 0.037079745603606544
774 4.5083521563169385e-18
775 1.6195668662865735e-08
776 0.06079441873054522
777 0.004239069513362911
778 0.14365705345815621
779 0.00021915699550498964
780 0.031596936876843
781 0.0002784696028013671
782 1.4675368703222957e-24
783 4.96534990661308e-07
784 1.0937117941421499e-22
785 0.004856335118951078
786 8.572058550879069e-39
787 1.3496026894425683e-25
788 0.0032943054496107427
789 0.005218987716869882
790 0.3223256279224961
791 0.004363053167245167
792 9.637901654817046e-21
793 0.00505792019888425
794 8.5842746545782365e-19
795 0.0030624406024185127
796 0.2900297117846983
797 3.9589928130651634e-14
798 3.2182366853627024e-10
799 0.5894321320010124
800 0.0065945616578970325
801 0.010486888811317582
802 8.148477890707702e-29
803 2.003771051899394e-06
804 9.894469350401658e-26
805 1.2315768059855961e-23
806 4.831292590621501e-15
807 8.958426126104296e-14
808 0.7433988292692879
809 0.0002936814023789336
810 0.052458886813684304
811 7.471802392253726e-10
812 7.42485519724766e-12
813 6.95623168854349e-10
814 1.0853776256827577e-06
815 4.891826034646165e-27
816 0.017670562765793485
817 4.674950781849393e-35
818 9.914514330196572e-07
819 1.1580518939251155e-07
820 0.0006860493171293669
821 1.951422859454371e-08
822 4.282028778444545e-06
823 1.0980351841814556e-30
824 0.006684091426378312
825 0.030632198869242372
826 1.1502722289785758e-17
827 1.3590420271557396e-23
828 5.367378455294008e-09
829 3.865047243924243e-09
830 0.0450870629654331
831 5.077459111664089e-07
832 0.14260735292852458
833 0.00993057646418316
834 7.95129452041907e-06
835 0.007877897316776577
836 3.658225793272377e-18
837 0.4455838162168491
838 5.165124929403496e-07
839 2.153590872288101e-06
840 0.027041246256638254
841 0.004365978124745787
842 0.19219080716410586
843 1.1812709382487764e-05
844 0.00540161418749827
845 8.781899513918888e-06
846 0.020694019052934325
847 0.36596875513959265
848 6.883372547461978e-32
849 1.7521362206360368e-24
850 0.07882031873434578
851 3.643652109996854e-05
852 0.0021278880070152357
853 2.1994458949651862e-05
854 1.9532731099138563e-28
855 3.15818453839294e-15
856 0.08677951902475771
857 1.5171024679856398e-37
858 1.1201538279063309e-33
859 4.9291096102588455e-06
860 1.2660022223945596e-18
861 3.822637410085855e-09
862 2.3189123470547992e-05
863 0.00677022787290368
864 0.009507736104594213
865 0.02997645945821936
866 3.922729584380524e-20
867 0.0011684518921212818
868 0.0969705856212657
869 2.381865587633909e-14
870 3.0656358484234747e-15
871 0.00024592719869392986
872 1.3720816600946304e-13
873 0.00023229701750342372
874 6.943956910937584e-07
875 2.715169009626256e-23
876 7.911316794687701e-07
877 0.0015443146294378052
878 0.016097138889722293
879 0.0014724279308574184
880 0.05499918875868282
881 1.9005753819904273e-05
882 9.442806777300469e-06
883 4.995172987504268e-12
884 0.0004032643659264667
885 5.467176494193425e-06
886 0.029824868875041023
887 1.7714565039608685e-09
888 2.416363699411975e-26
889 6.078672915283867e-13
890 0.008848417888505124
891 7.631954443472398e-17
892 0.23427546640013353
893 0.004935767235419255
894 3.3269314641699985e-13
895 8.384715186808141e-17
896 1.324318133057784e-12
897 0.047442156941913796
898 4.506959791701148e-16
899 0.11209436801114403
900 6.188792129790451e-18
901 1.3855402970734605e-18
902 0.019393998218175567
903 0.13029895942996428
904 2.5446545039614073e-19
905 0.037177412606736814
906 0.058843318222729986
907 2.2286338460770925e-48
908 5.655250285031843e-05
909 0.01226782006225381
910 0.0015614754308414624
911 0.007801943640057215
912 3.556192768495039e-22
913 4.4916824967245456e-27
914 1.0859408753272798e-07
915 0.2255050295244279
916 9.044822124173065e-10
917 6.524680642150004e-14
918 2.8275022961769396e-16
919 6.2405156541336865e-28
920 0.05681346739236222
921 6.049495472991472e-05
922 0.005756299518748809
923 3.906321278087839e-06
924 0.002257226406837961
925 4.631658829522905e-30
926 5.96978286789805e-24
927 9.68644509137172e-15
928 0.00011143822460228222
929 2.5478376029030263e-05
930 0.21053062650101953
931 0.00028196196225877343
932 8.333592792018431e-13
933 0.00032605143684837854
934 0.8110847037018032
935 0.0022834590256980442
936 2.424781960123687e-08
937 0.020150707401051786
938 9.20010099873722e-27
939 2.2861029627764022e-20
940 0.0034853064612839287
941 0.0012824699266519369
942 0.6459111602465353
943 1.1610081699617362e-08
944 0.10683885318016959
945 2.5268722970341e-09
946 0.023243150035222388
947 2.5387997529134316e-05
948 1.4841910911029232e-08
949 6.640008704046751e-09
950 4.542968592986381e-09
951 0.02116151416287383
952 2.8162972825677032e-06
953 0.82023863586566
954 1.5687407379819474e-09
955 2.637746620200377e-06
956 2.212226115735739e-06
957 0.10850492874623445
958 0.20245448507893749
959 1.1676764776720178e-07
960 0.00968511880620843
961 2.0666493409939196e-06
962 0.4720685810474978
963 0.1976340905693823
964 1.0964641542390499e-31
965 1.3830633859730682e-05
966 0.014152936287484328
967 2.3616101919587828e-17
968 1.0364479939272944e-20
969 0.2773408676908177
970 0.15433856517485026
971 2.1804871250669776e-17
972 0.001331162783681574
973 2.614753837861831e-07
974 0.006417023698237724
975 6.600660104160361e-06
976 0.004013278582710508
977 2.958413388141687e-06
978 0.0045977010057415835
979 0.03781397032428142
980 7.87707528542235e-18
981 1.7459467088299238e-07
982 7.972872437295183e-05
983 4.2668272153642696e-24
984 0.005620526194002832
985 0.00660544312280929
986 0.002285267857862507
987 3.0414802177797292e-05
988 9.530923888663863e-20
989 0.47944014343281843
990 6.625303666980642e-19
991 3.38531171075626e-05
992 0.16529822408136263
993 0.028272119008055322
994 6.774358184047235e-21
995 0.018989937663767702
996 4.481142653155137e-07
997 3.697083021507965e-14
998 0.03301623920152931
999 0.04990018206728305
1000 0.8375188369720274
1001 4.6576516847705675e-05
1002 4.086999571655027e-06
1003 0.1528524529936811
1004 0.36863106252259165
1005 3.660338609987604e-12
1006 0.0018414028413472022
1007 1.0340779302335749e-19
1008 2.169829606690501e-11
1009 0.011674227863449137
1010 0.0008800023965449755
1011 6.488910229589577e-14
1012 1.0251027852636118e-21
1013 0.0004036250741931665
1014 1.1453251074108313e-13
1015 0.0012495966053297526
1016 7.856839143256776e-22
1017 0.0002871868651539715
1018 7.825510832707741e-05
1019 0.002460373324372631
1020 0.34377426659997307
1021 6.246928408585315e-05
1022 1.2918841087668962e-10
1023 0.001638159081244717
1024 6.975941388852456e-05
1025 5.6638923712831303e-11
1026 0.0023056181132920677
1027 0.0002475724041716549
1028 1.0931502437691705e-06
1029 0.35926147987718937
1030 4.8175289531112497e-05
1031 0.7665514395914916
1032 0.016326582219252542
1033 0.0124260161493165
1034 6.313384724744785e-05
1035 0.00020268536528096685
1036 0.2972188284971214
1037 4.50780712535179e-08
1038 0.10771125472859712
1039 0.02185072701469215
1040 0.010091934355667215
1041 0.058166142034794116
1042 0.00029066302378607324
1043 0.038461918976072165
1044 8.387896413083487e-29
1045 2.6332588294205022e-14
1046 2.026592447827072e-12
1047 0.851526319283605
1048 0.0021178605036091314
1049 0.02277688842366571
1050 2.8803810927636304e-10
1051 2.0185045690013146e-12
1052 3.0179670926076888e-06
1053 3.383537235787773e-06
1054 1.829293782928462e-06
1055 0.0021430623593123436
1056 0.009355266180563749
1057 0.003075705816103163
1058 0.009745629954257169
1059 0.0156417431168372
1060 0.02572809552707334
1061 0.016127462669912742
1062 4.185724022645058e-10
1063 0.010968082574552564
1064 5.232694880629283e-20
1065 0.02514187420575582
1066 1.7242929038406536e-29
1067 0.012825081681276667
1068 2.8301661609224677e-08
1069 0.05786900047058299
1070 5.174739119339227e-08
1071 0.0076413956520658384
1072 6.401469787299337e-07
1073 3.0298298237580654e-07
1074 0.02543176652111234
1075 2.6474079701462027e-12
1076 0.021836213858510145
1077 3.1529404902056784e-09
1078 4.0728640097059904e-16
1079 0.022757390916441446
1080 0.026027556059855277
1081 4.552379200688684e-05
1082 1.3608367142286954e-11
1083 0.08710645486129852
1084 0.019014335032881257
1085 0.017368154775970843
1086 0.0033083764071541
1087 1.101651039287779e-17
1088 0.526469321199675
1089 1.611808530279194e-07
1090 0.003681543738940317
1091 4.285294049391208e-05
1092 0.10335419983878025
1093 0.0022953445976878614
1094 0.002385729201528936
1095 0.027904188644313564
1096 8.702536413161051e-07
1097 0.023423575306009355
1098 0.027959602778918312
1099 5.898694416801561e-07
1100 1.6103981852760215e-16
1101 0.024407624308552804
1102 0.04499872625207021
1103 0.1733058434641009
1104 0.0021620398188406296
1105 3.378817150953611e-18
1106 6.461977834995498e-12
1107 0.02337893228328885
1108 0.08533787186895156
1109 6.162078487029579e-14
1110 0.02351262868357922
1111 9.116667346367276e-11
1112 0.00020038094449587965
1113 0.025784384753825523
1114 4.9461345464248855e-05
1115 4.9038315188785734e-11
1116 2.4679528866897594e-05
1117 5.651730930725242e-09
1118 1.6039189565256898e-27
1119 0.42994296992482034
1120 9.653506349313825e-10
1121 0.0038998847010715625
1122 0.007976730544978345
1123 1.2302365555415682e-07
1124 0.014570031744288564
1125 0.013770933441031526
1126 0.0019160093403707056
1127 0.022265065103588506
1128 4.95230366100848e-25
1129 3.388099262872447e-13
1130 0.016103550514200548
1131 7.283237694932308e-12
1132 0.8303459897608614
1133 0.0023147026953632853
1134 2.43470328889023e-27
1135 5.160944587414572e-06
1136 0.0001010645393212114
1137 1.5158740183353172e-06
1138 0.026038729332660944
1139 9.80290055533277e-07
1140 3.4884451683548292e-09
1141 3.0162616334591143e-22
1142 2.292683319522915e-24
1143 3.515438541880341e-05
1144 6.59340804794142e-11
1145 4.287220796904109e-09
1146 0.019276513327251027
1147 0.004704417649960701
1148 0.0056646023100993485
1149 0.006041300781272782
1150 0.8341353021993566
1151 7.23337482964329e-05
1152 0.004944878128204745
1153 0.2651448886793783
1154 1.7047354062663164e-11
1155 0.0008546047253938762
1156 0.2612453837440489
1157 0.02177329764435236
1158 0.08934059190644196
1159 0.0006866758180709908
1160 1.5874755341192625e-16
1161 0.022459666216297598
1162 8.413089922123202e-10
1163 0.032025755332622925
1164 3.388884566359983e-05
1165 0.01773898936143317
1166 0.0441047702047905
1167 1.3025831035623445e-09
1168 0.032882259383050554
1169 0.003925644686811529
1170 0.046365609386824415
1171 2.8783714093656097e-06
1172 0.013093615199849572
1173 1.7639382020321374e-05
1174 4.388147953741879e-09
1175 0.857983724531258
1176 2.267407098648902e-05
1177 5.923047766626315e-11
1178 0.001900762135797543
1179 0.08225215928916511
1180 4.611425860946444e-09
1181 0.002447008116277551
1182 0.0007161198772235514
1183 0.26389955227558975
1184 0.012654289406121151
1185 0.027790709730096248
1186 0.10438942135381588
1187 0.14131294308311274
1188 0.10137130227481789
1189 4.7580234477087494e-05
1190 2.909571620011911e-07
1191 0.0003462448242194996
1192 3.1968626349100844e-06
1193 0.036577697978469485
1194 0.0032258267075061355
1195 3.5521204173989736e-08
1196 0.04715017918739479
1197 1.6387416322184844e-11
1198 0.003955481316718432
1199 1.7311972248940317e-08
1200 0.000719693515757727
1201 2.1279513143752683e-05
1202 0.07646799720153091
1203 6.945886962610472e-15
1204 1.5614581773387813e-08
1205 0.3034128211331715
1206 3.428577010903381e-10
1207 0.000251654264077215
1208 0.0010472280678495605
1209 8.161055700142037e-16
1210 3.433495476411498e-05
1211 0.4325679603763604
1212 0.0745129624205324
1213 0.253603737037472
1214 6.034879294218135e-23
1215 0.016835139685216296
1216 0.0017142672087526822
1217 2.282434938855689e-22
1218 0.0006774457996118705
1219 0.003147354750899554
1220 0.6489905672502235
1221 1.0196919522554372e-05
1222 8.982847780116075e-08
1223 1.13730895431797e-05
1224 3.0659810645429647e-10
1225 2.2662893065293044e-05
1226 0.007390325692546973
1227 2.2247804748500975e-08
1228 0.018275360860037056
1229 1.9806091655586077e-14
1230 0.12314625619235353
1231 0.04492061540168408
1232 0.22841958691655026
1233 1.1030980276996995e-07
1234 1.07159934862343e-05
1235 0.0098684250830996
1236 8.197596594021013e-21
1237 0.029823616330146175
1238 5.7029424868109115e-06
1239 0.005961922742653502
1240 5.723579333230563e-21
1241 8.90690413653819e-10
1242 3.2493745006632686e-08
1243 7.277595431576754e-06
1244 2.0317045873275314e-05
1245 0.05765039043345345
1246 0.05003838528386636
1247 4.744776939365778e-06
1248 0.019472335879195467
1249 0.6205544430631017
1250 0.0427383193269362
1251 8.627985971454201e-06
1252 0.18717858006499796
1253 0.0017898873084025728
1254 0.054060834920211256
1255 0.13320940434521153
1256 4.0060874638421076e-09
1257 6.599238779023329e-10
1258 5.971792285814109e-13
1259 5.093826304857033e-07
1260 8.556052959155071e-17
1261 4.259552545523378e-09
1262 0.3230371187194304
1263 0.0006633141928097289
1264 0.6693249070571983
1265 3.543328513057305e-09
1266 0.16971517510289572
1267 0.012505244238540996
1268 5.762767968235431e-06
1269 3.590183507541649e-10
1270 0.008472870847189761
1271 0.00013270228258958433
1272 1.2733568997403768e-05
1273 2.0371418994291178e-19
1274 0.06343736967626742
1275 0.004873173311477002
1276 1.4545249682929361e-06
1277 0.03043486929151088
1278 0.02287531438847002
1279 0.031586182883936234
1280 0.0009420867965053266
1281 0.0031450159357705116
1282 0.07034270756738961
1283 3.5518435097365943e-13
1284 8.885258053302477e-09
1285 0.03487354591671091
1286 6.1966901062867835e-12
1287 4.642930496112041e-06
1288 7.6146720108257445e-06
1289 0.006735700939480134
1290 0.058553627725661944
1291 0.01585061002147087
1292 0.045949002053378915
1293 0.06323942159159962
1294 1.2031250694993966e-05
1295 2.8969912409344403e-06
1296 0.045154921658436896
1297 4.2829823646529486e-19
1298 0.0870537808391274
1299 0.764033213763523
1300 2.733045341277293e-06
1301 0.04950445694802708
1302 0.032842821798835145
1303 0.1764034530087618
1304 0.0036831232331888284
1305 6.1759895890573164e-15
1306 5.607321324634328e-19
1307 5.290385998339605e-06
1308 3.054770109173456e-06
1309 0.0013530129718696449
1310 0.21283314967232098
1311 0.007057215469018236
1312 0.020231343112390006
1313 0.2735840079399141
1314 0.003018501520134728
1315 1.1731584041469868e-05
1316 0.0007724373567553221
1317 0.0005120261622347065
1318 0.842395842918219
1319 2.718703248014888e-07
1320 3.795399859055241e-05
1321 0.00010899950194311284
1322 0.004988956682691148
1323 9.673224186803804e-08
1324 0.0019815429634710492
1325 0.6829481119678684
1326 2.660432532461587e-30
1327 0.10924386204851884
1328 0.3844765210635715
1329 9.711147808122865e-07
1330 0.2873540747782874
1331 1.6337318822719211e-10
1332 3.1855424059550252e-06
1333 5.109075168557286e-06
1334 1.3249506303387907e-05
1335 7.454121135844861e-05
1336 7.108908889154675e-07
1337 5.787172298197155e-07
1338 4.960759380673667e-08
1339 0.008122985784029427
1340 0.1103217751023152
1341 0.21804068500958412
1342 0.4787752196371585
1343 5.0489827019467764e-05
1344 0.00128326602906041
1345 0.7243738651795251
1346 0.6196813512391293
1347 0.09096312839043141
1348 6.954534640051587e-08
1349 1.0509743298808102e-06
1350 0.06843772474550255
1351 1.4224128495441861e-06
1352 0.12733797977549682
1353 3.361557922823166e-05
1354 6.756222070826543e-07
1355 3.923160244851585e-12
1356 1.9452960150701626e-06
1357 0.13712228714370933
1358 0.04186158858877257
1359 0.24844564541289466
1360 1.535216057626176e-09
1361 0.0002137410716149247
1362 1.6105652171647465e-05
1363 2.0328508805871147e-06
1364 5.093706433132569e-10
1365 1.6280849355414993e-05
1366 0.5028476010083789
1367 0.026783952312455138
1368 1.0205168337969142e-15
1369 0.002526469199944072
1370 0.07194186541101893
1371 0.00011413396047130686
1372 0.00010364595824730158
1373 4.426633380936178e-05
1374 0.00011448532053295319
1375 0.00011620751579892543
1376 1.036396581313367e-05
1377 5.5283847375177156e-11
1378 0.06388828827145274
1379 3.5933651965118695e-12
1380 0.22964520579672643
1381 9.628598233073525e-05
1382 0.13948150438229562
1383 6.641280609042652e-05
1384 2.6054184882368316e-13
1385 0.13568247172747158
1386 0.12799236900460237
1387 0.00031199649901380476
1388 0.5269807029434683
1389 0.032296361481010546
1390 0.0017111598379590989
1391 0.0002765790382972323
1392 0.0007442977448980672
1393 0.00017540998563271657
1394 6.064897806815918e-06
1395 1.0377238267868643e-15
1396 0.0004037979347044539
1397 0.11148041371919026
1398 0.4123654709961648
1399 0.833308335563702
1400 0.39296517289919664
1401 0.12645678609558197
1402 0.00014089243017336274
1403 1.4647904101020812e-09
1404 0.0001061523053914817
1405 5.061414580157813e-06
1406 1.6182248858411232e-06
1407 0.009098730918152175
1408 0.031822372838409475
1409 0.0010319317257566944
1410 3.2730650178356955e-06
1411 2.009378063843732e-08
1412 0.00635101693547019
1413 1.6793479790644898e-07
1414 0.08326829399324873
1415 1.374145339875899e-11
1416 4.2494888562372953e-07
1417 9.224185344506951e-12
1418 1.146554189826839e-06
1419 7.660041656948269e-10
1420 2.954541068200889e-06
1421 0.03744782204282402
1422 2.5427476594590857e-07
1423 0.3516439301573038
1424 0.002650550983649512
1425 0.00010857610925472464
1426 3.020470073723304e-18
1427 0.013156942181363545
1428 8.081845356435512e-08
1429 0.0024747706116401156
1430 0.7118511871011175
1431 3.371452540220092e-06
1432 7.641105987898988e-06
1433 0.01209622230418317
1434 0.017548146323445157
1435 2.0240894070665822e-05
1436 4.910422311774155e-05
1437 0.04326980686948235
1438 0.054799555791362455
1439 0.06291989021732144
1440 3.229251186373033e-07
1441 0.00036421701556365763
1442 2.394718229045107e-08
1443 2.1973450178641153e-06
1444 2.168026866039188e-08
1445 5.3945685944517695e-06
1446 0.012251009673145203
1447 3.1795065402283945e-07
1448 3.989571454945504e-10
1449 2.096472378808461e-06
1450 1.3866581808569603e-05
1451 0.10206331798436129
1452 4.282464774483395e-06
1453 0.002797495078066089
1454 3.839296035550675e-05
1455 2.554895347495308e-11
1456 0.07707974359050772
1457 0.00022349989848514048
1458 0.05320607374055353
1459 0.0031675558427988466
1460 2.657015952698832e-06
1461 0.011792322867622053
1462 0.048830796015420876
1463 0.34468308971765454
1464 0.1862367780475595
1465 0.00011916977649416886
1466 7.154604398400625e-11
1467 2.2611146239833308e-06
1468 1.62490114683751e-17
1469 4.983902059379995e-07
1470 4.3510470262027915e-05
1471 5.224325132889693e-14
1472 0.006190726783820807
1473 1.5781254144619094e-06
1474 0.0003837822177458337
1475 0.003882275810754254
1476 1.182006513184513e-07
1477 9.489136073513983e-07
1478 1.57128959964138e-07
1479 0.01293808406790154
1480 1.9712993432151083e-09
1481 1.7088793540186587e-05
1482 0.00440538024551452
1483 4.0864516099193984e-08
1484 3.3690074697496915e-10
1485 0.0020168211004692794
1486 4.92336488749061e-11
1487 9.14370045850922e-09
1488 0.015503476399497196
1489 0.050443751832522095
1490 3.2031090857447333e-19
1491 0.0005440255444324931
1492 0.011616944698061448
1493 0.019721593928402975
1494 0.013614630264696122
1495 1.5176174624907235e-07
1496 0.08562246998688379
1497 0.00014167607883642765
1498 1.2990926590708101e-10
1499 0.0008848508021250548
1500 9.248265761909302e-09
1501 0.018152912480296633
1502 3.535410869277169e-08
1503 3.882370234287397e-13
1504 0.04085588105136158
1505 2.4055309892883812e-08
1506 0.2767869525740616
1507 1.9372436135294424e-07
1508 0.00015180326383750216
1509 1.083457498269768e-05
1510 0.07282489595143882
1511 0.08225156108645677
1512 0.0003521054096147529
1513 0.009747340659172885
1514 1.2364034284568202e-07
1515 0.055980180079848604
1516 1.1656878690009886e-10
1517 5.242622432588706e-06
1518 3.2666963221927364e-06
1519 0.004653152577672326
1520 0.0001472704082891298
1521 3.76010145284003e-05
1522 7.423503094230389e-10
1523 0.0021746569401813057
1524 0.0001055447763631992
1525 9.434417168374257e-05
1526 8.096090189990458e-08
1527 0.005577113742390085
1528 1.9697893999884834e-11
1529 1.7654289302126723e-18
1530 2.2523755063968867e-06
1531 2.1016911702785265e-06
1532 6.45399994649541e-13
1533 0.034024749653333436
1534 7.211790980503272e-05
1535 7.529244305210182e-09
1536 1.253204098882702e-13
1537 7.688847731038517e-16
1538 0.003098036751262203
1539 0.001642809425782845
1540 0.19801298937193332
1541 4.193883798869427e-08
1542 0.01984256958737918
1543 0.1589089185488058
1544 5.3009666072504546e-11
1545 0.005310253125888943
1546 0.416702670078554
1547 4.753328949037314e-10
1548 1.7378818125161274e-05
1549 0.047369159926221156
1550 4.204275626027056e-05
1551 1.1641512101204876e-21
1552 0.00016788239614832075
1553 7.879598913362784e-12
1554 0.00016914362826524516
1555 2.9039078551403083e-11
1556 0.014256034250162457
1557 6.95153429076327e-13
1558 8.158139891484213e-21
1559 4.145721722309149e-06
1560 0.30089991576237846
1561 4.598164125973347e-09
1562 4.76197495115382e-08
1563 2.8291987828546607e-09
1564 8.219466258842265e-10
1565 5.207908094283835e-09
1566 6.198603419271412e-06
1567 1.1283827511494313e-08
1568 2.6673280709839224e-21
1569 8.130065345833658e-05
1570 9.041464008576811e-11
1571 8.103909292641379e-07
1572 0.007441880902369456
1573 6.026352062531117e-17
1574 1.8944066779410815e-07
1575 2.1744530212242608e-05
1576 0.007712021921051787
1577 5.933677429308386e-10
1578 1.1300706503746454e-12
1579 8.959852501566263e-11
1580 6.799123317749988e-09
1581 1.5074096268582832e-08
1582 0.029927561561800813
1583 2.9426201468131746e-09
1584 1.0093634092102248e-10
1585 0.010640034957326204
1586 0.0002188373487635816
1587 0.01015940697916744
1588 1.1118147921905794e-08
1589 0.01866157750162025
1590 0.0008200023074481914
1591 7.18552930930122e-11
1592 8.002597284647612e-11
1593 0.00028776905297635296
1594 0.00023567552165214669
1595 7.860136526668395e-10
1596 4.010470744370265e-12
1597 2.2618808650320394e-07
1598 3.253245546529177e-06
1599 0.04436355266512101
1600 0.0008538376363945243
1601 6.229698776703141e-08
1602 0.000223544545651632
1603 1.824414029840948e-18
1604 4.561953884214451e-11
1605 9.24933280210457e-08
1606 1.2581264568001083e-07
1607 0.00017504397036444762
1608 2.6674142897158124e-06
1609 0.3164434651163444
1610 0.039193802722123944
1611 1.1802759388085965e-10
1612 8.697040666525136e-05
1613 3.376155565401708e-09
1614 6.07744856315563e-11
1615 4.6317967934432297e-07
1616 0.0007875937137867198
1617 2.871330535212544e-06
1618 1.4266079760864395e-06
1619 0.00020163978745462347
1620 0.4712789938637226
1621 5.668314303780447e-11
1622 8.939879202231145e-11
1623 1.7880061464406534e-06
1624 0.002078531320281898
1625 3.3967342658374595e-12
1626 0.030292013875393084
1627 5.491723298245802e-10
1628 4.990091130168547e-07
1629 1.4512828877654432e-06
1630 3.2826090113117687e-09
1631 1.3709352405050721e-13
1632 0.004356473115446739
1633 0.00018071690396177008
1634 2.986748109204624e-07
1635 3.966657674634278e-05
1636 0.00011840459671363514
1637 6.989418572524276e-08
1638 7.380051773779664e-05
1639 8.773866844565944e-05
1640 4.351722115340113e-11
1641 3.2901905252391615e-11
1642 2.7376063835572014e-10
1643 2.776864592718503e-06
1644 6.586881828939372e-07
1645 1.357630755995616e-10
1646 6.20172353719656e-07
1647 3.0024422081040526e-10
1648 0.4764226658152812
1649 1.311270808448864e-08
1650 1.7223331315496506e-05
1651 0.013971190630572193
1652 1.5951185128106383e-06
1653 3.7454098296875724e-14
1654 2.3535478793143484e-17
1655 4.55936798007713e-06
1656 8.256350379018593e-16
1657 7.240147670666841e-11
1658 0.020447318807063103
1659 0.03634371432187237
1660 0.00021749664809750054
1661 0.00015625626874999558
1662 4.097182461755343e-06
1663 1.519092069370215e-05
1664 1.1120604788601231e-11
1665 2.258637462481968e-11
1666 0.03210621707671431
1667 9.715817180823122e-11
1668 9.822055733365119e-11
1669 5.806968147051483e-11
1670 2.3444659821109967e-06
1671 3.040277816704864e-11
1672 7.958893226459109e-07
1673 6.408032726520847e-06
1674 6.081223446063969e-11
1675 0.14338303578735073
1676 0.009503592549860392
1677 6.67395693689616e-20
1678 8.452846982822522e-11
1679 6.974799629255203e-11
1680 4.715425824428674e-11
1681 0.44680995944989604
1682 5.446745561952516e-12
1683 2.8107369659943254e-07
1684 5.5093230013025714e-11
1685 3.561198708354697e-10
1686 4.816081487492144e-09
1687 1.069151126411014e-09
1688 2.077243353056291e-11
1689 2.7440216067454116e-11
1690 1.086112231823605e-11
1691 4.851733606176517e-10
1692 1.7727786685266468e-09
1693 1.4413412075231297e-11
1694 7.269353528712052e-12
1695 2.299321258150831e-11
1696 0.011315876488157729
1697 0.10135229599417511
1698 9.045357415236426e-08
1699 0.0002587654320024817
1700 0.0001668663133912072
1701 0.012227293834929362
1702 0.0001809087842232333
1703 1.2711735759526746e-05
1704 6.853874409692348e-11
1705 0.00021641949745606877
1706 0.0035554114401891816
1707 0.02239573012313361
1708 0.3901946703665071
1709 6.334645506095709e-13
1710 0.08023202713185504
1711 2.1820205253695993e-07
1712 6.726656679520946e-24
1713 0.00037216562979328115
1714 3.44415717744675e-10
1715 7.125558565694876e-06
1716 0.3179246634916541
1717 1.0658360868275355e-08
1718 1.3433647976810563e-09
1719 0.000230593675539995
1720 1.8419336714496956e-13
1721 4.6188106651404e-06
1722 0.04658559537194768
1723 8.269482101001578e-08
1724 1.9298401344030524e-06
1725 0.00010111524995701491
1726 0.24140473291593934
1727 0.0001428157337845182
1728 1.0561680226405894e-13
1729 0.0020925293926771665
1730 1.0129078117997875e-07
1731 0.001669908106204902
1732 7.313761457395853e-14
1733 3.7548174958004958e-06
1734 0.0013989402751143666
1735 1.1404800135473088e-06
1736 1.8346802145127577e-06
1737 0.1031194564783735
1738 5.527652096173837e-07
1739 0.08090578701109861
1740 0.06317140126917214
1741 2.74965779121631e-09
1742 0.14958373725840457
1743 0.002040506738762698
1744 0.002518358751532917
1745 0.5387121064679957
1746 3.064779253930807e-06
1747 2.575585774544949e-09
1748 5.193624183447565e-06
1749 7.506218799493445e-07
1750 0.001949566564934927
1751 0.170912384357964
1752 0.010230464081028819
1753 0.008378043317321844
1754 7.792455399532827e-09
1755 0.6696499402696297
1756 0.0012900147025508935
1757 0.08256408666675291
1758 0.0015053733581449525
1759 2.438081313859271e-16
1760 0.13894205984957356
1761 8.534512211745152e-06
1762 1.7400346375385446e-08
1763 0.006368302187133925
1764 0.7730321113391134
1765 0.15560075162048848
1766 6.080960905536537e-09
1767 0.01343822079052819
1768 0.11241015770872718
1769 1.2519978648460781e-17
1770 1.3475650396193903e-27
1771 1.762430618814655e-08
1772 3.953307468396185e-05
1773 2.0369773466690726e-15
1774 5.302240462616488e-06
1775 0.8295663181149311
1776 3.307572053192466e-13
1777 4.3280887389550495e-09
1778 7.51070267941786e-05
1779 4.698994065305269e-06
1780 0.09617588033427309
1781 0.0005375845417891218
1782 0.0003125060782688591
1783 4.073831980038493e-09
1784 0.06896086080565796
1785 1.9306852532823586e-06
1786 0.00015142259600812454
1787 2.698173953739443e-07
1788 0.003637278273686421
1789 0.5508091294694135
1790 0.00013969791617670561
1791 0.00022254374591759574
1792 3.13693905998918e-07
1793 2.3011053944648925e-10
1794 0.0025759273401112833
1795 0.8232513731335509
1796 0.00038458454540217437
1797 3.443554462746337e-14
1798 4.922097935442235e-16
1799 4.13105251037867e-07
1800 8.668680411820651e-09
1801 0.004723183523172778
1802 0.30794143584901934
1803 6.174582679955915e-09
1804 0.013913635380370333
1805 2.6055341142603653e-09
1806 0.1421046622644112
1807 4.644777442827391e-09
1808 3.9583624709687765e-05
1809 2.0150921655238203e-09
1810 4.1613935464739413e-26
1811 0.8266478737652727
1812 2.747897236779298e-28
1813 0.10784543262853552
1814 5.350448562968626e-08
1815 0.7561710248613737
1816 0.11205109445880204
1817 0.03730977334319912
1818 1.0359387262961433e-07
1819 8.706318009783002e-10
1820 2.8927110882586837e-06
1821 0.007663425252211598
1822 0.1389654509733724
1823 0.004290687674203682
1824 8.482067895282463e-05
1825 0.5137772136900217
1826 7.514376359875567e-07
1827 0.4243202481186593
1828 1.601087976014208e-05
1829 0.09925222830867554
1830 2.5737770617768007e-05
1831 8.395399848686003e-10
1832 1.1643738410959601e-08
1833 0.5784054473741548
1834 0.09028338698220606
1835 0.10989526480796577
1836 1.0470884232968477e-06
1837 3.1769537238230125e-34
1838 0.014223300493277894
1839 1.065178209838086e-12
1840 0.012326816371956945
1841 7.469357780053476e-09
1842 0.05509582741582046
1843 0.0012070807427579638
1844 2.5012444222745136e-07
1845 0.08298506403075281
1846 2.8898188844312126e-09
1847 0.6418848117876191
1848 4.927260430961094e-05
1849 0.6033439958440909
1850 0.14317729135871038
1851 6.918222319188304e-10
1852 0.4034243075574944
1853 1.1046206709831124e-10
1854 0.00013887384620958414
1855 1.1625443752855364e-08
1856 3.2677567209988758e-09
1857 0.00011227718533932511
1858 8.799125682810529e-07
1859 0.0408318517320061
1860 0.002772644253653377
1861 1.5589983720733253e-13
1862 5.1453468815879745e-06
1863 0.012487892116632137
1864 0.0003714761182722351
1865 3.0736780304853215e-08
1866 0.011295778789610158
1867 9.697839385117898e-09
1868 2.8194135125307468e-08
1869 1.2238426203355798e-07
1870 6.854276750110674e-07
1871 0.02304683479880615
1872 0.5777977031601481
1873 0.2219169040918646
1874 0.32356680568476615
1875 1.1291377408732897e-11
1876 0.015103365698719076
1877 0.0007237100172918519
1878 0.1123538262969768
1879 0.007397484650655228
1880 0.014603115908979175
1881 3.898986781277899e-07
1882 5.799749791989269e-07
1883 9.93564652702006e-08
1884 0.03517741525009214
1885 0.5023418320664318
1886 1.9757789264475538e-06
1887 0.50891658283787
1888 0.002707805350428057
1889 1.2719000533473877e-05
1890 0.000494073449545557
1891 8.446359108164603e-07
1892 5.7207757964184286e-05
1893 1.014043152731976e-09
1894 3.782957504167077e-16
1895 0.01428053773684632
1896 0.0031825552964481725
1897 1.2465235455309008e-07
1898 0.10173942806953302
1899 6.989070501787365e-07
1900 4.507715870328607e-05
1901 2.1631788344273785e-08
1902 5.443585716698496e-07
1903 4.326061683161852e-08
1904 3.613674410317003e-07
1905 4.460168716181574e-09
1906 3.6095925852078643e-08
1907 0.25593485814459943
1908 0.02208748979863682
1909 1.606041714302566e-08
1910 0.40610549316138994
1911 1.4310908382244715e-06
1912 0.023236361250988057
1913 0.009225752938577695
1914 0.0004892911139048432
1915 6.039556949012428e-08
1916 1.3492326065965465e-06
1917 0.0915096262111993
1918 4.053967166637382e-20
1919 1.900536556155394e-09
1920 1.4048196848155565e-12
1921 0.007768775146013998
1922 0.004882083420629104
1923 0.36083632273951927
1924 0.4071899803609979
1925 9.343296739201512e-07
1926 3.9578081828190714e-05
1927 0.00026717861626397173
1928 3.911452684033977e-07
1929 1.9834368301585858e-29
1930 0.001143831178613752
1931 1.7979045505085778e-06
1932 2.547844139923839e-05
1933 1.1676375430545317e-06
1934 1.1973407072650249e-06
1935 1.0209103766780648e-16
1936 2.550810986852615e-07
1937 1.6231190357265181e-07
1938 0.18169055107607815
1939 0.014700104080378874
1940 0.004579473894456878
1941 0.015196268716867078
1942 0.0012604359580973337
1943 1.1070842652555178e-08
1944 0.28061437843187365
1945 0.02080649685669572
1946 0.00014760887195862236
1947 0.011193148014248236
1948 0.015167968671055146
1949 0.047094511622368926
1950 0.199965795399344
1951 0.00012257506279782465
1952 0.0679606734336906
1953 2.4730666719151856e-09
1954 8.879313483046872e-09
1955 1.6477424846786597e-07
1956 0.00043946205280289796
1957 0.0001189339469008903
1958 0.10918771727328479
1959 1.947789112820955e-20
1960 3.5159475577015492e-06
1961 0.13730246633520143
1962 2.9161300866572057e-06
1963 0.000853892660892686
1964 8.158168670666375e-05
1965 8.766922683420771e-07
1966 4.201603688455244e-08
1967 0.29513214170645435
1968 4.1965645234605714e-07
1969 0.42452751506388997
1970 0.00037178269165100613
1971 0.06121758802957129
1972 0.21144726003180214
1973 0.0541315211670491
1974 2.5575396652728575e-08
1975 3.174134154498389e-05
1976 0.008649728696387884
1977 4.547438886934772e-06
1978 0.00016356561694835166
1979 2.526698743726484e-09
1980 5.281612019405479e-07
1981 6.836763909949139e-07
1982 0.003388316252682748
1983 2.2664354706780093e-40
1984 2.3000043022292526e-09
1985 0.2381017673150342
1986 0.5906943947454326
1987 1.0297050573348003e-08
1988 0.46034801804749326
1989 3.8794417608639905e-08
1990 0.4120322902524643
1991 0.00798945039401399
1992 1.869648645994494e-08
1993 0.007549851873781958
1994 0.1651539975786728
1995 0.0006859005661128529
1996 0.00017111821142927556
1997 0.24641708995932604
1998 1.87107336615193e-07
1999 1.867988898826003e-08
2000 1.8574331516645563e-07
2001 0.37205217534786855
2002 3.873914533482346e-08
2003 0.3134341260324331
2004 0.0005045779032894252
2005 0.7050761103904599
2006 0.0016741861226158602
2007 2.125742734763545e-09
2008 7.05836517955658e-08
2009 0.006879458511917728
2010 9.648677364496407e-06
2011 0.00020965092182211457
2012 8.387599123534234e-10
2013 2.4587929170726534e-08
2014 4.172117797721719e-10
2015 9.9550734301236e-07
2016 1.7473392445020314e-08
2017 2.9758139431333245e-31
2018 0.0007519777594467012
2019 0.7828039157414113
2020 3.876454694738965e-07
2021 0.18072605328396874
2022 0.001808690206902229
2023 0.18495521233508683
2024 0.012341122199479915
2025 0.010116689898805513
2026 3.310796223275048e-14
2027 0.5205256041240691
2028 3.551335714230233e-07
2029 3.6217961818528996e-07
2030 0.00045688571526132356
2031 4.6664873604311326e-08
2032 7.834699160049998e-06
2033 0.0016152543926372192
2034 0.061354737806410264
2035 1.1071471683565116e-08
2036 9.867860325267843e-06
2037 0.41636931708224073
2038 8.28594076398048e-06
2039 2.5700889030053274e-05
2040 0.00023289021375359265
2041 1.077230340363851e-10
2042 2.183567227958848e-05
2043 6.338191639962637e-06
2044 0.0009471875394073248
2045 0.6036732439454991
2046 0.0005099619357476615
2047 5.3814801117740225e-06
2048 0.010923890852636557
2049 9.869084057477434e-05
2050 2.4392494453488645e-06
2051 6.813555064631853e-19
2052 1.0545772865492365e-05
2053 2.1532673879200068e-05
2054 0.8059228533349995
2055 0.1234510622414408
2056 3.9279276770645305e-07
2057 2.4028742115344784e-08
2058 5.009841646177294e-09
2059 2.4591171981757123e-07
2060 6.212844405042165e-05
2061 7.911405701746976e-08
2062 3.159319393840319e-08
2063 0.000327359117531786
2064 0.07855493119752432
2065 1.1975097685109272e-05
2066 0.6492016998920532
2067 5.4493696165815446e-05
2068 0.0032158332346074302
2069 0.00658115861073112
2070 0.005552986420055635
2071 0.04663253983993609
2072 3.929374726108539e-07
2073 6.434626430000239e-05
2074 1.9886557835497115e-08
2075 0.005488386347486648
2076 0.14319344879975077
2077 0.0006140355262411061
2078 8.82055333450621e-11
2079 3.169637153060344e-07
2080 2.9230003162410615e-07
2081 2.9794928939921523e-05
2082 9.393656528819294e-18
2083 0.767710484443718
2084 1.3817810239422946e-13
2085 6.462087479799847e-05
2086 0.0004625478485844346
2087 0.6431633327250774
2088 0.017206834273832617
2089 9.64401122889972e-07
2090 0.0076469696347538215
2091 0.00037253508510554003
2092 1.1105772629386334e-07
2093 2.7230479833878014e-06
2094 0.0001504036474964958
2095 3.202416507168605e-08
2096 1.2309883887040175e-06
2097 0.00013115360684657316
2098 9.247576451705512e-05
2099 0.0014327309384305435
2100 7.144934699600204e-07
2101 0.022690566419746188
2102 9.894538552566641e-07
2103 2.3943988691768044e-09
2104 0.00013489849199389438
2105 1.5741269273382843e-08
2106 0.044998269153906166
2107 0.2967590617773401
2108 0.08245006069380016
2109 0.0003707964589566697
2110 0.0009262379336647246
2111 0.14124331395151182
2112 1.0064175112834796e-36
2113 0.00035919777084100866
2114 0.4395794075906879
2115 0.6769898205263786
2116 0.001983535190923657
2117 0.5863677563473493
2118 1.581369412513563e-11
2119 8.006209731942372e-16
2120 0.0003324298513398509
2121 0.0003650111448923603
2122 0.00029377182196601133
2123 1.28165922164205e-06
2124 6.228245470097108e-19
2125 0.1977699478368712
2126 0.008349670859613738
2127 0.0014201896883340656
2128 0.0007819216016971706
2129 0.0010104806411057631
2130 0.10535232322514324
2131 9.698956375689645e-06
2132 0.22509052860861425
2133 1.4268153061920476e-09
2134 0.05925768819000138
2135 4.8897023674891047e-23
2136 1.102194126961448e-07
2137 3.753824230013925e-10
2138 0.003896042826407905
2139 0.6453094452815638
2140 0.0001248399453638302
2141 0.0004683245749936126
2142 0.005824795889674429
2143 9.089160459009097e-12
2144 0.006802132527392183
2145 1.8176762076988266e-07
2146 6.690378030462578e-05
2147 1.3406254007622812e-47
2148 1.3216611651414086e-08
2149 1.590176845359434e-08
2150 1.2596008640315636e-07
2151 1.1476036563224775e-06
2152 0.16483829522066118
2153 0.006501017678326424
2154 0.0004233383111006886
2155 1.229404495172459e-06
2156 4.542416078519986e-05
2157 0.3057416973865259
2158 0.488151852259503
2159 0.001180461753700794
2160 5.367101009702974e-08
2161 0.04312365204345926
2162 4.192831905194656e-10
2163 1.3804906596604582e-09
2164 7.793328180333293e-07
2165 1.4821060081608077e-05
2166 1.0415280067609301e-07
2167 0.06491895817080225
2168 0.07699765410177058
2169 0.33382713381550505
2170 0.0007021887000094744
2171 2.5719594222299364e-08
2172 0.08931235553261614
2173 0.0035589402482189524
2174 0.0010440148007016888
2175 0.0010137934596141744
2176 0.1232087390449624
2177 0.001443503985084458
2178 4.0506256207803596e-07
2179 0.038896694809877196
2180 0.0007211987660809678
2181 0.6979638302992374
2182 0.5514006716589721
2183 2.5234599066874063e-06
2184 1.4089963508692077e-11
2185 9.125505568078964e-08
2186 1.0694384326566165e-06
2187 0.00023373368535583542
2188 0.005056959104696505
2189 0.41465039897528755
2190 0.23414748133218868
2191 0.00025356246110738354
2192 0.0013058694358858286
2193 0.2991799673434225
2194 0.0026848182660727457
2195 2.422860086368768e-15
2196 1.123509292889435e-10
2197 3.903409361884721e-17
2198 7.148418090105166e-08
2199 1.3462428935477599e-06
2200 8.888264241877398e-08
2201 0.0066265983211740934
2202 0.18300109465842126
2203 0.0013682159105254078
2204 0.0036326173194546345
2205 0.0035227116718639976
2206 9.674976239590929e-06
2207 1.4520026024946002e-12
2208 1.5471046110047481e-06
2209 8.943995871926593e-14
2210 0.5422474962040784
2211 1.519990113896187e-06
2212 7.307111544646945e-07
2213 0.0026774602521108764
2214 0.0001285350392092616
2215 0.1411695428878813
2216 0.36937207202766115
2217 6.987895506058992e-10
2218 2.8365002453738086e-27
2219 0.0005984316561735905
2220 5.697508381135946e-09
2221 0.005990284304709342
2222 0.2921419293908905
2223 4.5836130577270987e-10
2224 0.10470007141210519
2225 0.012188665697616752
2226 0.011670091897925419
2227 3.423282538050703e-27
2228 0.00634918910533849
2229 0.41265707514448074
2230 1.961106618730243e-05
2231 0.13554844273142566
2232 0.32132890062675484
2233 0.02128244376024008
2234 1.614445452323956e-06
2235 0.004092012654151553
2236 4.980927765699542e-08
2237 4.656768837850893e-38
2238 0.128042901079177
2239 5.065802472605056e-07
2240 0.12392733568535602
2241 0.010700544055357628
2242 0.009535294614703276
2243 0.13792243996737444
2244 0.019399354037222764
2245 0.030482369916667407
2246 0.061109490191094365
2247 1.8017332815990746e-12
2248 1.530241930985841e-14
2249 0.0010277859853636245
2250 0.00012073982864445948
2251 6.166153599494142e-05
2252 0.0007239678889801801
2253 2.970103442820628e-05
2254 0.02878777804238395
2255 0.03439232408814558
2256 0.11153986016265251
2257 3.9492000725556664e-08
2258 0.04197487696808363
2259 1.7837255824201635e-31
2260 0.0002970296883847074
2261 0.018048618671199827
2262 0.0002735791606752521
2263 0.14584399901573553
2264 8.114902970502484e-08
2265 0.0004828861936616098
2266 7.344643505611394e-07
2267 0.0005775423179728171
2268 0.28377444216485165
2269 0.07916710708269778
2270 0.0015035251118299096
2271 9.755244476310521e-07
2272 0.001874802666070227
2273 1.1851453059104645e-06
2274 0.1940861361760182
2275 3.2198714436307363e-07
2276 0.00019074955771480477
2277 0.0008255456871778874
2278 1.1242088741628833e-07
2279 1.1789698027015118e-06
2280 0.23587502036687308
2281 2.4585115884230884e-09
2282 4.518210780576873e-14
2283 3.6858183509660736e-09
2284 0.00035615020616916796
2285 4.883917022238569e-06
2286 0.08255105485213243
2287 0.048281341535649246
2288 1.2394074602972934e-11
2289 1.0005255479238635e-11
2290 0.16184287744241416
2291 1.3102339184373085e-06
2292 0.03344979722527402
2293 0.21871654323534262
2294 2.625616667753864e-15
2295 0.005238434573643542
2296 1.2210714370641035e-10
2297 7.663099109396018e-09
2298 0.033115734166706906
2299 0.0006057374177304624
2300 3.0317317432729617e-10
2301 0.32080107504671634
2302 1.172568590275474e-14
2303 0.0008060831938424966
2304 0.7542381705884522
2305 0.21559373706508903
2306 1.354890870716541e-15
2307 1.136586524687441e-05
2308 0.254095414921747
2309 0.5680766006289735
2310 0.15658443389054158
2311 1.3108885285752492e-06
2312 1.8902201316158953e-15
2313 0.2794776111342797
2314 0.03221982115745879
2315 0.013665651204150005
2316 0.0008488177286392021
2317 0.00025852958841064927
2318 0.007719278059190939
2319 0.010322699438059444
2320 5.204165564738502e-07
2321 2.086490241338622e-18
2322 3.777407271054878e-10
2323 1.9701485270312333e-07
2324 0.17910458624288925
2325 1.1791890067204238e-11
2326 2.1000043257176858e-07
2327 5.865098231769393e-06
2328 1.9681572153896879e-07
2329 2.6984727219317264e-05
2330 0.0026793556665101843
2331 2.32359368851742e-10
2332 0.3657613653620562
2333 3.12669897839225e-08
2334 0.0001384761629336933
2335 0.2967448440301854
2336 0.08902704644807798
2337 3.43202190875755e-07
2338 0.005962309900714177
2339 0.7418492211558952
2340 5.3264264199596655e-08
2341 1.8456464980597832e-23
2342 0.0006794621960111446
2343 0.0002453427381438298
2344 2.3644341258986543e-09
2345 1.018008950429367e-05
2346 0.01113988642100363
2347 6.708727468962042e-15
2348 0.0002986137095845544
2349 6.149502279489995e-09
2350 7.131157717249736e-08
2351 1.3454561921491602e-32
2352 1.9183611290122426e-14
2353 1.5668592705103483e-09
2354 0.025998615520190053
2355 0.001996708184806698
2356 0.16226736801574304
2357 8.203849948121156e-09
2358 3.1135860505942415e-07
2359 0.48138123942661576
2360 0.022424078383959867
2361 2.4914984178499453e-09
2362 7.721607237815933e-20
2363 9.334154586577504e-14
2364 0.0003647254869889866
2365 0.001192204098946352
2366 0.0006137365228347167
2367 0.009461814894472285
2368 0.1026316052021594
2369 1.245445937751551e-14
2370 3.2816726993141254e-08
2371 7.005841805426128e-10
2372 7.70513030059122e-11
2373 0.010266366386700889
2374 0.014384370082223865
2375 5.773292580135586e-05
2376 5.172642215963433e-14
2377 0.0010512061533266084
2378 0.002462886727549906
2379 0.0006549029971942123
2380 0.01362469779649767
2381 0.06629315264491419
2382 0.022625402936770084
2383 1.5049813755939348e-15
2384 2.112528184521961e-13
2385 1.201118632561858e-14
2386 1.0016848859083512e-07
2387 0.003173342360750245
2388 0.0038765239237468037
2389 0.00033702844432118305
2390 0.008813233274988917
2391 1.8398043176471838e-07
2392 0.5355975491661445
2393 5.921646626267647e-09
2394 0.0018230180828512335
2395 1.6552875289814668e-19
2396 0.0031062642502940833
2397 4.651048364432045e-05
2398 0.0010488916958133604
2399 1.4558424957704263e-20
2400 0.02553409983056743
2401 1.5580547290678035e-11
2402 0.06451297322608365
2403 2.423380088256131e-14
2404 0.05098860517010061
2405 7.001523668591491e-13
2406 0.5388788496373818
2407 0.0006120132075739155
2408 0.552800931765911
2409 0.037200827028554775
2410 0.003403580696702627
2411 0.049314621926755356
2412 0.6471679537530115
2413 2.9256119021083155e-08
2414 0.014452428571485527
2415 0.04684083636950653
2416 0.008551787834686252
2417 3.298162322531413e-11
2418 0.00025927854479264865
2419 1.0134791307317477e-12
2420 0.0004960030994930317
2421 3.012725495884147e-15
2422 0.0027360363336202008
2423 0.0033645046101559548
2424 0.7243693212767905
2425 0.6987394009906612
2426 2.391709023915173e-14
2427 2.0257412955742389e-10
2428 0.00019012292448885136
2429 8.58305986309269e-22
2430 0.003712212406126487
2431 9.723738410492786e-19
2432 0.0075255022183073955
2433 3.372139625343426e-20
2434 0.7458853259326403
2435 4.187054426536619e-41
2436 9.463452443686377e-15
2437 4.0092523948672717e-07
2438 0.0015053715180693384
2439 0.0001598402741762084
2440 0.006448325749047657
2441 0.003861268584504163
2442 4.640298225160699e-08
2443 1.6420573289997531e-40
2444 1.3771990930083522e-19
2445 7.436506419751124e-05
2446 0.17661493971754025
2447 0.02193727222424078
2448 0.712441539897037
2449 1.0199284530490239e-07
2450 9.182789870224084e-11
2451 0.6222861180503796
2452 0.6428401359568815
2453 1.98925763185676e-24
2454 4.6462725504994014e-12
2455 0.044380908807905683
2456 2.988235259662032e-07
2457 1.5818334177806012e-11
2458 1.1439354825476572e-19
2459 4.518116084221075e-08
2460 1.795608281237398e-08
2461 0.35876156923268204
2462 2.0724653466948755e-05
2463 2.030926837641751e-07
2464 1.4430067298126747e-13
2465 0.008777631682497844
2466 7.034796005850933e-26
2467 1.6381539468489316e-22
2468 8.63198954944357e-05
2469 0.1328792822531894
2470 6.2753203197737e-11
2471 1.2917856484414267e-21
2472 2.397444790887696e-05
2473 0.001616999274341353
2474 0.0026946129600555367
2475 3.370573345770636e-28
2476 5.0281897378655455e-08
2477 2.0742859994727025e-10
2478 0.01585827276659529
2479 0.016532726389903753
2480 0.05110045760140439
2481 2.0780066395701334e-21
2482 1.2767459569323885e-12
2483 0.07987122505549459
2484 2.150715227152161e-23
2485 1.0514227218292157e-42
2486 0.07300764364704676
2487 1.4692251582106443e-12
2488 5.772019422927365e-10
2489 0.0001558917678400293
2490 0.022865653529729395
2491 1.1394643759752964e-08
2492 0.024903577436959406
2493 1.1455109971013589e-08
2494 0.00031171275238063
2495 0.08556096778541625
2496 1.1953345912607558e-08
2497 0.10125372734507498
2498 0.004263960199496474
2499 0.0012384723671781698
2500 3.2534673083458116e-15
2501 7.086364780072324e-21
2502 0.046687351404924776
2503 2.569551100492551e-27
2504 6.7973840798817664e-15
2505 3.000299399256728e-22
2506 2.0720691444391383e-23
2507 4.437765155648821e-27
2508 4.663873026966543e-21
2509 0.06919169369552045
2510 9.480104521526876e-08
2511 0.026923558097320943
2512 4.4304310205618444e-27
2513 4.2676708770756346e-39
2514 5.723737754675155e-15
2515 1.0753632607284365e-22
2516 0.0605257004824231
2517 1.0550349837442356e-11
2518 0.002007893244410941
2519 6.524681787162125e-21
2520 5.476518540351581e-12
2521 5.113522878801741e-23
2522 0.0009638536684544735
2523 8.505739928060365e-09
2524 3.116474371836733e-07
2525 4.134497364089138e-21
2526 2.7911197440462824e-09
2527 7.1532423181153645e-09
2528 0.0033037665900121967
2529 5.835826186031211e-24
2530 2.726025665709148e-17
2531 1.7370704129514507e-14
2532 1.6981530733566913e-05
2533 6.49589794000184e-08
2534 9.752922136372753e-43
2535 2.349135564614028e-08
2536 0.0008486735506099082
2537 6.230187322117892e-13
2538 0.0016335697297473024
2539 9.321114386256152e-05
2540 0.0008191619676736616
2541 0.009514717855652784
2542 0.0008943674073062138
2543 0.0018490038212264264
2544 0.22404187592863126
2545 3.3867421767153735e-07
2546 2.3560743425991488e-05
2547 0.0007452875724420733
2548 1.9065636115475837e-05
2549 0.0030497272334575557
2550 0.32357273042040213
2551 6.33423694794811e-05
2552 1.3183306774463647e-13
2553 0.0281253363840005
2554 4.2775569853347277e-13
2555 2.5042125365776285e-11
2556 1.2517761967964629e-26
2557 0.020274167812426077
2558 1.2382891838612934e-08
2559 1.6368260157110155e-17
2560 7.323468869420055e-19
2561 1.6572582355636343e-20
2562 0.0007731826511079225
2563 0.0007399173803725547
2564 0.08179065972685597
2565 1.7108424783772542e-41
2566 4.731841069119189e-27
2567 0.3759733697726565
2568 1.1676947375678047e-27
2569 0.009924092045521093
2570 0.06957759032950729
2571 2.2361303737629956e-09
2572 0.0026775965934251835
2573 0.005621621057436486
2574 1.0935962788852286e-08
2575 2.554442437641862e-08
2576 6.346051657873558e-08
2577 0.0005211170505982414
2578 9.24046180087657e-17
2579 0.0010842722101968108
2580 0.00018967556222742395
2581 0.0004899118939956763
2582 0.0008358653011318459
2583 0.32322516152511893
2584 0.2018708465185248
2585 1.957974090076805e-13
2586 0.00040840414775694856
2587 2.2753211871807338e-07
2588 2.6541663436555327e-21
2589 0.008791537641966584
2590 6.662422660916764e-29
2591 0.00197470763339126
2592 8.669205927249281e-08
2593 0.24078708825253842
2594 0.004315122643193645
2595 0.2588107506653896
2596 0.00010060485989186395
2597 2.1936135992394418e-07
2598 0.0008705455163873942
2599 0.03176704521339232
2600 1.2471936620173071e-08
2601 0.019075911603971603
2602 0.0008745835047817444
2603 0.03510758127151998
2604 7.674023198791913e-21
2605 6.635296533152659e-22
2606 6.735453407114127e-08
2607 0.0016432955416704983
2608 4.324450107910828e-16
2609 0.011092217606192315
2610 1.4287785530850504e-25
2611 0.01469768293609109
2612 2.5690458473733765e-48
2613 0.0006897437380196769
2614 3.1479186324203867e-12
2615 1.794243831812725e-14
2616 0.2633941563521487
2617 0.010653483003533493
2618 0.30181978701475476
2619 5.34856518279623e-25
2620 1.289570410294109e-33
2621 6.784930674895214e-42
2622 0.0058169246956985676
2623 2.028244542240431e-22
2624 0.005758067807448053
2625 7.905162176187497e-12
2626 0.5121626151080498
2627 0.0004267402281598409
2628 7.272480095330588e-23
2629 0.5411879026349207
2630 1.4064312592980452e-10
2631 0.05694287476992267
2632 7.262097259071663e-28
2633 0.015889318841188348
2634 0.0002221405289857808
2635 0.00037660407847414434
2636 5.130160594990169e-26
2637 0.4445094695877124
2638 0.001269394678489793
2639 2.458204674994481e-28
2640 0.1753881466268502
2641 2.3898608382531263e-06
2642 5.339353764864294e-10
2643 0.0016047118544925748
2644 1.6806108538219772e-26
2645 5.702597220457943e-06
2646 0.0043318237320050775
2647 0.24656550983615058
2648 6.313954551282325e-37
2649 0.0019228505690123917
2650 8.933995970831915e-37
2651 1.9827828134979552e-05
2652 0.17389242528172477
2653 0.004701975626222743
2654 1.0801399022794135e-05
2655 4.2777769626210336e-06
2656 0.16275677812471998
2657 3.79553656672909e-07
2658 1.299598040011573e-11
2659 0.0006056011237907304
2660 0.12474862570558255
2661 0.21404370208529228
2662 0.16405973863341747
2663 5.606021227940621e-05
2664 1.4892250645306038e-24
2665 8.345201120555361e-08
2666 0.3075448650311227
2667 7.55019687679818e-54
2668 0.010706394037650082
2669 0.33102449346210455
2670 0.00016381478385238605
2671 0.05731582635825771
2672 0.0001253016746638374
2673 0.28045322052133836
2674 0.05250211644092175
2675 0.3021361666129971
2676 0.176260844754999
2677 0.02630186334209381
2678 0.10137329808954045
2679 0.0064941551124409825
2680 0.23150104163663604
2681 0.13844376607069275
2682 6.996226160392913e-05
2683 0.20741859084770123
2684 1.4611000018213822e-46
2685 2.255390766260602e-05
2686 6.229532400994274e-13
2687 6.229887895927235e-11
2688 2.0523020931267783e-17
2689 0.00016398596223128302
2690 5.692992237570575e-06
2691 0.10690261538655546
2692 0.010593642271878494
2693 0.2932321836478827
2694 6.990018402412332e-19
2695 0.00733300230068341
2696 0.18870474852175542
2697 0.2719702559851715
2698 0.1152994295689225
2699 0.001020558384420199
2700 1.1583188534931617e-12
2701 0.0661941704121425
2702 0.00036725918673675387
2703 0.027778031083174434
2704 2.439603671593229e-05
2705 1.368746319678889e-09
2706 1.6867871741632075e-25
2707 6.2799782862475e-25
2708 0.016354157692206536
2709 0.43621481546443064
2710 0.06693783777050304
2711 7.866336730731654e-05
2712 0.04689137967909027
2713 0.0670997611338994
2714 0.04647969847553287
2715 1.4414328822452777e-12
2716 1.4384277012022323e-21
2717 4.800158101758379e-12
2718 0.07213340496772021
2719 3.5882275153990323e-19
2720 1.179959261316793e-05
2721 0.0007474544462388763
2722 3.4056400469552383e-10
2723 0.21127979209445855
2724 2.4889179934392448e-12
2725 2.2082869128844933e-11
2726 0.02518438552317762
2727 6.0439075495419725e-05
2728 5.53263660779864e-10
2729 4.210185016637409e-11
2730 1.7215558625526537e-05
2731 0.18705133955155065
2732 2.146608764892961e-08
2733 0.2202131736737113
2734 4.521053011407817e-24
2735 2.4702198548293023e-11
2736 0.11716910112070203
2737 0.005004206509241116
2738 0.40329076918552836
2739 2.6079110573355943e-16
2740 3.8069594594988915e-10
2741 2.6298328047017875e-07
2742 6.96672961381284e-06
2743 2.839588106687143e-12
2744 0.00047959094768100876
2745 0.00016336088973325404
2746 1.900199709291706e-05
2747 5.3467202416826554e-05
2748 0.24825553449288001
2749 0.3064681749346179
2750 1.604176332008476e-25
2751 0.36487032619138554
2752 5.594346001851978e-17
2753 9.277401115708411e-08
2754 0.004807327808889212
2755 0.07904976691779307
2756 0.010639689221129114
2757 1.490776119874967e-05
2758 0.000323224000403969
2759 0.08080354302222167
2760 1.3065850191489637e-15
2761 0.007156201557711636
2762 0.05217066052567635
2763 1.0652989676293313e-12
2764 3.933774856278287e-11
2765 0.24118641191150025
2766 0.21644858717309853
2767 0.000330682444994443
2768 0.11078551287841776
2769 0.00047025297438239486
2770 0.08835262375938033
2771 3.590671391416938e-18
2772 6.731260402614268e-05
2773 4.8518466923788356e-05
2774 9.785402868785748e-18
2775 5.177237785818193e-05
2776 0.4352498876553705
2777 0.3405880552241519
2778 0.5723164846623806
2779 1.3787894375546097e-05
2780 0.24952599281671042
2781 4.994289781402666e-12
2782 0.0797400334712702
2783 0.51564105250355
2784 1.024781522341806e-06
2785 6.603710793359329e-05
2786 0.4941350469774817
2787 0.34974985561572175
2788 0.1691934376213976
2789 0.5868221771124751
2790 3.6328311630158534e-17
2791 0.3706816501751037
2792 0.5600045250930279
2793 3.6076031875157067e-05
2794 2.3358544692879927e-08
2795 0.10731582958113446
2796 0.07060941421642426
2797 0.006771701542455869
2798 0.07657694027510807
2799 0.07119151388673343
2800 0.03814314631460154
2801 5.1604001532485065e-05
2802 2.2575011535594188e-08
2803 0.07185525501989613
2804 0.00015350600213925349
2805 4.738977951170577e-05
2806 0.09127140137350082
2807 0.13470264627105608
2808 0.0003919535207446667
2809 0.2614428945839698
2810 0.2110599227303939
2811 0.056129462043311165
2812 6.426082733481744e-11
2813 1.0285689178237227e-05
2814 1.1654113606032385e-06
2815 9.89743839651272e-09
2816 1.0511937609878795e-07
2817 2.4980159628580094e-05
2818 3.4615913194959185e-09
2819 1.9999544947821812e-08
2820 8.238563305101813e-05
2821 8.830921038590039e-18
2822 7.294880638343603e-06
2823 0.12355923054006786
2824 0.03496013020919357
2825 8.928760190241135e-07
2826 0.36360557281282435
2827 0.16661042127611586
2828 4.1854378338106854e-16
2829 0.4821933347468955
2830 0.04150246514218072
2831 0.6838292915063683
2832 0.5947924423635808
2833 2.059972327717493e-05
2834 0.25531646701215865
2835 1.067672511019008e-16
2836 0.7304438689485273
2837 4.2804413279478274e-09
2838 6.530752617040442e-05
2839 0.723453763538808
2840 4.1459975259276474e-07
2841 0.6638673333442998
2842 0.09504289583950674
2843 0.13659968511033227
2844 0.5640476956788519
2845 1.2972502627864058e-09
2846 4.912554477592767e-22
2847 0.033576697215868666
2848 2.7494955280081236e-08
2849 2.686356511257412e-08
2850 0.0029630269369672947
2851 0.0008031634478107442
2852 2.2055516550644654e-21
2853 2.4462688676130273e-05
2854 2.1251685446322914e-05
2855 0.0025071802619200615
2856 0.4428054963774323
2857 1.465799103193875e-26
2858 0.08276371007233096
2859 6.43229190042126e-05
2860 0.05469165749968248
2861 0.0002541851617287548
2862 7.587860945484642e-09
2863 0.21161252165548725
2864 0.0020113884460352715
2865 1.7317795816214781e-16
2866 0.20299576846149167
2867 5.533323392986365e-12
2868 2.5711332758369875e-05
2869 4.5006877859090144e-05
2870 2.62431454727185e-08
2871 3.5704548895126375e-09
2872 0.12939370631576025
2873 0.00013864606329388167
2874 2.6445050365867976e-08
2875 2.4614015961214727e-07
2876 1.7762822042491028e-09
2877 2.0166933977999666e-05
2878 9.382923624487586e-06
2879 2.304334979869237e-22
2880 0.033568292858259935
2881 0.003143970799503784
2882 5.344274027621005e-05
2883 8.75162132148572e-06
2884 0.026272445947140018
2885 8.94104961999521e-16
2886 0.01873678488793352
2887 9.54630602530901e-24
2888 1.7313620525369266e-05
2889 1.4411880824626818e-11
2890 0.17504895702957007
2891 8.175298291626462e-08
2892 3.744189341945508e-05
2893 1.2009712777884292e-16
2894 8.050556907147148e-08
2895 1.3825864235080414e-05
2896 2.5700021122403525e-07
2897 0.10316628395102818
2898 1.3797184837405202e-05
2899 0.14858780533639515
2900 0.00013737089902091443
2901 2.044851251470866e-09
2902 9.258657760486603e-05
2903 0.0806778060459699
2904 6.467011251582747e-18
2905 0.025322079608597434
2906 2.2926136585648582e-08
2907 8.232347970022406e-08
2908 0.04660391306144349
2909 0.20722998666214176
2910 0.043952927250003646
2911 0.1559352545417551
2912 0.00045104279897868575
2913 0.0018219343034317698
2914 0.08586823532321067
2915 8.765549058085743e-10
2916 6.9423368740079665e-06
2917 1.724306751414476e-05
2918 0.17881965525060245
2919 0.00010195049200705818
2920 0.0001660222645810332
2921 6.338324589829536e-23
2922 2.8008840687232514e-07
2923 0.1398396078731113
2924 1.9174293987878473e-07
2925 0.04111525167912697
2926 1.8826055872578578e-06
2927 0.12164457636874115
2928 2.238051692374057e-08
2929 3.238143635863136e-16
2930 0.4424856787793445
2931 0.35201438908036864
2932 0.18871582057920055
2933 0.6783725000594776
2934 0.08530496112834411
2935 0.08973094972695626
2936 0.4961057546007353
2937 0.2161263535206693
2938 2.8152400148706326e-08
2939 0.09304248341237019
2940 1.774176772881947e-05
2941 0.7774454929036482
2942 0.050259464349503874
2943 0.5246515254346669
2944 0.07599833264031888
2945 0.12840489687672882
2946 0.6553106901630711
2947 5.289036958844107e-05
2948 0.4114060926021543
2949 0.09046240414934717
2950 5.060742475384876e-17
2951 1.73986219194153e-36
2952 0.11871180280408511
2953 0.07931855220300273
2954 1.9580126567360368e-08
2955 8.207639932053225e-07
2956 5.566006044465256e-17
2957 1.1309925246919386e-07
2958 6.654612868167907e-08
2959 2.204151000458202e-09
2960 0.04016744120511635
2961 0.40220527100532255
2962 0.031698797387471375
2963 0.27777760056989925
2964 0.06958222486811302
2965 4.904245123351865e-08
2966 0.1580962217704535
2967 0.31892292402709715
2968 7.276233375861994e-08
2969 0.00010291204628220454
2970 2.4019381623346725e-05
2971 9.085295954595635e-08
2972 3.369116394957729e-08
2973 1.066057850629017e-07
2974 0.10226057598805818
2975 3.503178477556919e-06
2976 1.9184674838081252e-18
2977 0.2701740565757258
2978 3.2447974421785105e-05
2979 0.05168161907654768
2980 4.2483208514875737e-10
2981 3.204977457694866e-07
2982 0.07040523771371245
2983 3.1145373087416567e-07
2984 5.197494437266174e-08
2985 9.249179070987704e-08
2986 0.069921604554225
2987 8.310261256792591e-05
2988 0.00034451568358102365
2989 3.248970478366509e-05
2990 0.009725773048946347
2991 0.14878533561239637
2992 0.13419717913067175
2993 0.02318981378810446
2994 2.981760998770233e-08
2995 2.754034386414251e-08
2996 3.162014840642808e-05
2997 2.6137492225278453e-17
2998 1.6405831186120122e-06
2999 0.1400150235661851
3000 1.173863814000263e-39
3001 1.861462980162264e-05
3002 0.01178978708407723
3003 0.00020624577871055543
3004 0.0014931604284480957
3005 0.0032578041381057937
3006 1.0020495142318875e-05
3007 0.00015827629261411097
3008 1.2677530612702592e-29
3009 2.0294733589924284e-07
3010 0.0001499743188943925
3011 5.168110164306998e-10
3012 9.883081647370336e-05
3013 0.00017771362316637733
3014 5.918043842486376e-05
3015 2.348036501478484e-05
3016 5.6522185433957494e-05
3017 1.3073063211624426e-07
3018 0.4774422680011425
3019 1.3473559775328375e-07
3020 1.1835906835408928e-08
3021 2.8357602705523533e-05
3022 3.2541119872872315e-05
3023 1.6391811602143682e-05
3024 0.006623406338622392
3025 6.094179180998208e-06
3026 0.0033985875059017617
3027 0.0015707370928527643
3028 0.000753731666697287
3029 0.006732657205648165
3030 3.2168139902816354e-36
3031 7.297034398980945e-06
3032 0.0008095008737327145
3033 0.003967226675799975
3034 0.004221993066961827
3035 2.7730668167390283e-06
3036 0.0022996262606230443
3037 0.007318721153546724
3038 0.0122631704481623
3039 0.00032339423860081946
3040 7.771967382078548e-08
3041 0.009600648642297958
3042 6.88323083092471e-05
3043 0.0006169478833142916
3044 0.3620552902036125
3045 0.013000995889127226
3046 0.0009907867610430224
3047 0.0014609034826647263
3048 3.253595336099152e-08
3049 4.969989223516333e-28
3050 6.73806031866523e-10
3051 6.764711245388612e-13
3052 3.15528203154612e-08
3053 1.3105848808572685e-35
3054 0.0018377915479283204
3055 1.804859463441892e-05
3056 0.3368356086511008
3057 3.533960150910621e-26
3058 0.29026062709587613
3059 9.249296175615392e-05
3060 0.4025582550948058
3061 4.759721038146592e-05
3062 0.009671713838565682
3063 6.1514518338180424e-12
3064 4.224235667069844e-05
3065 0.02024344359274834
3066 2.0746356335265888e-05
3067 7.838193218405666e-11
3068 9.569420768771172e-06
3069 8.902774342292061e-05
3070 8.166620403376024e-06
3071 6.76578960407435e-06
3072 2.4104688821080154e-06
3073 1.0602687809301011e-06
3074 7.620501847535029e-07
3075 0.01477078174589399
3076 1.1127886350923964e-06
3077 0.006269036178646053
3078 2.8667497041453948e-36
3079 9.808394069735448e-12
3080 5.129970021632921e-38
3081 1.776709626661791e-08
3082 3.6562065169476146e-05
3083 8.705412052120209e-08
3084 1.236762520579405e-07
3085 1.1313534848906472e-08
3086 2.519719818290292e-15
3087 8.338926164872934e-09
3088 4.43695010891097e-14
3089 3.1696100176950673e-09
3090 8.562493982127874e-06
3091 1.1502145070851078e-21
3092 0.0005592546604272868
3093 4.283622184379669e-10
3094 1.9422239567485052e-10
3095 2.570382131507019e-31
3096 3.604474219699222e-15
3097 0.021433078152617895
3098 2.5852934352163023e-09
3099 0.013724366508526998
3100 0.019569355437280615
3101 3.299833210146535e-06
3102 1.579342562333393e-12
3103 1.436135584080644e-11
3104 1.1083549651384651e-07
3105 9.866318911912518e-46
3106 2.185675573666007e-09
3107 1.3513134793282485e-10
3108 3.7689709210950814e-08
3109 7.746697594136573e-09
3110 3.807846110895553e-33
3111 3.338820524349033e-10
3112 0.0008052241051121756
3113 0.0019179984824647537
3114 0.002095743338162363
3115 6.571447803454615e-35
3116 1.3497968951929086e-35
3117 0.010649202081647047
3118 4.6557167209695736e-07
3119 0.01753612593617508
3120 0.00021271943617685285
3121 0.013908124294108069
3122 0.008533482840356392
3123 9.403666232788679e-08
3124 3.890999714848557e-16
3125 0.0005788576352300544
3126 3.0052775469886023e-25
3127 0.017446263496220586
3128 1.2390423224419855e-06
3129 0.0009368880132538906
3130 3.2108005666970957e-28
3131 0.0014309648376959843
3132 0.002204252740514328
3133 7.540885882824951e-08
3134 1.6839877923559874e-08
3135 2.0224112921987594e-09
3136 6.54052611584955e-09
3137 3.416330316446401e-08
3138 5.398647858283273e-06
3139 2.766325531604188e-10
3140 3.2260478020167412e-27
3141 2.5848253295032265e-08
3142 7.311856721969062e-05
3143 2.667137880808496e-05
3144 0.009292213258153912
3145 0.004808850984797948
3146 2.1106561618363246e-19
3147 0.0002532672803166523
3148 3.597764257787866e-14
3149 2.366196441592655e-08
3150 2.385325020048292e-13
3151 5.109474732498933e-10
3152 2.2897411274186845e-29
3153 0.008959836022247427
3154 2.4148832900407285e-35
3155 3.378955093337363e-69
3156 2.1666488292057283e-05
3157 1.471166015350563e-12
3158 3.994247234988053e-09
3159 2.0273002986208995e-07
3160 1.563992374333471e-07
3161 3.260676068224139e-07
3162 6.282513082165496e-12
3163 1.7587286525391674e-11
3164 2.4716947766755296e-40
3165 7.265018966380974e-11
3166 4.361470189886938e-18
3167 9.681879244152499e-08
3168 0.0003505851200842461
3169 2.0548813444436878e-08
3170 4.046405534839486e-09
3171 0.005394740100851924
3172 9.068343249768248e-33
3173 2.7500138487601465e-13
3174 3.2980165676373e-15
3175 3.847787621033438e-20
3176 0.002472627230884104
3177 5.732766377365604e-16
3178 2.6744073417502213e-09
3179 7.031082855273244e-10
3180 0.004912815800476462
3181 0.0008237033478921512
3182 0.00021325004546675688
3183 4.9377970146227436e-05
3184 9.614619611649821e-07
3185 2.634792132487231e-12
3186 9.542913988146922e-44
3187 1.3631503338634533e-10
3188 1.2922810258885866e-10
3189 3.984479421187251e-10
3190 5.810376573987721e-33
3191 2.7757042970535712e-11
3192 3.8978233349935487e-11
3193 8.104501276476803e-06
3194 1.2690764601827253e-06
3195 6.731171396205222e-06
3196 7.290646827895258e-10
3197 1.2854159715149086e-05
3198 5.64456514429971e-10
3199 3.1612706715191364e-32
3200 9.891021621939182e-29
3201 9.246455822920347e-31
3202 0.0024950371752757135
3203 4.366222597288836e-16
3204 1.1620932304821035e-05
3205 3.0459994763889477e-05
3206 1.1215831839416037e-10
3207 1.9663334314614164e-10
3208 1.787832783444157e-33
3209 3.672663284775794e-23
3210 1.2954448709306285e-34
3211 0.0002864964485871089
3212 4.356962234096461e-12
3213 1.7960678866599333e-05
3214 3.530250931031404e-32
3215 2.1858743219492736e-37
3216 8.844706235360098e-11
3217 7.888714480049082e-05
3218 0.008958317451613592
3219 1.6671576779813822e-13
3220 1.8232341488223854e-09
3221 9.217996351764633e-07
3222 4.158052296105e-30
3223 2.045662749405909e-05
3224 4.128553262617877e-33
3225 9.538169204798296e-06
3226 1.3456562588893357e-09
3227 5.302733803570598e-33
3228 3.928113715369128e-10
3229 1.1092360380073046e-10
3230 8.678409884528701e-10
3231 3.1524294352943718e-09
3232 3.29770366351622e-22
3233 9.78621848428332e-06
3234 1.3469792654276823e-07
3235 1.0016835405929627e-10
3236 2.394098510967546e-11
3237 1.4783783291417943e-10
3238 1.48161110485814e-14
3239 0.025120163328388647
3240 2.8198930478075235e-09
3241 3.3707559153711745e-25
3242 7.160684757600254e-13
3243 5.992742390325714e-20
3244 1.4935718313769766e-05
3245 0.0009277191398981729
3246 1.1388125752803908e-06
3247 5.401489018601513e-08
3248 0.008324800553154618
3249 5.104997023449328e-06
3250 0.0011710101617869594
3251 6.700318280667907e-10
3252 0.0038880428290289743
3253 1.5407343623064524e-07
3254 0.005759090144857701
3255 5.54620147385788e-14
3256 2.840264255394462e-28
3257 3.418456129082259e-10
3258 2.0013078706299276e-27
3259 1.946518158328498e-21
3260 9.198054233925924e-34
3261 9.898787333247566e-38
3262 1.6677640246389083e-11
3263 2.04232231479317e-17
3264 7.355019395467424e-11
3265 7.524096626282007e-09
3266 3.136147069810987e-23
3267 5.6676722057608493e-08
3268 5.081855460347682e-06
3269 0.00081780681105997
3270 0.0002764969335686213
3271 3.892157717445283e-12
3272 7.510555780012828e-13
3273 0.0024339394252268936
3274 2.7501878400848316e-12
3275 6.556079491875959e-22
3276 5.453718714200761e-22
3277 2.517604980652878e-09
3278 2.1386794997291065e-16
3279 1.6590110129225503e-12
3280 0.0036443702010928065
3281 4.280191408190311e-06
3282 7.305569067529286e-10
3283 1.7254838655439193e-10
3284 2.0438450178051857e-09
3285 2.462621941107696e-09
3286 1.3455259219094757e-09
3287 1.3300849577374257e-24
3288 3.765486632548227e-11
3289 6.456021774327373e-05
3290 1.299291207101601e-09
3291 1.7058458447564411e-07
3292 0.0005323956442515508
3293 3.0467039949564174e-35
3294 4.476060705900371e-10
3295 4.5587422543572876e-10
3296 3.1572823163227604e-36
3297 1.5541673935804235e-13
3298 1.8908550901865943e-35
3299 0.008568915897214306
3300 1.1521049533680797e-15
3301 1.7673264381511064e-13
3302 8.733694512120423e-40
3303 3.650380161462291e-11
3304 1.8769652389106267e-40
3305 2.3180357464174546e-18
3306 0.015306325056252084
3307 5.962855341453714e-05
3308 2.920074532258703e-46
3309 4.508699245861633e-28
3310 4.1735101842649703e-10
3311 2.4769958130970735e-10
3312 7.092604103827522e-06
3313 6.26980861452506e-12
3314 1.1382853160341863e-50
3315 9.052488414393635e-15
3316 7.19471817137735e-13
3317 6.7658173074334276e-37
3318 4.137101657717353e-12
3319 2.0193930507666636e-43
3320 1.301086312807917e-16
3321 2.9944107439360688e-30
3322 3.1233959095950755e-15
3323 7.489503370728092e-13
3324 1.2144730858213702e-30
3325 0.02579209791101651
3326 2.115358218377272e-07
3327 4.653734856625222e-12
3328 1.2960674925661796e-08
3329 2.5389593779714604e-08
3330 1.2052340348652886e-08
3331 2.5034049842749955e-07
3332 0.0006239499094547626
3333 9.432884315205545e-09
3334 3.0719788030221295e-22
3335 6.193286086743235e-07
3336 2.4728683464419836e-19
3337 0.00027143025253703655
3338 9.454041384335674e-43
3339 2.133082696359452e-12
3340 1.764134351373711e-07
3341 3.775199217269842e-05
3342 4.961143190531961e-16
3343 9.884774432987478e-32
3344 1.887947742537046e-09
3345 0.0032185455396538222
3346 4.9557674979231513e-48
3347 1.9704484322666327e-09
3348 1.236039948042839e-41
3349 1.6851088312465457e-12
3350 0.002899240423550565
3351 4.363931340079394e-11
3352 7.972079070214236e-14
3353 3.2531873660862802e-37
3354 8.114133690695093e-05
3355 9.106140099390633e-10
3356 0.0016053173026546912
3357 3.273869709779374e-10
3358 3.878915663091304e-21
3359 9.578752034469835e-29
3360 1.8498641706805808e-11
3361 1.463572091405412e-10
3362 3.205842042551573e-20
3363 1.3376739455161633e-10
3364 1.0246947023059008e-07
3365 2.0059962838737176e-11
3366 5.5027522076321e-41
3367 3.8114214174684682e-06
3368 2.6834990011255834e-30
3369 7.102811815390733e-06
3370 2.4399583001931014e-09
3371 0.0004795709265371922
3372 3.780013520693459e-12
3373 9.713282014183502e-13
3374 2.191640457669135e-05
3375 6.065165868502124e-29
3376 3.295314676177415e-05
3377 0.001628633476846233
3378 0.007555606344658199
3379 3.407123514869917e-29
3380 2.663874894031735e-39
3381 3.1050218961940914e-12
3382 0.0021071494030814957
3383 8.261891147843195e-08
3384 5.3693621806170534e-49
3385 1.7171321740154827e-07
3386 1.0287295583176716e-13
3387 6.478610264809384e-23
3388 1.7647264594811344e-11
3389 1.915381732308289e-09
3390 5.1968860634035746e-05
3391 1.0518724398247465e-08
3392 1.0993595048372709e-16
3393 1.941408509604938e-08
3394 0.012117339624818833
3395 8.596114717670547e-31
3396 4.422363530148086e-08
3397 4.7012733839718e-12
3398 3.206861105294221e-16
3399 0.0032843375166337423
3400 3.365690680768046e-09
3401 9.756762529091285e-11
3402 2.0132720273559933e-06
3403 9.112366674072918e-17
3404 9.56976057689071e-10
3405 3.7052832453281794e-05
3406 8.321310869059611e-11
3407 9.97462081132076e-11
3408 1.95239265557221e-41
3409 3.024905627179076e-07
3410 0.00031436970974266785
3411 9.705076666402523e-15
3412 3.184313160821738e-06
3413 0.0004587227804820161
3414 4.338788348885798e-19
3415 0.00019994729188881568
3416 5.798718511235525e-09
3417 2.1607966870952628e-10
3418 0.0006462944576184295
3419 4.9819720463416115e-09
3420 1.150920110085941e-05
3421 1.8001926463726553e-10
3422 1.3032302058659415e-22
3423 0.005268281891199019
3424 1.6061941176067106e-10
3425 2.3681238738483022e-09
3426 5.263378074317027e-36
3427 1.741578974588518e-22
3428 2.397235167048945e-11
3429 8.011871823860025e-30
3430 3.808047373326096e-19
3431 2.0359981834511765e-10
3432 0.018793374038258964
3433 0.005013060287957489
3434 0.009863051245269455
3435 7.052488591432944e-10
3436 3.371892816586534e-24
3437 1.4433451511579107e-09
3438 1.0042833144527005e-24
3439 1.5679962616488223e-13
3440 0.00426608536289174
3441 2.3997368636623774e-05
3442 0.010522889162338572
3443 9.980865516420907e-09
3444 5.070190228857769e-25
3445 8.84329183509414e-08
3446 9.044279820238393e-20
3447 1.0341707771396864e-39
3448 8.376456941059952e-24
3449 4.1491472602289835e-26
3450 1.2932131925713083e-12
3451 0.00269121143380927
3452 2.0825352269143825e-12
3453 2.763228261928535e-25
3454 1.1361526215182625e-22
3455 5.272822439999262e-42
3456 8.365377929212283e-26
3457 0.0040883082788292545
3458 6.815113598079995e-11
3459 9.657701202418149e-24
3460 9.480727064780886e-12
3461 6.517226405488169e-09
3462 7.407026215225594e-47
3463 0.013222057316251647
3464 3.102828546902235e-17
3465 1.4021048678456828e-45
3466 4.915239569748926e-12
3467 1.3324572409309528e-06
3468 0.0010605352522647068
3469 4.354028361325955e-19
3470 8.518711267754924e-05
3471 2.515587628892816e-10
3472 4.011259652973933e-38
3473 4.867576759723941e-10
3474 3.201665366053872e-08
3475 0.0010446719784004408
3476 7.043203889229623e-08
3477 3.97693447975122e-47
3478 0.0031118313233898867
3479 9.720003162717716e-10
3480 1.462140954141358e-05
3481 4.595799442459589e-32
3482 1.6946425338142427e-09
3483 1.7457525669427134e-23
3484 3.3617640261890335e-09
3485 7.860479858664089e-15
3486 0.014748640760340168
3487 6.0068982147984765e-09
3488 2.223015618254321e-14
3489 5.479561871737457e-20
3490 0.012773294178994855
3491 3.71422189306317e-13
3492 0.0005382240092180904
3493 1.4392109689542814e-09
3494 5.644860117106222e-11
3495 0.0001245849055417318
3496 6.280760198073978e-06
3497 4.967596449070856e-23
3498 4.677969876565787e-36
3499 4.412046156333055e-07
3500 0.006064850361243264
3501 2.244954274999488e-20
3502 1.7023549844743182e-09
3503 1.6104064729925345e-32
3504 1.9455007505571565e-24
3505 2.2018205416754124e-05
3506 0.0025890584552508617
3507 6.592202450439722e-11
3508 6.441997490782644e-12
3509 3.0993983934480504e-11
3510 8.715267163346207e-22
3511 1.297329465758659e-09
3512 0.00042349578111641967
3513 0.004719535640865615
3514 3.8336311747549696e-20
3515 1.0415255549100339e-14
3516 7.141076498684449e-31
3517 0.00015338194066045015
3518 1.7436355193484107e-29
3519 3.610634314182443e-13
3520 4.012489769727626e-31
3521 4.3064806249560675e-06
3522 1.863096244912822e-32
3523 9.507942193210758e-29
3524 1.7371121836698584e-43
3525 0.0013262647961216553
3526 0.000510290447591795
3527 5.986205093781876e-46
3528 1.4228735554054594e-45
3529 1.0559225242542363e-09
3530 8.795035596334043e-39
3531 2.2631120362100165e-09
3532 3.358075336775361e-11
3533 1.402882799471049e-05
