0 1.4223942174158511e-05
1 2.3225440473769843e-06
2 6.239275306047713e-09
3 1.213564017429007e-06
4 5.618276909093019e-08
5 5.30639721318136e-07
6 4.259660971766188e-07
7 4.0474658573486587e-10
8 1.0354492872490733e-17
9 5.888133860313585e-25
10 2.0310921544221352e-05
11 9.761415029102079e-15
12 2.83723987929649e-07
13 7.187744669227334e-24
14 0.004834039603674414
15 3.518020805808119e-06
16 3.218363728401797e-08
17 0.00012954619849097243
18 1.9091973518273925e-09
19 9.46694332095921e-11
20 4.337611274503179e-07
21 1.278783675734909e-07
22 0.005412252644727228
23 6.979191357869822e-07
24 3.152236305957542e-07
25 6.692866486404071e-07
26 3.7643866361703345e-19
27 1.1818807121480559e-23
28 0.0002826672954726203
29 1.2200257321744378e-09
30 6.905000832878271e-22
31 1.000588379381827e-05
32 4.7134944332487494e-36
33 1.4148926277889613e-06
34 7.640893600149016e-10
35 9.128952648484855e-10
36 2.2143579589430663e-05
37 1.3133749927603555e-18
38 1.7715929120138746e-06
39 0.002425623855439245
40 2.2168350112745078e-18
41 4.555645367132637e-23
42 1.2118548096141971e-14
43 0.00020459746732618265
44 7.819917802530779e-07
45 2.321266298110648e-08
46 9.757747334492318e-08
47 0.021607426474564373
48 7.649708021079315e-06
49 4.277042405352108e-12
50 3.722017939657035e-11
51 5.681005749134826e-09
52 7.505560087835419e-13
53 4.076687177215754e-06
54 0.000853706968297803
55 7.175948018256531e-07
56 0.0005275346947595075
57 5.770566668153947e-20
58 4.6304476216509e-07
59 1.0879373724987392e-10
60 1.1420944605962977e-06
61 1.8068935532472672e-15
62 0.011171089475301179
63 1.4493435279084044e-06
64 1.8777844709174095e-05
65 6.704819583556636e-12
66 1.4470227658727237e-11
67 1.2129983316268815e-16
68 1.0878933231402744e-06
69 2.021202565243224e-09
70 1.2343904780650067e-15
71 1.4991834086069912e-05
72 7.026031669066726e-28
73 2.336537836897845e-34
74 2.938203405856201e-14
75 1.175495105082123e-16
76 1.134310752984969e-06
77 7.073145054575635e-06
78 1.2904061800671916e-05
79 0.0057390307040919115
80 2.5597594293970866e-12
81 6.885356648926665e-17
82 1.9422125978542163e-12
83 4.112909100804476e-35
84 1.1378965829295903e-14
85 1.2009033070627186e-08
86 4.531209651927555e-09
87 0.0011479923654135972
88 4.123140567570496e-06
89 0.027662680621978547
90 3.91870808198949e-13
91 2.7203926101610856e-13
92 3.2341937853408768e-09
93 0.008326111285731642
94 2.676531743045931e-25
95 8.002632159139332e-21
96 2.0925709310659562e-10
97 1.9336320473731946e-06
98 0.001219108316009464
99 0.00847151033800008
100 0.00016529697062776848
101 0.02890113683283497
102 5.659018749361775e-07
103 0.0019333115859495541
104 7.345104720350897e-16
105 6.312414421084596e-22
106 1.6637589208328737e-11
107 0.011292339756564039
108 8.243008235572318e-19
109 9.785893256094638e-09
110 3.1442117323821457e-07
111 1.5392463642272437e-27
112 0.02529081692141959
113 2.1438737400546207e-15
114 0.00019137609752610817
115 2.3691767233737324e-05
116 6.670139327020362e-14
117 7.79739391154573e-15
118 1.8897323042849226e-14
119 2.082769512546477e-08
120 7.866463617166571e-05
121 1.2120839756073685e-15
122 4.287911073652902e-12
123 1.5061646624214498e-09
124 5.837579686392282e-12
125 1.3214705781305396e-09
126 0.0004480467028334054
127 3.680893964277605e-05
128 0.010467034990981025
129 0.000359106074554916
130 6.90236857706283e-07
131 9.923550071079906e-36
132 0.000611134713209632
133 3.542458087222609e-06
134 1.1015419604505354e-17
135 3.2504218603543143e-29
136 1.9031334066363757e-12
137 2.6827807358953507e-17
138 1.7060818501105074e-18
139 0.0024726055928318727
140 0.0041179785414638785
141 1.5003916259190473e-07
142 7.476835322813306e-05
143 6.212481451487229e-13
144 6.021974630580679e-06
145 1.5111345986552408e-07
146 0.009673971782752228
147 1.8282817768317654e-05
148 5.571333379706305e-14
149 1.0848442885069e-07
150 1.088363116387676e-06
151 1.0154556280441266e-06
152 0.01120597152238644
153 3.86118147414935e-19
154 1.1938311840855454e-06
155 0.0038774514174268154
156 3.244692039397905e-05
157 1.5424231565007796e-08
158 0.00041223908718163047
159 0.0466464694021891
160 0.015708753064649132
161 1.538217281932755e-13
162 7.479808521000729e-28
163 0.011030492986663863
164 8.090035486873265e-06
165 0.00017743866750496233
166 3.323379331494794e-09
167 9.64846389893561e-08
168 8.509702442047109e-17
169 4.490160439431928e-09
170 0.000262073724777544
171 1.0909226542582334e-19
172 7.874575120946751e-07
173 8.316909083552483e-05
174 0.015335477452477965
175 0.0005420586799810577
176 9.366985458691095e-11
177 0.03313572147725455
178 9.646192009331935e-16
179 3.123010123931176e-11
180 0.03705040676875807
181 1.200961875084579e-24
182 4.173422400564155e-05
183 1.0278316899053778e-06
184 1.4060713647159184e-07
185 0.0041490940301064285
186 5.542259200826351e-09
187 6.776007850868327e-08
188 0.0002968470681777352
189 0.008080890609515197
190 5.208003786124065e-06
191 0.011922184456305595
192 0.0009821436552998396
193 9.410944757856577e-26
194 1.2686814322734257e-16
195 3.972148440069836e-05
196 1.44045053437871e-05
197 1.4373694464553056e-08
198 3.491782901764794e-05
199 2.920950124504441e-15
200 1.3511038329432434e-07
201 1.0470975467073746e-07
202 1.9286967822474673e-06
203 7.381426022472738e-15
204 2.520322357939533e-19
205 2.359875279154107e-06
206 4.612162807658417e-06
207 1.0605995315569144e-07
208 4.8883202504787244e-05
209 0.004099253883401956
210 1.465184936051404e-14
211 0.00568381449395938
212 3.5116677993984715e-08
213 2.862221837878433e-13
214 0.02307197811987182
215 1.0784355333045803e-06
216 3.463409505384248e-20
217 1.941074882383454e-06
218 5.976451016174732e-08
219 0.00769483272449235
220 1.4963096889530058e-10
221 7.729223625341101e-14
222 0.00267098394521705
223 2.749494482997085e-16
224 1.1474595043573468e-18
225 0.009472523591910012
226 0.026710130523287447
227 5.106018406430899e-23
228 6.985267624812958e-08
229 1.8794576956355394e-14
230 9.031185998654736e-17
231 7.807272495748128e-17
232 0.03764949742650538
233 1.5779557644627462e-07
234 1.0065534209780695e-13
235 1.2457948434092969e-26
236 0.028770212105091807
237 1.1379688184100357e-20
238 9.643825363756701e-07
239 2.3137724539778418e-20
240 0.0028589746084474784
241 4.336477400227829e-05
242 3.8210090598610943e-19
243 1.8967350663528608e-07
244 1.075555061573208e-05
245 4.732464464735003e-16
246 7.508343019018024e-22
247 0.002988242408810578
248 2.3893994394786813e-35
249 0.17585366418065715
250 2.211872879172737e-08
251 1.1974322794928448e-33
252 0.013812520729174401
253 0.0017637497731288819
254 3.702417915762456e-20
255 0.00022103727557190405
256 4.815756780096105e-13
257 1.0924942775486387e-29
258 4.7387796698201223e-14
259 5.352707040400685e-22
260 6.833129407769787e-08
261 1.183778124771693e-12
262 0.0037654425533269324
263 0.04471907386146678
264 0.0007397389619467563
265 0.03985102348842398
266 2.4649755777434708e-11
267 0.0013538389355146386
268 0.002783629986278904
269 0.014319789073194665
270 0.0002095486329819664
271 0.028877147695084253
272 0.02760721374112635
273 1.8707680523574023e-12
274 0.6723560628194573
275 1.3979325447087535e-13
276 0.09499660001824861
277 0.07934046081906912
278 4.928656159421026e-16
279 9.881853339264386e-22
280 2.612525210358488e-09
281 0.0001171608454530958
282 7.211960082908363e-05
283 8.17704843416771e-29
284 0.0005202451142201865
285 0.08411861328354772
286 0.09902330842350705
287 5.12232422801001e-10
288 3.549108909018714e-24
289 0.00020780849634254869
290 0.022119941851600322
291 0.00020317431255470746
292 0.09381390535348381
293 1.1705079423240776e-08
294 3.9009603123561155e-23
295 6.017569098348198e-06
296 0.04320660838933257
297 0.0004248526666126636
298 0.002779711183254621
299 0.08935899872238119
300 0.0016933907593341298
301 0.005214313465283614
302 3.901683526508896e-05
303 7.16657836563486e-18
304 3.073231907016247e-08
305 0.00946402896331673
306 2.8660597230827256e-07
307 1.305780597334295e-06
308 0.0024429694284160614
309 0.606373940090769
310 0.4258055645045809
311 0.10082942853740451
312 0.49909375156098984
313 2.5416719828301997e-07
314 2.947325028946213e-07
315 6.260118667289058e-08
316 0.5272788792340128
317 0.005549332412008447
318 0.07232665778257552
319 1.9585195901537149e-16
320 1.4828941213031203e-08
321 0.4026693473613193
322 0.0043740088541503585
323 0.28548452131346375
324 9.242069909715404e-05
325 0.35465541977509474
326 0.04023539114912794
327 0.3532590330467782
328 1.922709930023765e-06
329 0.3165507174018889
330 0.25957507218929293
331 8.80575216461472e-05
332 0.1105455840545808
333 0.021664678257727797
334 0.2850990019953968
335 0.06447559779282551
336 0.14292107521387928
337 0.33068945163582447
338 0.29408826860542536
339 0.13492781862426342
340 0.35251658398201635
341 0.02686848259626603
342 3.2168719121496376e-09
343 0.15838112863327775
344 4.6664627401180306e-14
345 0.19637399307257064
346 0.21186653170964215
347 0.02175184647571931
348 0.3451867023330467
349 0.28268643344992955
350 0.01651659950700482
351 7.202108406795844e-14
352 0.0020712496659901205
353 0.0013355361613581833
354 0.2052494136996036
355 0.24960358588206144
356 0.02841109389633377
357 0.31724760492836074
358 0.019786972877524348
359 2.578000107537038e-26
360 8.016466891882647e-15
361 0.10700436996551546
362 2.369003259230606e-05
363 0.023233783754607787
364 1.8584670381227425e-08
365 1.5766786744364986e-07
366 3.4568350168856754e-15
367 0.006791538049263621
368 0.00010138661554111345
369 0.26757287947995184
370 0.014559141380501186
371 0.0024368732452103104
372 0.014209060736886766
373 8.187548582078576e-07
374 0.0018827622036706386
375 0.15732937433076338
376 4.296130854826186e-05
377 4.1456582749988363e-13
378 0.0009351992331141145
379 0.21274222438637422
380 0.15357023624088945
381 0.0030112494294257546
382 2.4848354274497337e-08
383 0.008247710083496607
384 0.025973892319659367
385 1.6288005741114218e-15
386 0.09064209746948503
387 1.3864762283259321e-05
388 7.870366644222814e-05
389 2.3381372980529463e-07
390 0.03490046177982542
391 0.40348133956670545
392 0.009288801805143725
393 0.3061410365756695
394 0.03949091954394747
395 0.06591020657976017
396 0.059327847863305465
397 1.9228049663313866e-09
398 0.4550312035895455
399 0.00032541117863260844
400 7.8504548160623e-05
401 0.38355747386807015
402 1.8145690790787414e-14
403 0.0008817646567653971
404 0.023936776654003275
405 0.00023553833649936424
406 0.034529880215708075
407 0.5953259786950761
408 0.0001361321376652581
409 0.006504015570997859
410 0.00011471602093213812
411 5.031327491696925e-13
412 1.6918156673168489e-22
413 0.020798068119991294
414 3.7717832587575006e-20
415 5.517031166375441e-22
416 0.026024986446285547
417 0.01617745498795561
418 1.4502777451197417e-05
419 0.025193698407554713
420 0.012172733339454038
421 0.033207297462871946
422 0.08637737153663731
423 1.2424774570816313e-14
424 0.008235844315214545
425 4.663897180835732e-25
426 0.014139299640268018
427 0.013686614412505063
428 0.024353793177978738
429 2.7845629727977284e-14
430 0.03638457924618561
431 1.5025458612811731e-15
432 0.002380935729058621
433 1.5886518554690717e-05
434 6.245425270751457e-11
435 2.2926289144657245e-06
436 0.0631069579498326
437 0.003137923719708225
438 0.005608810608491567
439 0.010900848360707758
440 0.03131886148620423
441 5.464032294799338e-05
442 0.009102083617127972
443 6.99833406978747e-09
444 9.481572943531685e-16
445 0.008629043720212155
446 7.337659055323885e-08
447 0.026105965873332485
448 4.152823197594431e-14
449 0.006909078304285368
450 0.0014776815593651534
451 2.7879080892515796e-15
452 8.701272070639203e-13
453 1.4669374056970285e-05
454 4.3812531451467903e-29
455 1.7703043998092336e-05
456 0.0003717697274223764
457 7.118111907819204e-10
458 0.035931478692788114
459 1.3482223152026075e-06
460 4.4480726092468366e-11
461 0.0009338437434086316
462 2.4171364830913395e-13
463 9.862328256134382e-08
464 0.020674449409283542
465 0.0010835545843815647
466 0.053326403974881226
467 5.14803943954244e-07
468 0.010367478061332045
469 2.6380569910803614e-21
470 0.011287645582622189
471 0.0013911045707726028
472 0.03069460957598947
473 4.1787508410956365e-07
474 1.2842262562301115e-27
475 4.462209330395273e-09
476 0.0004218889254097201
477 0.0003110851851184764
478 1.2388383159998644e-05
479 0.03427305381804103
480 0.21724835561732
481 0.16177676303113478
482 0.0016878076035685063
483 9.817918775271581e-06
484 0.012048447217241772
485 0.42324411763575087
486 0.05430461309343132
487 0.3838112164889255
488 1.682151573157088e-11
489 0.00015340251391111987
490 9.398737893006534e-06
491 7.0875641430081414e-06
492 0.004887551917853769
493 2.4175902051146677e-05
494 0.31047342682136153
495 9.16659441817203e-12
496 0.0006505035869075811
497 4.278683350443087e-05
498 2.82482043225994e-08
499 0.019085895526515306
500 1.434437122901041e-05
501 0.010857781390170193
502 1.231042420408447e-05
503 0.13353236867902674
504 0.10431893267378911
505 0.07376604669253337
506 0.013000564711393726
507 4.02808150895349e-09
508 3.325441930759079e-06
509 3.128393715655579e-07
510 1.5565951483053257e-26
511 0.005337520215595983
512 0.0002821449092520896
513 0.006419880372044789
514 8.117490539701287e-12
515 0.007787953310833162
516 0.00016928801487793295
517 4.0749203053421455e-13
518 0.0004358551387289764
519 3.866940460383979e-06
520 1.158139326106196e-06
521 2.334529190842556e-07
522 1.1840554696197481e-11
523 0.009062392850198078
524 8.405791441633516e-06
525 5.35110444005197e-18
526 3.473563504910751e-05
527 0.00020479806418639883
528 2.7836918235219447e-14
529 0.0006444923902552746
530 1.4465026428716427e-06
531 1.5796475767687012e-05
532 3.9831258301226916e-08
533 0.020518050998470046
534 8.135951464514435e-09
535 0.020044724442859502
536 0.011419110085338436
537 4.141030183218459e-10
538 2.912685653091581e-07
539 4.0541442316479574e-07
540 1.6970558776238254e-19
541 5.054487988397578e-30
542 0.0005642538166522464
543 0.0017419480765952728
544 0.7503927158273139
545 0.0011069195785970835
546 2.0086437554240355e-05
547 7.368184167509822e-08
548 0.006976992432585425
549 0.005003190946404545
550 0.20098212491397927
551 1.2607558272880261e-10
552 1.6848484869798877e-21
553 0.0012735525756002854
554 0.027023482625234303
555 9.071279079444921e-07
556 0.1888210325226334
557 0.003232409953503391
558 0.308306510858625
559 0.00034951931627941554
560 0.0031620091174396625
561 0.004391482492945169
562 0.0012480472135419007
563 1.0285020732245807e-10
564 6.336909485545364e-10
565 4.309296773733583e-05
566 5.152848347244392e-10
567 1.8888871961938335e-10
568 2.773319141559e-21
569 1.1188208527340403e-05
570 0.322955497739326
571 4.3698709497046866e-14
572 0.0004498581848413742
573 6.4238777374540355e-06
574 2.1512923277310914e-27
575 0.0008392503118010789
576 4.787955548388096e-12
577 6.613000732259726e-06
578 1.5434763672075265e-05
579 2.5892213633896383e-05
580 2.6744845456712743e-05
581 9.68373272603466e-11
582 2.0974679886873e-07
583 0.001192308117562135
584 0.0008496876038858169
585 5.982134496738245e-15
586 0.3389820437007652
587 3.0373844988544517e-31
588 1.1067116321696635e-05
589 1.6966277683713706e-11
590 0.2043028789426814
591 1.0378146944241929e-05
592 5.601373934094429e-05
593 2.2365478184372178e-08
594 6.216621828809099e-07
595 8.40137882109715e-06
596 1.7546143891864057e-33
597 3.45101274474704e-12
598 1.2369761562447007e-12
599 2.4863536955982312e-29
600 2.209342290842233e-06
601 0.0009103615672186412
602 3.3964120423990934e-10
603 5.163782836895192e-10
604 0.00010742056523097467
605 0.0017549583068518604
606 0.0029974470941195454
607 7.915692535030541e-08
608 0.001104917590359374
609 1.7974809351423e-05
610 4.706607767113321e-08
611 0.0016090707558638348
612 0.000848893355851001
613 2.187226601930179e-09
614 2.241142924532268e-14
615 2.6485087898865654e-06
616 1.2466613772495543e-05
617 0.004443564180810774
618 0.00019204368854989774
619 0.005738318442698999
620 4.047544319916773e-06
621 3.163382441353659e-19
622 5.012633392040675e-05
623 0.26359288341227555
624 6.637686904048879e-15
625 0.34133299353176166
626 0.3488512807079521
627 0.0005081024414318524
628 0.0008917506632696307
629 3.9200435603385984e-14
630 0.012971077798719553
631 7.01233012935171e-15
632 2.9086308902920887e-06
633 0.45325561443807416
634 9.614334379491897e-18
635 6.8064396970052e-25
636 0.0004372379335736745
637 8.100712498876759e-25
638 1.742733672364076e-05
639 3.6692627829561136e-14
640 0.002577642724482554
641 0.4972176791912164
642 0.0014258003698870766
643 3.0788470242355564e-05
644 1.0105192836804949e-05
645 2.688208579731367e-12
646 0.00027663903082111564
647 0.00018104436261076086
648 0.6665531217067893
649 2.6339716369011116e-12
650 7.24740151742955e-09
651 0.6952493690924562
652 0.21374508951404872
653 7.547701389757822e-14
654 4.5683222254295354e-21
655 1.2983491909165049e-28
656 0.0007465205137869369
657 4.8358821967919894e-11
658 3.5472825877734885e-15
659 4.0867014290203514e-16
660 5.041633560635699e-09
661 1.3564537551192243e-28
662 1.994547820626583e-08
663 0.8029519488811635
664 6.176434008189553e-10
665 6.826959519125852e-08
666 0.0030676114111497788
667 4.0557595727771734e-07
668 1.3764325692604782e-06
669 0.014396409122984065
670 0.023404592189910412
671 0.00605294139827793
672 2.738280899917499e-11
673 9.652067624691411e-23
674 2.87265853699871e-05
675 0.0018866350690355175
676 0.024033180384185893
677 0.0014245033594848394
678 0.0015516031198486316
679 0.050481007279259915
680 0.0007540506677055297
681 0.0002597113088027894
682 2.5702275571613755e-23
683 0.010384808220996945
684 7.756787559784211e-10
685 4.944490516487178e-14
686 4.291198540310917e-06
687 2.0276854542889293e-06
688 7.265629025287075e-15
689 0.05673579864263877
690 1.1871009765213485e-05
691 0.0009493033893199035
692 4.293713941786231e-15
693 1.0416226914033308e-07
694 1.1929909904088361e-19
695 2.128286361414883e-06
696 1.1765773788431435e-05
697 2.4116988307096625e-17
698 0.5381228874859697
699 0.0007477264487962243
700 2.2364146553330802e-05
701 0.0002593769794368959
702 4.497452624312355e-06
703 6.619023712079682e-06
704 6.155689540509474e-10
705 0.000532201344642765
706 1.5561953140781636e-09
707 0.00030731351203881145
708 4.41205135884889e-18
709 5.563688280792437e-20
710 3.850278246596721e-10
711 4.9389569059288065e-05
712 0.1699010306860804
713 0.001505316965122498
714 2.986150527520246e-13
715 2.4967959591834594e-17
716 0.11300998808483556
717 4.188152544883971e-08
718 6.210972222139494e-11
719 0.0016793025099689327
720 3.6981261559736495e-06
721 0.00034018772788724694
722 1.1143070644115395e-06
723 0.3372347335582225
724 3.7823904685003925e-06
725 2.3680802399538785e-18
726 1.3506650065083874e-06
727 3.8659382803419287e-10
728 8.559951067644819e-17
729 0.09954296899885874
730 0.03304896864216914
731 1.040665792414734e-10
732 0.0013324791968567053
733 2.9191822362436163e-18
734 2.614061289817348e-26
735 4.4422719150586666e-11
736 0.1873436400576663
737 0.012674417500539575
738 4.3633514275553903e-17
739 9.10632481841038e-18
740 0.00039450559720258075
741 4.872260669862531e-18
742 4.336281866862187e-16
743 1.2412542143091346e-06
744 0.003989082391851989
745 2.1659625908744687e-18
746 0.12378364533418001
747 1.8028148528372665e-09
748 3.098260357307601e-12
749 0.6296978237453923
750 0.06458971416761651
751 2.5979004339294598e-06
752 0.0009293711249609507
753 0.0008158017278820401
754 3.425629119736637e-16
755 0.0003956958449575282
756 0.000143078768950257
757 1.5563738261009948e-09
758 1.3709368181953149e-17
759 3.1931670060148185e-05
760 0.5436252108501494
761 0.09122391902003163
762 6.702288889318372e-18
763 2.9587849612897878e-05
764 0.01950256532905458
765 3.667778081554786e-08
766 0.0005565130844355221
767 1.922954379753072e-26
768 5.230876930643274e-17
769 0.0007968802254408606
770 5.809063852255415e-10
771 9.734205963252734e-05
772 4.884339265253045e-08
773 0.00572657875470773
774 3.595962978937979e-15
775 0.0003699013536346785
776 0.0006916951356722073
777 2.0913412908669173e-06
778 0.3345616364054289
779 2.6222196560376568e-05
780 1.5443834566560524e-05
781 2.344563753088608e-08
782 1.1145179585706498e-18
783 3.620651681337046e-09
784 7.920701810172833e-12
785 9.367014608219848e-05
786 2.7376045115096047e-25
787 6.482898906650146e-16
788 9.30287624168826e-05
789 0.040921103354568916
790 0.011916974666951692
791 0.005883178492235636
792 4.304812397782517e-13
793 1.864971869875176e-05
794 1.372445485984207e-16
795 8.17174142588879e-06
796 0.008537469781143663
797 3.4053322765939424e-15
798 2.0412233104425962e-13
799 0.15408355059194026
800 3.8885154834247104e-06
801 0.00017489483511366172
802 6.576059413195029e-17
803 0.0003243751084685157
804 2.1222101528498185e-13
805 1.0090910025490646e-17
806 6.489882342857614e-15
807 4.873339486443455e-15
808 0.1251673858401503
809 0.00022377041864900008
810 4.0871184809607405e-05
811 1.099291051798442e-07
812 1.9464663291761617e-13
813 1.4127129785407082e-10
814 4.155347112138495e-10
815 2.6956615146357444e-16
816 0.7289471916318787
817 1.9730130704163463e-22
818 5.687492747780792e-06
819 6.941639137499835e-08
820 0.0289103673666761
821 1.8177300564985873e-08
822 0.00024507180679876286
823 3.532941117167388e-24
824 0.03941047771064606
825 0.7020399162419072
826 1.9589987868291424e-11
827 4.802830501904724e-18
828 6.170017873863527e-10
829 1.0877230990329466e-10
830 0.009063426193289195
831 0.0528403266912728
832 0.010077272055144942
833 0.6848017790183859
834 0.03155696516946791
835 0.625254347420754
836 1.807803308632504e-11
837 0.4920366528668843
838 2.597043288456795e-07
839 0.0906644887648464
840 0.22424017382701456
841 0.0008634439211882326
842 0.0009531148779440052
843 0.045223208621547197
844 0.0014156371712325895
845 0.09148419595024514
846 0.0003049339925862181
847 0.3311570907513291
848 7.445563339508998e-21
849 6.884799150790795e-13
850 0.006060547159012964
851 0.001993209126215726
852 1.876852105599757e-06
853 0.04181099687208452
854 1.746046061741943e-16
855 2.2007199821891576e-15
856 0.3163690012189871
857 2.2170642131522264e-24
858 2.723935638863766e-27
859 0.054033998282490815
860 9.059875815055424e-10
861 3.0050543894125285e-10
862 5.090543085950312e-08
863 6.5806121187156635e-06
864 0.6547640441610495
865 0.8257027238178057
866 2.2591628539958149e-10
867 8.603724442931727e-06
868 0.005372062901072587
869 2.192221446623115e-08
870 1.9439115753109467e-08
871 0.013107215126735456
872 1.9320396335198973e-08
873 1.2317361829599179e-08
874 6.560831203055491e-06
875 1.6350750677309542e-12
876 0.06090956245434431
877 4.7592717941067803e-07
878 0.00033473537712543517
879 1.0016280108791766e-06
880 0.20749714342365075
881 0.07627647101937184
882 5.441578629084822e-08
883 7.009906857186946e-06
884 5.538820199843814e-09
885 2.2543100694556886e-08
886 0.7923949143085949
887 0.00010862378353369278
888 3.942998727017734e-16
889 1.4085252557325057e-08
890 0.020202054920551254
891 1.2153910453019196e-10
892 0.009831684447957015
893 3.7506595696436706e-06
894 1.910554436702428e-08
895 9.709481145202129e-09
896 1.3115936928037976e-08
897 0.880380914887959
898 9.563667854512867e-11
899 0.006019121691987413
900 1.5473025428899597e-09
901 2.0280934886239072e-11
902 0.657179419934076
903 0.0011702611164626016
904 5.1334404789191e-10
905 0.0004838077129999525
906 0.00011533988968162641
907 3.882416568069296e-32
908 0.0019079093590752194
909 2.8033066756366317e-06
910 0.004922821697470022
911 1.1840035084562256e-05
912 4.32273483864252e-14
913 1.410484670823804e-21
914 1.3759964180009307e-09
915 0.005504728677869113
916 2.9012820839145936e-10
917 2.3617471070322423e-08
918 1.2597779197462498e-08
919 1.291581829081023e-16
920 0.30877725365860925
921 3.541530095475269e-07
922 9.944481726015355e-07
923 8.717681124994493e-07
924 7.000724945012091e-06
925 1.7638893373154765e-19
926 6.117001880591745e-19
927 2.347975829762164e-08
928 7.439808809092984e-06
929 2.7967197148261735e-06
930 0.0070279103548592185
931 0.00028583026581912435
932 4.165600006482877e-07
933 3.004152303249643e-07
934 0.19866880543850587
935 8.790846762006852e-07
936 1.053782817238037e-06
937 9.10739667136282e-06
938 1.1229616911284362e-16
939 4.025480354200146e-13
940 0.48737634761689136
941 0.026926740539226078
942 0.12743408125571468
943 1.6676065128128323e-06
944 0.0005440726002142976
945 2.5915923386662124e-06
946 0.4601505297684032
947 4.977807732036227e-07
948 1.1807368139004324e-06
949 1.8240985122004062e-06
950 2.4537564308773367e-06
951 0.23838709666953542
952 1.0491573141029036e-07
953 0.16228067437666377
954 3.2611849333142823e-06
955 0.05478978187110604
956 1.242097959289805e-09
957 0.0007703262357687413
958 0.002841213811477824
959 0.02938194534322873
960 1.7285716835182287e-06
961 3.862322468327898e-05
962 0.40635565822920894
963 0.0038293617442241704
964 2.0300264994768707e-25
965 0.017131219268757245
966 0.28166576070965754
967 1.527935938839016e-11
968 1.195165203725985e-17
969 0.002146720663209003
970 0.0006280725753067659
971 2.003891729135603e-09
972 2.969327128014562e-06
973 0.00011218153966829869
974 0.0002872092404794736
975 0.043467796249616227
976 2.241567319387001e-05
977 3.479926331212418e-05
978 6.185605832591419e-07
979 0.0046869784992154195
980 1.2946973105201276e-15
981 0.0001355425323470571
982 0.00012952176925755323
983 3.090169026217175e-19
984 1.2471154240111604e-06
985 0.0781951212280314
986 0.005842020504790792
987 0.0005118539971964803
988 3.9866336855700846e-17
989 0.013733181752697915
990 2.66805717552993e-12
991 0.00038242162122387814
992 0.0005949190465329698
993 1.4650406804968128e-05
994 3.215786188006094e-11
995 0.07919766393025915
996 0.00010811445742799631
997 1.0988233196283944e-07
998 0.47539768859602594
999 0.12871253034906813
1000 0.20753919075820107
1001 0.00034848014176904136
1002 2.2011056130004832e-07
1003 0.00042709376723303635
1004 0.009549952265130172
1005 9.97290352889289e-08
1006 7.550004153011165e-07
1007 1.665636551074003e-10
1008 9.9268279142751e-06
1009 0.004039977614300045
1010 0.00035089603583298904
1011 6.127155420055225e-14
1012 1.8370846011555788e-11
1013 1.897770795243432e-05
1014 1.2868022471493268e-07
1015 4.3968971568722965e-05
1016 3.0748581967515454e-18
1017 2.5770614157642018e-06
1018 2.7753805702777535e-07
1019 0.0017391433195159181
1020 0.031586342368824676
1021 0.00014989452115943668
1022 3.358696103387583e-05
1023 0.07009055373439002
1024 0.0015280279884349018
1025 2.7747088328102757e-08
1026 0.002879649571004781
1027 0.0038359755505115866
1028 0.040622900981236804
1029 0.006822495769390135
1030 0.0002489648452324903
1031 0.246823904541209
1032 0.02171454945559054
1033 0.003415836019531826
1034 0.0002225401852383335
1035 0.0047019217833114526
1036 0.0064485807311954494
1037 0.002265705792645521
1038 0.0002305853217294432
1039 0.567820223889428
1040 1.123226434305905e-05
1041 9.517827186166618e-05
1042 2.0673043864011196e-08
1043 5.474094205403757e-05
1044 8.855051544462671e-19
1045 1.4615916435113614e-14
1046 4.839818926633571e-07
1047 0.18429791941543786
1048 0.0020184717455807555
1049 0.004127614099162144
1050 0.00022701366044951333
1051 9.042049183016556e-09
1052 0.05768428511019289
1053 0.02404155399523635
1054 0.039136607620147534
1055 0.0011613434516431383
1056 1.3320746645930731e-06
1057 1.8482189876032937e-07
1058 0.04608103100809762
1059 0.4460281537021702
1060 0.01558570136546177
1061 4.199656336780813e-06
1062 1.2695430036026634e-07
1063 8.988811167975058e-07
1064 1.5070094034221863e-17
1065 0.024729572592392193
1066 5.770332853474741e-19
1067 0.08263316810705666
1068 7.106579810552503e-07
1069 0.0049619182437613246
1070 3.106732659922464e-14
1071 2.5656928476160843e-07
1072 9.926153927335807e-06
1073 0.0027917112843852667
1074 9.781835145924459e-06
1075 2.8639431402014656e-14
1076 0.005045858250874688
1077 0.0005209531929481581
1078 8.572755628328965e-16
1079 0.03659457068958059
1080 0.0077654343447878344
1081 0.05001430351822944
1082 5.7155354567456624e-05
1083 0.0038222225026114014
1084 0.05038771529835283
1085 0.13657113286125097
1086 0.09137498337532679
1087 3.9901362903090857e-16
1088 0.011722891791743673
1089 1.6987504904130979e-06
1090 0.0766553768898278
1091 0.0934719207596602
1092 0.19621353743443354
1093 9.980794534272519e-08
1094 0.0009925032317360826
1095 0.013520225208142493
1096 0.01492919218317862
1097 8.005889020653874e-06
1098 0.021916335622681526
1099 8.494846512597319e-05
1100 9.627997259386414e-11
1101 0.009272868520340689
1102 0.7266664025905242
1103 0.001927819627451116
1104 0.0005185369861316342
1105 1.6083617348206057e-16
1106 1.5367320966802877e-06
1107 0.7522910771252446
1108 0.0011982626857818465
1109 2.2808275372260338e-09
1110 0.293854656681213
1111 2.8200688120248233e-10
1112 1.8330385500749997e-09
1113 0.11764000413894538
1114 0.07000347510054747
1115 2.7406738822667327e-05
1116 0.020006505144462422
1117 3.6804827080100057e-09
1118 4.0047793305640113e-16
1119 0.007368722744814347
1120 0.0003584822976519934
1121 5.8883711158397536e-05
1122 1.1412193589833158e-06
1123 0.0026427493009466645
1124 3.635552956170436e-05
1125 0.6898982027531466
1126 7.745222979206266e-05
1127 0.13357638632528984
1128 7.623559833228511e-16
1129 7.038178472081614e-11
1130 0.7445867617426377
1131 1.0467725147160995e-14
1132 0.12657888159063682
1133 0.09303271860835646
1134 4.448613870936897e-16
1135 0.00018759295298032412
1136 0.0014333656379423348
1137 4.9088661347573566e-09
1138 0.03315504068562757
1139 2.842916718643445e-10
1140 4.562868118138124e-07
1141 1.873234155097257e-11
1142 1.6653113949972983e-13
1143 0.03135357946309173
1144 0.00012113535542112731
1145 3.0740036796794994e-07
1146 0.018968375784747193
1147 0.09279047780685741
1148 6.847288757733736e-07
1149 0.08701843096137575
1150 0.1261860178453058
1151 8.429161986594786e-05
1152 9.511532828875535e-08
1153 0.0034983690808831334
1154 3.079706061937363e-06
1155 0.05118934379630273
1156 0.004502713151519058
1157 0.39643252870569073
1158 0.0022194988611513753
1159 2.6756470776655395e-06
1160 4.452516762595286e-16
1161 0.04670818562180504
1162 1.1183067087075318e-10
1163 0.08191556447276398
1164 0.08375055105770672
1165 0.06140196442264707
1166 0.46990789398292615
1167 0.0009946270240222554
1168 1.5964577435753918e-05
1169 1.159740308852045e-06
1170 0.6055683975909926
1171 0.09224264441660977
1172 0.5593561446604077
1173 0.02620933951586566
1174 2.349788525191018e-10
1175 0.1500713807801048
1176 0.11898368508327326
1177 1.2443826194836069e-05
1178 6.030867596985665e-05
1179 0.004999291369750922
1180 0.0014152017760070243
1181 0.020054739494198816
1182 0.06270268082315332
1183 0.34975026661290326
1184 2.5782978421694963e-06
1185 0.7181803196430453
1186 0.01051395017082533
1187 0.00539386211837789
1188 0.0018263379012223445
1189 0.0722543177073607
1190 0.021825950387448726
1191 0.003614994398597386
1192 0.11082131940057058
1193 0.7980202186469355
1194 8.810055408937684e-05
1195 3.4680598449220274e-13
1196 0.8441534673951655
1197 1.154335931560934e-14
1198 4.240114464334426e-07
1199 4.3109974912677005e-10
1200 0.00021789444579613134
1201 0.05919637198789604
1202 0.0006074447789179613
1203 2.193258098068408e-15
1204 5.783854309702661e-10
1205 0.015337804056752316
1206 4.166434305130339e-05
1207 0.00014204258276340946
1208 2.5566668172661737e-08
1209 6.917785362026973e-11
1210 0.11032971568922721
1211 0.009882212261427242
1212 0.13084749823110856
1213 0.002188276130266081
1214 9.133034581612123e-19
1215 0.00019483638289135614
1216 7.975135651184673e-06
1217 3.5591340991014762e-12
1218 1.1013291761415642e-07
1219 4.478323245296943e-08
1220 0.24039427393975318
1221 0.11450915202521966
1222 0.013276053599155213
1223 0.16187779200556385
1224 1.8855463984683432e-07
1225 0.09313764813248789
1226 0.03313566130661027
1227 0.015522277113352785
1228 0.0025895641675131582
1229 3.703204852142545e-15
1230 0.001239060184271838
1231 0.002982396335871504
1232 0.10801247099188732
1233 0.035784759001352535
1234 4.650277738027056e-09
1235 0.41760479712119497
1236 1.9477974385210563e-12
1237 0.0028793883467814313
1238 0.010257518295842802
1239 0.3878364767091858
1240 8.327101941696968e-18
1241 7.184049465780054e-08
1242 0.0003900121383142817
1243 1.196763503978171e-07
1244 0.0005539773811391732
1245 0.006277590978777206
1246 0.00044881029303964025
1247 1.1079378074200893e-11
1248 6.3400212597299285e-06
1249 0.09181610952628502
1250 0.8645188066388305
1251 0.0533765132438942
1252 0.5556009145833619
1253 0.05110591806802369
1254 0.8360997598600038
1255 0.0006071203208060277
1256 0.00013200079459066666
1257 8.569974249564828e-10
1258 5.8929571975236086e-15
1259 0.06188766834110296
1260 2.8144359915776536e-09
1261 0.006431430838876468
1262 0.48634697905106056
1263 1.2545969854311019e-08
1264 0.1296757154871264
1265 0.004451750570290212
1266 0.0013622631859644008
1267 0.007043733430029271
1268 0.08837504500544456
1269 0.00012764136291109604
1270 0.00011083084065229771
1271 7.554066896264481e-09
1272 0.09462233709634231
1273 3.595176719715835e-14
1274 0.7493951436532368
1275 0.5768043590193177
1276 3.5568405758696204e-09
1277 0.00031169193627189086
1278 0.6090103360662948
1279 0.11240693386215202
1280 2.4218723928129948e-06
1281 6.757100049378173e-05
1282 0.9210193194765038
1283 3.7596792640161855e-06
1284 0.0006948839410162224
1285 0.2208084722019456
1286 7.45366650808039e-08
1287 1.0418321438427506e-09
1288 0.11807154377673607
1289 1.014352172709356e-06
1290 0.4729424519621788
1291 0.6581728491537274
1292 0.33598375864423763
1293 0.617137679746998
1294 7.116135840237355e-09
1295 6.283513034546968e-09
1296 0.7682150562145682
1297 4.855165725078366e-17
1298 0.0003495157650222467
1299 0.13092649393853859
1300 4.494197752015226e-09
1301 6.368580629419472e-05
1302 3.668019750395889e-05
1303 0.2589638982893709
1304 0.15014897062015212
1305 3.760734372215283e-09
1306 2.781577802540409e-10
1307 1.6264227155076323e-09
1308 0.008560401147023042
1309 1.1215278947494364e-08
1310 0.12598405355333067
1311 0.010006346475416466
1312 1.925578790310478e-05
1313 0.2867740186652345
1314 1.1606781372741953e-06
1315 0.14640366002190788
1316 0.00042018955625089795
1317 3.827705224417017e-05
1318 0.11280507305438417
1319 0.0011654244200208416
1320 0.16044070384292503
1321 3.892742815287839e-09
1322 0.22550052217313288
1323 0.033463426388521636
1324 0.0006302864193728069
1325 0.07012998712440327
1326 1.1254358802504263e-18
1327 0.00039302127818835084
1328 0.36487805861681016
1329 3.6353348474179875e-06
1330 0.020155405815952165
1331 5.3140706937503214e-14
1332 0.10746109547730938
1333 0.05576271196301101
1334 0.14112864930498825
1335 0.15894496915015208
1336 0.0030060361123049064
1337 0.007920823294619406
1338 4.747770166940084e-06
1339 0.08641474035072202
1340 0.00020934149175928882
1341 0.0021429344422011437
1342 0.05070324149713454
1343 0.22969320339019503
1344 0.05297862871065909
1345 0.16361970139724505
1346 0.07394098343065554
1347 0.00015360478487880198
1348 0.00043181284777034563
1349 0.004773430205690119
1350 9.828295707923472e-05
1351 2.5934624874772453e-10
1352 0.0004092213238906366
1353 0.177202443100372
1354 6.913235498737463e-13
1355 4.5616469869656403e-07
1356 0.005577188178672803
1357 0.00038981981206757574
1358 0.0038232112207453903
1359 0.5422975140770778
1360 0.00041981244252927243
1361 0.00045500484181033895
1362 2.3017611291936664e-07
1363 3.6246998645345016e-12
1364 1.0943148846116203e-06
1365 0.000711302793589599
1366 0.11494145787527436
1367 0.8079967420576163
1368 8.92498621276013e-16
1369 0.05156338859580767
1370 0.8865226602343118
1371 0.08744439999256004
1372 0.1420776947871439
1373 0.022783499880195904
1374 0.0010969319699682515
1375 0.11650318286033176
1376 0.011792221225882813
1377 0.00030012874178442515
1378 0.9021647930752311
1379 5.825639665970732e-15
1380 0.01851377714646435
1381 0.059092984626581704
1382 0.05132291918897078
1383 0.03610283123371084
1384 1.1763001705855437e-07
1385 0.00033432105882604543
1386 0.0002825338354776863
1387 4.151304241025328e-08
1388 0.5160203701412027
1389 0.5960326795305435
1390 0.0003138657938358864
1391 1.187472203857434e-06
1392 4.298696379540818e-09
1393 1.17630443600013e-06
1394 1.3345637768655052e-06
1395 1.76243718939626e-08
1396 1.1470439955222005e-06
1397 0.3017904410223683
1398 0.0334475808626828
1399 0.23618234380821437
1400 0.29421456763464265
1401 0.0015770967709950452
1402 0.00013901515454674756
1403 7.367241491880826e-07
1404 7.462945810961092e-10
1405 7.1348805307661e-09
1406 4.0570273552203724e-10
1407 0.031223997583711322
1408 0.01975859536655066
1409 3.519172319638879e-06
1410 0.08161421149089933
1411 7.330070334729763e-11
1412 1.685643363880471e-07
1413 0.012416336152195423
1414 0.006436445927520131
1415 1.5324775221028803e-06
1416 0.0611235233934768
1417 8.426963769601276e-15
1418 0.00033537954687728165
1419 8.166332438251369e-07
1420 8.099572173867344e-08
1421 0.13662297754655564
1422 1.722936334886405e-13
1423 0.6274022455153941
1424 5.186471080765164e-07
1425 4.754194547635553e-09
1426 2.0571963412341145e-13
1427 0.015765170174372976
1428 3.332015975570042e-05
1429 1.013160508492323e-05
1430 0.2019841690707924
1431 1.2357285878407337e-09
1432 0.00017349156553143628
1433 0.01066891539828868
1434 0.7568383489044753
1435 0.13604264070156746
1436 1.4261154716327601e-09
1437 0.011022114356657734
1438 0.0035491469990488727
1439 0.0029209218864767743
1440 1.955745406326266e-09
1441 2.064238612397188e-05
1442 1.851217142696057e-14
1443 3.469247641682199e-10
1444 0.000824167956975582
1445 1.1812686909907988e-11
1446 3.893611873349744e-06
1447 3.4489034288597963e-12
1448 3.747409712193076e-15
1449 3.2800732067549847e-12
1450 0.08635759300123691
1451 0.9099495012970841
1452 2.0781405280421005e-05
1453 3.122917607028427e-07
1454 0.20514983006600862
1455 8.802469594753988e-15
1456 0.85307033637574
1457 4.508774816264091e-09
1458 0.027841472287789455
1459 0.01916137662670599
1460 1.2394366872953078e-08
1461 9.619968836950977e-06
1462 0.03230137577015904
1463 0.4093241773530756
1464 0.011537055712887087
1465 6.232609751653989e-06
1466 7.287636404155766e-15
1467 1.2636903499843397e-11
1468 5.40577698226127e-09
1469 0.06506495705942184
1470 1.9251917431624906e-10
1471 2.3115334776602725e-10
1472 6.924437933649804e-07
1473 2.2071546460637486e-12
1474 0.0028398305728426208
1475 0.5473232609283188
1476 0.0010518097873910808
1477 7.98700833676089e-05
1478 9.032914851854581e-14
1479 2.5311335793993196e-05
1480 5.191878442910539e-07
1481 4.60691876526825e-05
1482 4.14693092054552e-07
1483 0.021910844460287623
1484 2.2721658966738827e-15
1485 2.2309715621492265e-08
1486 3.544784442872546e-06
1487 3.135790035211685e-14
1488 3.58801697006253e-06
1489 0.016541438836337463
1490 2.4600120419029958e-14
1491 1.0153059705712635e-06
1492 0.6067495901775647
1493 5.974061077649261e-06
1494 0.006078882980955677
1495 1.5076041233824155e-13
1496 0.7460228511304896
1497 4.130292611710425e-10
1498 1.2797977453587531e-05
1499 0.0006540993188579669
1500 1.911655872090636e-14
1501 4.8604795939070735e-06
1502 0.029372517638350765
1503 4.1646921215761344e-11
1504 0.19924103558750525
1505 0.014283090404747371
1506 0.6609101427460405
1507 1.0240816449676887e-13
1508 0.07221592912798057
1509 0.15143008447869835
1510 0.4493513545715086
1511 0.6007678439984255
1512 1.4246729723811e-09
1513 0.07775307894324113
1514 0.020322240937852572
1515 0.3114129979391306
1516 4.9337275850060976e-11
1517 1.639685903619666e-08
1518 5.0242960836149404e-11
1519 0.00017085375772751861
1520 0.09642332482222633
1521 0.1841553041488768
1522 4.372418997003797e-05
1523 3.3066188720348165e-07
1524 0.11840455853511536
1525 0.19877466508664834
1526 3.215218090896039e-14
1527 0.011398145060574643
1528 9.097040139891267e-15
1529 3.0013873502266495e-13
1530 1.575098682007711e-11
1531 0.10428810084425372
1532 3.12759501906971e-14
1533 0.09498098258879376
1534 0.13494818776991008
1535 0.00013783028349563146
1536 1.9516106379406214e-14
1537 2.1611334534283503e-13
1538 2.58171864568266e-07
1539 1.5508271545085807e-07
1540 0.23549401462983746
1541 6.294213035119311e-07
1542 6.698416343504956e-06
1543 0.004429323306967478
1544 1.0823982073714816e-14
1545 0.15047509365868328
1546 0.759581046693717
1547 6.4744813703527904e-15
1548 6.978493466077762e-05
1549 0.019657296446329294
1550 0.1410090799931151
1551 5.4339326545937204e-14
1552 0.190865712916383
1553 5.622975348894287e-11
1554 1.2042949275075258e-05
1555 6.667701245044646e-15
1556 0.06494629337539456
1557 1.9637667050053468e-11
1558 4.508310372376556e-15
1559 1.3555052036061962e-05
1560 0.25596749429273663
1561 1.97224115596299e-09
1562 1.5891982761960857e-10
1563 0.000253172689631383
1564 3.2719326913915024e-12
1565 1.6377588609377852e-12
1566 6.118189575021705e-06
1567 2.8988293780109798e-11
1568 3.2448429405688734e-13
1569 1.5674726975274679e-10
1570 1.6719896785976064e-17
1571 2.47124285479952e-13
1572 0.2312529067123243
1573 1.5171556967107995e-11
1574 8.115024563666488e-10
1575 4.011689115615086e-05
1576 1.3730232902490902e-06
1577 5.3482343164054415e-11
1578 5.552065709770814e-05
1579 2.4267100033281386e-11
1580 2.7019487290516143e-07
1581 0.0018830419316737438
1582 0.0023138555125828517
1583 1.09301083173472e-10
1584 2.4229485374707077e-08
1585 0.0017897981107218674
1586 0.16705100481582771
1587 0.0021973043554299274
1588 1.9611011657071709e-10
1589 0.002113420682899966
1590 1.7801887633142912e-07
1591 5.0604975409183735e-15
1592 1.5143518320997392e-10
1593 0.00012000920376588671
1594 0.1346581051022651
1595 8.873022959111516e-05
1596 8.120730242160948e-09
1597 1.4880763705594047e-06
1598 0.005986953690183453
1599 0.0023591701049460877
1600 4.863906345963801e-06
1601 1.930895944128232e-14
1602 0.0996959527048668
1603 2.854493768181702e-12
1604 4.2549402530324094e-18
1605 1.1620336191803432e-14
1606 9.258150457476615e-13
1607 2.7570352022775317e-09
1608 3.113879253381752e-11
1609 0.004776644751674771
1610 0.31000299320357577
1611 3.120391173292599e-17
1612 7.238741414308049e-05
1613 7.60570520772787e-15
1614 8.165728961902421e-18
1615 9.351164994427791e-11
1616 0.00018133494432473856
1617 2.758122730394225e-11
1618 0.002918534122655095
1619 3.42891241268085e-05
1620 0.009500600722908972
1621 7.903062233804918e-15
1622 5.961486596808483e-18
1623 7.579031736789205e-12
1624 2.6042843489637033e-07
1625 9.829153897472552e-20
1626 0.5261528301057763
1627 0.00020885422340909959
1628 0.0011297912826201421
1629 1.691992294535253e-09
1630 4.435013466099224e-15
1631 2.1549394846834612e-09
1632 0.0466414174326607
1633 0.06679015074136495
1634 9.064729504580641e-11
1635 8.829315895774101e-10
1636 0.04027140504735968
1637 8.620361519959756e-14
1638 0.024723732664400245
1639 2.407794128807824e-09
1640 3.1412793395802265e-17
1641 1.720311381246424e-17
1642 2.1541816807859442e-17
1643 2.7796360549493997e-10
1644 8.432722477470669e-11
1645 4.5181404233606434e-05
1646 2.7865819598168427e-10
1647 0.0005880283865383104
1648 0.008461302214284743
1649 4.284471563164762e-15
1650 0.012669664008538686
1651 0.14840182279552883
1652 1.9547053158258654e-12
1653 1.0655570649927642e-06
1654 1.118677345954663e-10
1655 5.434319087793742e-08
1656 1.1631489857997266e-13
1657 2.6392233634992933e-16
1658 1.6359437890468884e-05
1659 0.42067992026063783
1660 2.7898202749726956e-05
1661 0.0010083289816733116
1662 7.029107278931043e-12
1663 1.511543547679659e-11
1664 0.00012830346958863964
1665 1.0719439089972902e-18
1666 2.9868576583649524e-05
1667 7.263400668437246e-16
1668 1.0020489651169713e-15
1669 1.1436366093283752e-16
1670 1.1730136148832803e-12
1671 2.073731286184424e-18
1672 1.3877985529072949e-09
1673 4.765538739999294e-12
1674 1.5739563194956469e-16
1675 0.19405138767933194
1676 0.025078537772140235
1677 4.626118912655185e-13
1678 4.4790096098545e-16
1679 1.015608733025196e-16
1680 6.633096286230238e-17
1681 0.006978068164423725
1682 2.2611572673995315e-19
1683 6.056762015387976e-14
1684 5.796870391744482e-17
1685 1.5859474137525285e-17
1686 1.9475798808138593e-16
1687 6.850457715037419e-17
1688 3.316429790227009e-18
1689 6.397466946611497e-18
1690 8.795442317578483e-19
1691 9.06250683361265e-18
1692 4.7077955309310146e-17
1693 1.6895654820147729e-18
1694 4.333474862078284e-19
1695 1.6704900798769046e-19
1696 0.017643521652857805
1697 0.9466458945998972
1698 2.857266836969042e-12
1699 8.593848056007388e-07
1700 8.64581261663926e-07
1701 8.359139066741088e-06
1702 5.9540680673723605e-09
1703 0.16418914845214877
1704 3.4027394711490937e-18
1705 0.0006572546386592821
1706 5.253047371249627e-07
1707 0.13126018388830862
1708 0.005334072292242057
1709 3.5516563514063364e-11
1710 0.00046328880123389413
1711 1.0459670879661774e-11
1712 5.0880362055369e-15
1713 8.184757273120059e-07
1714 0.00034420024789430005
1715 1.6228227549876936e-07
1716 0.0038104550801650243
1717 2.706592659182086e-15
1718 8.637171902685426e-05
1719 1.0193751649387848e-08
1720 8.241600974437623e-11
1721 7.183680021335281e-07
1722 4.9203058898190656e-05
1723 4.0951138096198816e-10
1724 3.772495009078685e-08
1725 0.23931357753291926
1726 0.0025328721656581047
1727 0.29450303049364324
1728 2.6639642050420442e-05
1729 3.367339136890366e-05
1730 9.230309915837538e-13
1731 4.335586413190563e-07
1732 1.513243434444586e-10
1733 2.879301469172308e-07
1734 2.8157242258331474e-07
1735 0.0018900759089556967
1736 6.2964747464817715e-12
1737 0.0032814205669782497
1738 3.982132831439851e-13
1739 0.000112334400103496
1740 7.608626867423869e-05
1741 4.581675116561959e-15
1742 0.0023917819358840052
1743 4.6903330956412e-05
1744 2.3206622955904436e-07
1745 0.039190595129977614
1746 2.3813553227959934e-05
1747 6.933858908895205e-15
1748 1.6718027857129666e-06
1749 7.203215123857467e-13
1750 0.10833892281245168
1751 0.0015698381754546068
1752 1.6785133245457187e-06
1753 2.84199127720861e-06
1754 4.6155390779967124e-15
1755 0.055351956111607994
1756 3.077284633627248e-05
1757 0.211555321831639
1758 1.1661425595425502e-07
1759 3.0147213806126257e-09
1760 0.0030715233714715337
1761 0.00012671466076300108
1762 4.739538953443452e-08
1763 0.5450802268796707
1764 0.07219370704523428
1765 0.29993610289286876
1766 2.157865843696457e-15
1767 5.280375852396237e-06
1768 0.0008973826613119074
1769 1.0851718030976115e-15
1770 1.2427794814820302e-17
1771 8.010069387163727e-15
1772 0.22057357556584783
1773 3.428162668021553e-09
1774 3.62630792014614e-06
1775 0.08963970125315092
1776 2.802681504064893e-05
1777 1.2951892796844592e-11
1778 0.19257308046087343
1779 5.031855276368843e-09
1780 0.0001518835071025774
1781 0.001958257952792996
1782 0.15106121987029286
1783 8.256096726520129e-16
1784 0.00047866397407133904
1785 2.3071262409379058e-10
1786 1.947817992372643e-09
1787 6.191806015931549e-11
1788 2.7850053739351425e-07
1789 0.050705012170306187
1790 0.1919270452667478
1791 0.17732672116518153
1792 2.1341936166958283e-12
1793 1.4060892651839447e-12
1794 1.7175946833209068e-07
1795 0.1005158323918489
1796 0.11798434890754873
1797 1.132144973588151e-14
1798 5.102174120209691e-07
1799 6.307612954064627e-11
1800 1.0751796143469754e-14
1801 1.1118999741161375e-06
1802 0.1301378279749325
1803 2.772815004513813e-15
1804 0.010113229935228209
1805 2.5770011462005395e-15
1806 0.0009026624784234198
1807 1.2278794254564718e-15
1808 7.322012247589058e-10
1809 5.678773873039591e-16
1810 1.6741117983489686e-16
1811 0.15837311096207524
1812 7.116661695614086e-18
1813 0.00019471202880177757
1814 0.0009827611679180423
1815 0.10452508631565952
1816 0.00022797660775896857
1817 0.6487903457331642
1818 5.724258755334027e-13
1819 7.033731138093057e-10
1820 8.619884294642773e-11
1821 0.15427914225363307
1822 0.1448124911909699
1823 0.014647987289779566
1824 1.909760981449478e-09
1825 0.35864530561070074
1826 9.908007700296727e-10
1827 0.25793537070658923
1828 1.7349626064003284e-07
1829 0.0002594974070393832
1830 1.547406445287996e-09
1831 8.842407947355732e-16
1832 0.00041151084217199265
1833 0.4583706462695169
1834 0.9288286117850962
1835 0.0002555314114596192
1836 7.876155939310895e-12
1837 4.276200021717331e-22
1838 3.0735454834979357e-06
1839 1.643567738060554e-11
1840 2.3062455367696476e-06
1841 5.435434631994186e-15
1842 0.000355851376996779
1843 2.0911400613190842e-06
1844 5.314362780783631e-13
1845 0.0002420565605129873
1846 2.3419298948867478e-15
1847 0.1020570890845669
1848 1.0858002324636518e-08
1849 0.541853388576324
1850 0.9220250344416239
1851 4.164888528245646e-11
1852 0.02629674894568972
1853 1.9126776614417955e-11
1854 0.2759476053247242
1855 3.381638340116886e-14
1856 8.421936544680671e-11
1857 4.657715155868219e-08
1858 4.041798945925824e-12
1859 0.07506828782193471
1860 5.764904438907285e-06
1861 1.483601210805223e-14
1862 5.76194717699457e-07
1863 0.07553599240011351
1864 1.623034960841976e-07
1865 1.6767463761274756e-06
1866 0.023124804429902605
1867 9.915361767291026e-15
1868 4.555705165589481e-14
1869 5.630826202855951e-13
1870 1.8953736301219935e-12
1871 0.0005625119200455121
1872 0.5963186823346427
1873 0.06587792592947941
1874 0.110921743382266
1875 4.6504109517975176e-11
1876 3.6706068098074787e-06
1877 1.0034179856746798e-07
1878 0.7474641946837787
1879 1.560151362999382e-05
1880 0.13258228353695956
1881 5.870374065397934e-12
1882 5.614602982828116e-11
1883 3.4374944662633666e-13
1884 0.00025649157556417566
1885 0.09229048110641781
1886 2.8645103424667984e-08
1887 0.6097648693226663
1888 0.000147483841805646
1889 7.949567217643385e-05
1890 7.141543625687668e-07
1891 4.809420935730587e-12
1892 1.7027420895386798e-08
1893 0.00018176093750797663
1894 9.010708624887578e-09
1895 0.0001611833054488959
1896 0.04735767785578489
1897 0.00041733531551508597
1898 0.8303876844025806
1899 2.4296415166970803e-12
1900 0.21336759996606686
1901 4.0220408284698216e-13
1902 1.1555949552734624e-12
1903 2.5290469599331466e-12
1904 2.066805320676782e-12
1905 4.71761445305391e-13
1906 8.151916866077404e-14
1907 0.003224357222984786
1908 0.00042881464184958413
1909 4.700727762114851e-13
1910 0.006880694596138242
1911 3.7434311453632405e-12
1912 0.00015505961880567676
1913 7.1166614587358986e-06
1914 4.886538092236375e-05
1915 2.28220595313389e-12
1916 1.1924113121622181e-09
1917 0.4409665898497815
1918 5.491967154945547e-11
1919 6.453955291200124e-16
1920 7.219656436902972e-06
1921 1.087078902344205e-05
1922 1.4021901759123705e-06
1923 0.07549257845958979
1924 0.575805315458377
1925 8.317065898334433e-12
1926 3.1964311450948806e-10
1927 0.25051521777169805
1928 3.688536315640329e-12
1929 2.942949769007406e-19
1930 1.1977070021366712e-07
1931 5.4529684791279304e-05
1932 0.0029172589795360008
1933 1.4328801749926328e-11
1934 2.348681678043959e-11
1935 2.4851196679287992e-14
1936 1.6933610997218467e-11
1937 1.2391708103945383e-11
1938 0.009024532873932721
1939 3.931779222812839e-06
1940 0.0007131154070234477
1941 0.00022195266704035755
1942 2.3547859428110584e-05
1943 1.930061619255876e-14
1944 0.01579609961980862
1945 0.00017208870429334154
1946 0.2935077836669353
1947 0.00010423558886281162
1948 0.23584990210492848
1949 0.5483906771056535
1950 0.18791288797992103
1951 4.8939950808180255e-06
1952 0.8015860984733056
1953 1.1738867992634053e-15
1954 1.1222149480050732e-13
1955 5.734702527397652e-11
1956 0.3711028931961043
1957 1.9670704620258963e-09
1958 0.004694585500404351
1959 4.383987168411453e-15
1960 8.867810296424776e-11
1961 0.9568074042674106
1962 5.584577791232609e-11
1963 5.54627830735026e-08
1964 8.459880649634899e-10
1965 7.32613480481497e-11
1966 1.147438479780438e-11
1967 0.5033272316453571
1968 1.7455204031164052e-07
1969 0.006352732064056625
1970 1.6273592618962602e-05
1971 0.0022726540623403337
1972 0.07874275450301958
1973 0.42870957372525653
1974 6.628654410719125e-13
1975 4.531131740106536e-10
1976 1.7160941413086791e-06
1977 4.0741545664277845e-08
1978 0.0007374311314180974
1979 4.010608626437217e-13
1980 9.161093541666592e-13
1981 4.2210406464817153e-10
1982 0.01574295025453424
1983 2.2871849011323266e-26
1984 1.3898230990338166e-15
1985 0.058486122525392745
1986 0.03733406848958881
1987 2.167461911853691e-12
1988 0.025785210897758145
1989 1.4316061755010313e-13
1990 0.005437580270180866
1991 1.0358760561934082e-06
1992 7.602336927426817e-13
1993 6.8061155742836645e-06
1994 0.17351379553272547
1995 8.597062350096681e-07
1996 4.650366935089006e-09
1997 0.0021972896422461385
1998 1.9773997374247703e-11
1999 1.0863854950546725e-14
2000 5.939629454102492e-10
2001 0.004315620110226628
2002 2.3567576415451883e-13
2003 0.0031886586684330455
2004 0.19808008844697572
2005 0.050453326326819994
2006 9.497796097790146e-08
2007 1.5835409183836237e-13
2008 3.709326088490921e-12
2009 3.9868207420976804e-06
2010 0.006522813375026723
2011 3.3173325905919906e-07
2012 2.3953828219275166e-12
2013 3.080102025512442e-11
2014 5.636084537620363e-13
2015 1.477515481518721e-11
2016 8.056049430673826e-08
2017 1.3401973467101274e-20
2018 2.1446680789598365e-05
2019 0.06419670141473535
2020 7.748655779886159e-10
2021 0.0014114162463480212
2022 0.00025775301458787225
2023 0.27527745990490976
2024 0.011593183748566887
2025 0.1481218839002332
2026 3.0723382992461866e-09
2027 0.284681090611295
2028 2.998166397708875e-08
2029 2.447780349066764e-10
2030 2.4581346471056636e-08
2031 1.1583221704764661e-10
2032 1.8342430748722286e-10
2033 2.429410898307183e-06
2034 0.0022329889569248145
2035 2.103397944514175e-11
2036 4.946800502327726e-10
2037 0.19929020004938708
2038 3.1654387459556846e-10
2039 2.4703086462429207e-09
2040 8.693420369948208e-06
2041 1.2376622883233307e-10
2042 1.6048114352719959e-09
2043 3.0230274113396497e-06
2044 0.17408329813954634
2045 0.37527281297890563
2046 0.0026241078216572714
2047 1.1750982605608265e-05
2048 0.23976839083146084
2049 3.784963243460931e-07
2050 1.8764559703739874e-09
2051 2.3029745562203073e-14
2052 0.0019448409608242491
2053 9.904958308965704e-10
2054 0.07534272822795048
2055 0.0008421262700667404
2056 1.0637550267017143e-07
2057 2.382384493436555e-14
2058 7.390881391446627e-13
2059 6.423839581040221e-13
2060 3.224869135715404e-06
2061 1.9427629936997636e-11
2062 8.73824168032016e-14
2063 0.07412655323981683
2064 0.00046634140367335635
2065 0.00011487961249647527
2066 0.45660011270129225
2067 7.663634679583752e-09
2068 9.965999291494555e-07
2069 1.084960557854513e-05
2070 2.6874048683924836e-05
2071 0.0002401582694841584
2072 3.6553365153772416e-10
2073 1.222228723434392e-08
2074 3.809931980610686e-12
2075 5.786675614079094e-05
2076 0.04175358019765972
2077 5.959082409350106e-07
2078 6.331603621240877e-11
2079 1.1463168676867087e-12
2080 1.26114774655177e-12
2081 0.013738660725807955
2082 5.009431021257042e-10
2083 0.08108249968996223
2084 1.3471120348238138e-10
2085 5.316673801294081e-10
2086 2.757914034500515e-06
2087 0.5162008863623379
2088 1.078091510928393e-05
2089 2.2068956913757183e-11
2090 0.12431937589755353
2091 0.24608846914837285
2092 3.196167189033887e-13
2093 1.7490336698511243e-08
2094 5.454747008022837e-08
2095 1.4600259056492787e-13
2096 9.156008860658528e-09
2097 3.661946053753947e-08
2098 1.1804649715986271e-09
2099 2.3831313728457995e-07
2100 2.742211289410119e-09
2101 0.0013576146602956429
2102 0.0011757967437931967
2103 5.189950847616178e-12
2104 2.8218417310597692e-09
2105 7.185064802894332e-09
2106 0.0012702455603023838
2107 0.07935866158927628
2108 0.0026983102297727353
2109 0.3597777528343186
2110 7.5144831350178e-08
2111 0.005342196462389848
2112 5.6463472273852876e-24
2113 0.34469990941520307
2114 0.17087285632847063
2115 0.08154019540371013
2116 1.4199677668303957e-07
2117 0.5428100449291922
2118 7.716121690030145e-12
2119 3.6654899695195363e-09
2120 2.285741149203969e-07
2121 1.51651965410079e-08
2122 1.5598486626488006e-07
2123 3.133737079004565e-06
2124 8.607546681237607e-10
2125 0.04616753523183263
2126 0.0010966574929195455
2127 0.0001174080804172199
2128 0.18522434180287056
2129 0.43918536476376807
2130 0.595696150560147
2131 7.634848602532531e-08
2132 0.009705918014308737
2133 6.238983786334157e-08
2134 0.6858573210987229
2135 2.967706006971809e-12
2136 2.5640334701160144e-05
2137 6.7461265053020154e-09
2138 2.9757449086043267e-06
2139 0.3253729401861053
2140 0.2432314588256497
2141 1.446887657425497e-08
2142 2.631662293828232e-06
2143 4.844703653402281e-07
2144 7.430517010670593e-06
2145 8.728490581674184e-11
2146 1.1527909589331947e-09
2147 1.6778377394830246e-31
2148 1.1750109867184881e-11
2149 0.00015330261627637712
2150 2.0217938470544268e-11
2151 5.97585077492932e-05
2152 0.0005245878403532981
2153 4.570110745968021e-06
2154 0.23267563415930276
2155 1.2735042089474325e-08
2156 4.629793973371589e-10
2157 0.06610845578940733
2158 0.5278245200567167
2159 1.521962672398638e-07
2160 3.9972415476150674e-14
2161 0.0009706219587985435
2162 8.332810012603032e-13
2163 1.4979443074857901e-12
2164 1.8469736336067496e-08
2165 1.187330494381685e-06
2166 2.3580370674233293e-10
2167 0.0002950862031257382
2168 0.02715758210211673
2169 0.01653885173391152
2170 4.414758315740323e-07
2171 4.5004135586254264e-11
2172 0.118336827625711
2173 6.332429924554087e-06
2174 5.000075989826824e-05
2175 0.44279696800661333
2176 0.11671812749405461
2177 1.6856423446666677e-06
2178 1.1199984810498472e-09
2179 3.227115201842252e-05
2180 2.0004180420591373e-05
2181 0.4525443512697
2182 0.07639311118422966
2183 3.7057952808287387e-07
2184 1.937233593212602e-11
2185 1.564905746395526e-13
2186 5.1574191892636235e-08
2187 7.275034193774539e-05
2188 4.6116889820546284e-07
2189 0.1263845273166569
2190 0.9253283201484827
2191 8.400609743952085e-06
2192 5.7867667523224006e-08
2193 0.20099578633726922
2194 6.46821527675027e-07
2195 4.370659689452948e-14
2196 3.944909301818745e-06
2197 2.2809013263572563e-08
2198 1.3230947580925369e-11
2199 1.3448057150640236e-07
2200 1.9250367406273493e-13
2201 2.1199651856530286e-05
2202 0.9470202584606403
2203 0.00014895795589185023
2204 0.00033606007444466723
2205 0.00042375852883102155
2206 3.0899052094584497e-10
2207 1.02265537163071e-07
2208 3.2777860479770054e-07
2209 5.263584028874131e-12
2210 0.4694737508667981
2211 1.5834818790725835e-06
2212 3.8898214664762125e-09
2213 1.556960579238241e-07
2214 7.167852253573856e-08
2215 0.7153806690258655
2216 0.4744819120093162
2217 3.6996095950829295e-10
2218 5.1138183835219865e-15
2219 6.41725937075033e-08
2220 2.5376074863395176e-12
2221 1.499851141637952e-05
2222 0.8801207447068724
2223 1.8931033656599383e-11
2224 0.8658994700265193
2225 3.629002042620608e-05
2226 6.631463191650709e-05
2227 1.6806022334280556e-14
2228 6.635151625211565e-07
2229 0.06525604499144735
2230 2.5642921261284845e-05
2231 0.004096644696252929
2232 0.1753253723855462
2233 0.00011222387412471505
2234 7.458494721434644e-07
2235 0.11833177109299424
2236 4.042941011518624e-12
2237 7.503752091577595e-25
2238 0.5568158030295479
2239 8.50590559897842e-09
2240 0.9330073823699049
2241 4.7863380893856534e-05
2242 1.4077582241261225e-06
2243 0.8494945333527105
2244 0.00019217042708819185
2245 0.0005192866797665263
2246 0.07543326187629269
2247 2.6900195760711767e-12
2248 3.663416423920339e-10
2249 6.479398995773123e-05
2250 0.26848830287706094
2251 8.675113763535212e-10
2252 2.6477355032023275e-05
2253 3.4469745869314005e-10
2254 0.0003898192015850437
2255 0.0163952459000381
2256 0.4325113308728612
2257 1.7923921585210762e-14
2258 0.00017065468166905438
2259 7.280730498562419e-17
2260 0.2938998296127698
2261 0.00014151493382456152
2262 2.8415374437776017e-07
2263 0.5785260711275617
2264 2.768958561274236e-08
2265 3.2330591646464676e-08
2266 2.4823632752677004e-08
2267 0.2939367291336484
2268 0.05177520033893373
2269 9.85088075266636e-05
2270 0.0009172898488542933
2271 6.786958971601868e-08
2272 1.7548664234032667e-05
2273 1.7323538683649697e-07
2274 0.4057472984032391
2275 2.735915272829232e-09
2276 2.3305623451097508e-07
2277 0.0003482990321224018
2278 1.3619910451289502e-11
2279 1.9090851330271443e-06
2280 0.1416591287732243
2281 3.3247830237551025e-08
2282 1.1008842799632032e-11
2283 1.687100441788742e-08
2284 0.009585689053621777
2285 7.326015795360719e-06
2286 0.44287331850953154
2287 8.741196188400648e-05
2288 3.88537798653015e-12
2289 2.451579435957054e-11
2290 0.001000768077695215
2291 4.132272271163627e-07
2292 3.3342454633765313e-05
2293 0.16687698010856059
2294 3.1745845230820398e-12
2295 0.004905952186915551
2296 1.542324914711229e-08
2297 1.7541314476492528e-07
2298 0.0013544897222644485
2299 5.419128071033102e-08
2300 6.23291467551062e-05
2301 0.012729627842255077
2302 7.375868453700635e-13
2303 6.75897537393444e-07
2304 0.04977966180116255
2305 0.1658201959500629
2306 9.720888071316509e-14
2307 0.003511396555011304
2308 0.39295081274978644
2309 0.028825038882928124
2310 0.432934620585632
2311 9.198058823848268e-07
2312 6.497551191057719e-11
2313 0.0022584691714071163
2314 0.0010521984501949402
2315 0.008955505113224436
2316 0.26734485191280255
2317 6.599630568628824e-09
2318 1.2208481513485425e-06
2319 5.514657423451184e-06
2320 6.436156456963074e-09
2321 3.511695421893188e-10
2322 4.020774165903977e-09
2323 2.044338227930953e-10
2324 0.03837236917888276
2325 9.989833900905702e-12
2326 3.0108075141250756e-10
2327 0.006512952080073835
2328 3.166852793187208e-13
2329 0.0007633827445245664
2330 0.0001901521681451457
2331 8.045644233481461e-09
2332 0.00383739540827227
2333 4.329918167196278e-14
2334 2.4098864133709748e-08
2335 0.0032839354998194328
2336 0.0001630143294171566
2337 9.480810522593743e-08
2338 2.2604987092735473e-06
2339 0.06309165480007686
2340 6.136595017533634e-11
2341 3.453023727883826e-13
2342 3.4176146503249466e-08
2343 1.968969622866187e-07
2344 3.761076320276325e-12
2345 0.00014733679308276244
2346 2.3492957067695925e-06
2347 3.918544800819473e-11
2348 3.5600678027881903e-06
2349 8.384528467329903e-12
2350 7.376148478994516e-14
2351 5.457450231202398e-19
2352 2.1558945541809763e-11
2353 3.9345164783147564e-08
2354 2.8722127369822555e-05
2355 1.0403514691328616e-07
2356 0.9303734215020473
2357 7.878980137038533e-13
2358 3.8860828687785775e-08
2359 0.607955995010871
2360 0.0010712187476184017
2361 2.0220081382896633e-08
2362 2.767252898995732e-15
2363 2.916265289009547e-12
2364 0.33908140397693115
2365 7.166323566457856e-08
2366 0.00010748239441429259
2367 8.045656272436429e-05
2368 0.026068651749692896
2369 3.0641619046877906e-09
2370 4.206876632588595e-12
2371 8.115367954735223e-07
2372 8.768161265782029e-12
2373 4.582955585185149e-06
2374 0.001266743009751143
2375 2.639605340998593e-09
2376 6.37363205610331e-12
2377 3.707926704243955e-08
2378 2.990770239514443e-05
2379 8.784327174372204e-05
2380 5.2978750629821694e-05
2381 0.00015209703126612873
2382 3.319250377292515e-05
2383 5.4708054354949124e-14
2384 1.4991653163506309e-09
2385 4.0128913561510384e-13
2386 1.7007236389216122e-10
2387 4.397538883955563e-06
2388 4.613265823470207e-06
2389 1.1520557183925191e-08
2390 5.904383705077482e-05
2391 2.3983719350295175e-05
2392 0.05965190091622399
2393 6.024706325472773e-12
2394 1.8240027554145362e-06
2395 6.922808435266898e-11
2396 1.1768009489505878e-06
2397 0.013914560337958036
2398 5.14434086701849e-08
2399 3.4385244539410875e-16
2400 1.992863355194914e-05
2401 3.027722792673029e-12
2402 0.0002102142281786339
2403 1.3048668769347297e-11
2404 0.01628715884706501
2405 1.2451810177914048e-07
2406 0.1851753461038938
2407 2.5189763665795114e-08
2408 0.24548224276111122
2409 5.2501175074788154e-05
2410 3.1529771747820817e-06
2411 0.002518437121561233
2412 0.2553707911017873
2413 2.812890865199609e-12
2414 0.0010147996523152574
2415 0.00017125702151276503
2416 0.0008922680260679643
2417 1.6487810326713081e-06
2418 6.032050929626276e-05
2419 8.75484902627545e-12
2420 0.15525459401175012
2421 4.386543898133393e-11
2422 9.567100866780226e-06
2423 1.9984642271546394e-06
2424 0.3197399798029289
2425 0.3980373180991235
2426 2.5493112820259623e-10
2427 1.331744908817883e-08
2428 0.008397370860505396
2429 8.386954858762529e-16
2430 1.8630090464129694e-06
2431 1.4961195460980756e-14
2432 0.00024133085479385464
2433 3.0108884183302128e-15
2434 0.3767751730805212
2435 1.2814332626520539e-23
2436 2.4928176823760478e-11
2437 7.675933458605114e-08
2438 6.015111438359564e-08
2439 1.544475084402576e-05
2440 0.0005186941505671946
2441 7.079946916712618e-07
2442 1.756531091408911e-11
2443 3.817586526060337e-24
2444 3.8441712565589697e-13
2445 4.5018613432554544e-05
2446 0.03017264758941467
2447 0.009331044160489589
2448 0.4076363741714108
2449 7.550488391324057e-11
2450 6.763704812856659e-12
2451 0.41303073816557057
2452 0.4790507780267646
2453 1.0171850961723782e-15
2454 1.2345417363175398e-05
2455 0.00022593926595487773
2456 4.61512825327721e-07
2457 4.1101914428811704e-07
2458 1.789816328765241e-15
2459 4.05272605525399e-07
2460 2.5858997089973755e-12
2461 0.004833085643407589
2462 1.313494207933732e-05
2463 2.7961218949659903e-13
2464 2.422834760991505e-12
2465 0.005031958683799488
2466 2.5557777105825422e-18
2467 1.1801677488664728e-15
2468 3.793359837119887e-05
2469 0.0003263523275420039
2470 1.4438628571041034e-06
2471 5.5888319892777194e-12
2472 2.1916342419241783e-05
2473 0.0007239240783794322
2474 1.7507992939037155e-05
2475 1.3341316266086521e-18
2476 4.3558551964517216e-11
2477 3.7232579114740554e-06
2478 0.00010009771937648483
2479 8.527699720998507e-06
2480 0.00013072494316483617
2481 6.499152704146869e-16
2482 3.41740179596419e-12
2483 0.0001643951800302613
2484 1.225958291176432e-15
2485 2.643768654697712e-26
2486 0.5722216519013634
2487 7.202366403603908e-12
2488 4.11745135952184e-08
2489 0.001378085060684932
2490 0.007461103714996847
2491 3.3391967282920103e-12
2492 1.4740253710709916e-05
2493 1.5271407329344604e-07
2494 6.014293787671561e-09
2495 0.7017498312101392
2496 9.531205052944052e-08
2497 0.5724911030506553
2498 3.5194574501374305e-05
2499 4.86551852694565e-06
2500 1.8880970980808824e-12
2501 9.313855853838447e-12
2502 5.958959034663381e-05
2503 6.6706126447951615e-19
2504 8.998658544282031e-13
2505 8.41899138077806e-16
2506 5.401719653344933e-15
2507 2.125892284390289e-18
2508 6.113321037381708e-16
2509 0.00010265071618657925
2510 5.293680153426254e-11
2511 1.964782433423263e-05
2512 1.4686117004138614e-17
2513 3.097231535471897e-23
2514 1.6166489904025673e-12
2515 6.888050850173679e-13
2516 0.00010045031445511854
2517 4.601837416243091e-09
2518 1.016708614989278e-05
2519 3.855475129941111e-16
2520 5.321621043548001e-09
2521 1.0862330940946663e-15
2522 0.22400346820338268
2523 2.7993334558288204e-06
2524 7.868169328518219e-07
2525 6.263632228358061e-15
2526 6.150002752492898e-13
2527 4.937374271479088e-13
2528 0.0008055950548052836
2529 1.0143181175914907e-15
2530 5.24968724723472e-10
2531 1.687931760276334e-13
2532 0.0002112673662779187
2533 2.1371769926265687e-07
2534 7.3233429620685685e-28
2535 1.0235231475738723e-11
2536 0.00026277805975598263
2537 8.907265519767126e-10
2538 2.9197681391193254e-05
2539 0.0005520455945353445
2540 3.123888629370692e-08
2541 0.0040230665749470245
2542 2.737633663037743e-06
2543 1.1348901533133931e-05
2544 0.6978600020488619
2545 2.1656678442416998e-07
2546 2.118682748628541e-10
2547 3.0041018969863105e-07
2548 1.3110105265285468e-10
2549 0.0019150497673570406
2550 0.0028185519312527987
2551 0.0004941190629830849
2552 1.2527089039191882e-12
2553 0.00016150800831776674
2554 1.3672508549000003e-09
2555 1.7831846588475971e-09
2556 2.1160091864658166e-18
2557 6.143268462154366e-06
2558 7.958568038013779e-13
2559 1.5533155903738978e-12
2560 9.671022710957185e-11
2561 4.6914891521112416e-14
2562 8.502706579907876e-06
2563 3.824707377270648e-06
2564 0.00015268954944357613
2565 1.942249165571211e-25
2566 5.386917691233075e-19
2567 0.004472792487141055
2568 1.5785774512976556e-18
2569 2.463620920504087e-06
2570 0.3027398721449667
2571 7.56311059227174e-08
2572 0.002369980425110103
2573 0.002081492894176335
2574 5.292810985199982e-13
2575 1.5486551282007415e-11
2576 3.5268833769255634e-07
2577 0.0007540803174662056
2578 6.302723372550396e-10
2579 0.0020022998380866157
2580 5.314757580726246e-06
2581 3.875134209796221e-06
2582 0.0022211895551636105
2583 0.00321101505974406
2584 0.0008959245088932116
2585 1.0181367551914834e-12
2586 1.0374554792725118e-08
2587 9.318386423710919e-07
2588 4.970967734151216e-14
2589 6.412547285692011e-05
2590 3.6571636396600786e-19
2591 5.337541871919639e-06
2592 1.825722350457429e-07
2593 0.8076722534641779
2594 1.937610258482032e-05
2595 0.8679178206243461
2596 0.012132428506134456
2597 6.677172540292001e-06
2598 4.6837474569698965e-07
2599 0.0001302498836046689
2600 8.324278696092148e-12
2601 8.546594667384611e-05
2602 2.99948949146651e-07
2603 2.3776175666326036e-05
2604 5.656073054468151e-14
2605 7.332339812076142e-15
2606 5.750170141625427e-06
2607 8.199407679860842e-07
2608 6.665774487044915e-12
2609 0.00023733476029886723
2610 1.790174978038038e-16
2611 0.004110331322359
2612 2.883912954423512e-31
2613 2.1196000013290026e-08
2614 8.985419718389493e-11
2615 3.3541527504502626e-13
2616 0.00177602301760066
2617 5.3673104855512307e-05
2618 0.00231322077878406
2619 2.2871273652549904e-16
2620 6.071681554833713e-22
2621 3.4484721152779516e-27
2622 0.0016045481042072669
2623 6.389099675400156e-15
2624 3.352384316656645e-05
2625 1.0429021772570125e-10
2626 0.6659141797536984
2627 0.0008517013575169
2628 6.796528461092993e-15
2629 0.6100268645455155
2630 3.342268270962722e-09
2631 5.036012493319873e-05
2632 5.273444364570806e-19
2633 0.00045593616015933614
2634 0.014900354686781582
2635 6.712717871613233e-08
2636 2.1115118650373834e-17
2637 0.6742494147541453
2638 2.6919951234803757e-06
2639 5.173711524144332e-19
2640 0.8370799498256196
2641 2.2550513492576658e-07
2642 1.911023578692621e-09
2643 1.2460721005049655e-06
2644 2.050972022822689e-17
2645 5.02078570892893e-11
2646 3.1727682955866424e-05
2647 0.8910514782882774
2648 1.275147463878849e-32
2649 1.2752342910820034e-06
2650 2.0473656326238126e-24
2651 6.288575141512698e-06
2652 0.02516422807364178
2653 0.00022400153416434864
2654 3.5046563060955727e-07
2655 2.2331645167656655e-11
2656 0.0008402139441780503
2657 3.8834770659630463e-07
2658 2.8943373771938444e-09
2659 1.3286069124882753e-05
2660 0.718208354243161
2661 0.0012629701520188376
2662 0.7075406849511583
2663 5.0313044014531114e-09
2664 2.0858445497307385e-16
2665 1.554972943078121e-08
2666 0.6799545064171963
2667 9.459741561292635e-35
2668 0.0005796570124247833
2669 0.0030527179557235415
2670 3.834012232994736e-08
2671 0.001116425388812846
2672 8.609765529939692e-09
2673 0.5303199204148931
2674 4.975232278327204e-05
2675 0.8542363528447601
2676 0.0006037493809427296
2677 1.1548680824968507e-05
2678 0.0023037065545092384
2679 0.00041422886331760544
2680 0.38453291034953535
2681 0.8343846519229791
2682 2.2447811515578562e-05
2683 0.8989957747892174
2684 2.835400841848704e-30
2685 5.1675813082716475e-06
2686 4.255605589588684e-12
2687 2.019748572639161e-15
2688 1.0772190365638265e-13
2689 2.401766742178608e-08
2690 4.137074866061503e-11
2691 0.40199349439452586
2692 0.0004557545732883689
2693 0.35650421035542257
2694 3.057838289321373e-13
2695 0.00018605077279747905
2696 0.8336110107347546
2697 0.23337797100973456
2698 0.0005204274541648124
2699 1.4655791466952665e-05
2700 7.911892817707311e-10
2701 6.71073890774292e-05
2702 6.394193830322705e-06
2703 0.0021269023161747096
2704 1.1004016799855743e-05
2705 7.998432885734343e-12
2706 2.5760774883884825e-17
2707 2.333887737548782e-17
2708 0.0006037818271822338
2709 0.7423878384424251
2710 7.318419988698467e-05
2711 1.8560536195572472e-05
2712 0.00015997029902909513
2713 0.15473157542969868
2714 3.639379008915111e-05
2715 4.985243077946778e-10
2716 5.986414937978331e-15
2717 2.1956465891462115e-10
2718 9.304882167657253e-05
2719 4.0545972412639894e-13
2720 4.948897442945463e-11
2721 1.9830159600520945e-07
2722 4.46557281557799e-10
2723 0.45101149703369453
2724 4.345649061182981e-10
2725 2.506390770605123e-09
2726 9.650829495820824e-06
2727 1.0493269127709414e-05
2728 3.3996201238499682e-09
2729 7.478970364811583e-10
2730 2.849425173070738e-06
2731 0.9140524378022457
2732 2.2603048092314418e-08
2733 0.0015573161396609712
2734 2.360293622004571e-16
2735 1.5229310596701599e-09
2736 0.0003059649750112399
2737 9.544745200240944e-05
2738 0.01798095993966453
2739 1.0130656423760384e-11
2740 1.31042314986274e-16
2741 0.03565090120267187
2742 1.0186482705655376e-10
2743 2.6143959943658134e-10
2744 1.0083796795175163e-05
2745 2.341816116746954e-06
2746 2.2995055939541403e-06
2747 3.0084151876095205e-09
2748 0.6054702107540282
2749 0.778134463364424
2750 2.1045609120992085e-18
2751 0.7306102618055944
2752 2.997871307615514e-14
2753 4.815586925907647e-08
2754 7.22339216941885e-05
2755 0.0020644712037305385
2756 0.00018027344041247773
2757 9.331794867571341e-07
2758 1.089647367232623e-07
2759 0.09219691384558759
2760 3.694022056017218e-12
2761 9.20902536564791e-05
2762 0.04411652302208469
2763 1.8518569944575632e-11
2764 1.303775169496255e-09
2765 0.2651751585683538
2766 0.7887579437502994
2767 7.070329407868543e-08
2768 0.0005979344711544204
2769 7.698465455581352e-06
2770 0.00012570862017585914
2771 2.2085662526685368e-12
2772 8.156079032343908e-09
2773 4.496902165564868e-06
2774 1.219607173533634e-13
2775 1.0792995117897173e-07
2776 0.00891511361422301
2777 0.0060878959323269035
2778 0.015291539608809532
2779 1.2098819741273513e-06
2780 0.003943492015954226
2781 1.2668961524129783e-10
2782 0.26870927634279557
2783 0.011968203232229411
2784 0.0477413651927931
2785 8.519526054365968e-06
2786 0.01918566905406758
2787 0.8345865895483519
2788 0.0023168896505242256
2789 0.01769150134900351
2790 1.4613702138176335e-12
2791 0.8022448217599126
2792 0.01929509029453041
2793 1.7973286080545294e-06
2794 4.0145617663262043e-08
2795 0.0012860891164483458
2796 0.0003312772824051778
2797 6.8682155604401e-05
2798 0.0003048075924930028
2799 0.010138843390500347
2800 6.644167696472853e-05
2801 3.5834887547314178e-06
2802 1.2514443096708009e-09
2803 8.274893897456279e-05
2804 1.4183769146381497e-08
2805 1.6621317032119552e-09
2806 0.00014628796197352164
2807 0.008966416430263444
2808 1.1224461194899978e-07
2809 0.7553899430666424
2810 0.012183106122972605
2811 0.16536953792653336
2812 3.181012564636903e-15
2813 4.644734812360905e-07
2814 3.6820201375804956e-11
2815 7.435010039437083e-14
2816 8.809408532444764e-08
2817 6.699929015136658e-07
2818 9.912992530895474e-09
2819 1.0375421537754114e-10
2820 2.4632741008251844e-06
2821 2.199603810828225e-12
2822 8.780869821854451e-11
2823 0.16152432452523616
2824 1.9600695010663406e-05
2825 3.397242920951173e-11
2826 0.012301777158728733
2827 0.00431203889053771
2828 2.5868979987521575e-13
2829 0.018528899920273116
2830 0.07129444165418099
2831 0.033967217964477665
2832 0.02579477064468715
2833 5.0738035485772914e-09
2834 0.00762334860871774
2835 1.0854997971821352e-11
2836 0.04134218979136635
2837 1.8430935500308437e-11
2838 4.9606636077260316e-09
2839 0.04646940578351854
2840 0.00039416913662501836
2841 0.04827357164078419
2842 0.25496912372713576
2843 0.11224797979323503
2844 0.046920923201820224
2845 1.1241997515090659e-11
2846 1.0085851820593622e-12
2847 2.0874147407973093e-05
2848 1.8805028760279387e-08
2849 3.313983077858291e-09
2850 2.5299873911047382e-05
2851 6.240477550518819e-05
2852 1.6014134112300181e-12
2853 9.490157250136993e-10
2854 5.086257053508619e-10
2855 0.00014035647992266846
2856 0.04204097364166109
2857 5.97623416129951e-19
2858 0.01911688861320829
2859 0.00584360294120869
2860 6.370980148197536e-05
2861 6.512514264651439e-06
2862 7.20435361228301e-14
2863 0.026536928315409474
2864 2.536504473366319e-05
2865 5.19354217371453e-13
2866 0.03829973541887993
2867 2.6349001983482318e-11
2868 2.873726383322788e-08
2869 0.006549067313224698
2870 3.0302112086473954e-13
2871 4.693554534415411e-05
2872 0.018914184149306346
2873 1.563266940731309e-08
2874 6.832356655272575e-15
2875 0.0004359310833391183
2876 4.9266347136296724e-05
2877 5.987587107925481e-10
2878 1.8904420762490493e-08
2879 1.9172498526438788e-13
2880 0.007349969593792338
2881 3.517619407550934e-05
2882 8.801987651624185e-07
2883 1.7463453606091816e-10
2884 5.0476184407543586e-05
2885 6.0033268121386685e-12
2886 7.143389940029468e-06
2887 2.126912195670464e-14
2888 2.563804602128705e-10
2889 1.3715519885227534e-10
2890 0.6973495593355928
2891 8.428403460021791e-09
2892 1.4067876521673014e-06
2893 8.576467267601174e-13
2894 1.072835652743678e-07
2895 1.564058617979717e-10
2896 1.4899928050687199e-08
2897 0.21645747563596338
2898 1.3126097346428291e-10
2899 0.09905919665218407
2900 2.52664315645467e-07
2901 3.701353853148616e-11
2902 2.729631180530835e-07
2903 0.11707478989592962
2904 1.915635151350947e-13
2905 1.2657740367735477e-05
2906 1.0265165999597583e-08
2907 5.751471657721405e-10
2908 0.04992574863652249
2909 0.640476311827847
2910 3.558200620721882e-05
2911 0.5377675887858625
2912 0.00012582026978205047
2913 0.0002934182772806173
2914 0.062164573310343516
2915 1.0495138899861041e-16
2916 1.3651807798826406e-09
2917 3.1549123476802845e-10
2918 0.48143259295676344
2919 1.0818682622055586e-06
2920 3.175422369429182e-06
2921 1.3711459605675885e-13
2922 1.162353062162777e-08
2923 0.0732788933998627
2924 5.474873360403273e-09
2925 3.8249180196803604e-05
2926 0.07112868382043211
2927 0.02522523880498752
2928 4.254584163019686e-09
2929 4.546707952738154e-13
2930 0.019859309107484558
2931 0.005400269148080199
2932 0.0022289913692136805
2933 0.038999950552272754
2934 0.03900783997747432
2935 0.0827254765981649
2936 0.009886897515187761
2937 0.007451615597660352
2938 8.39296146558035e-09
2939 0.054544842796883465
2940 6.725314943466266e-08
2941 0.058485296355621705
2942 0.19175875467740122
2943 0.01348140207026497
2944 0.0006807581445842329
2945 0.3848397468015044
2946 0.06348611781570712
2947 6.664825566145053e-07
2948 0.013580677715652368
2949 0.033477301925184215
2950 5.586765015107834e-14
2951 5.699723370479722e-21
2952 0.20054043770421243
2953 0.023086080838535167
2954 1.643167159428381e-09
2955 1.2122705992968694e-12
2956 9.606684400578253e-13
2957 3.9582737659409455e-08
2958 3.131219387855093e-09
2959 2.8118162508153763e-11
2960 0.08873001144318204
2961 0.051090638707651494
2962 2.3095151913013956e-05
2963 0.04058282139153616
2964 0.012537501955167835
2965 1.0789614887325163e-09
2966 0.007702086382959802
2967 0.03485016988628743
2968 2.4340860620724415e-09
2969 8.939625167464626e-08
2970 3.735878755108166e-09
2971 2.117207799540018e-08
2972 2.59291033910972e-10
2973 1.7099416920078753e-08
2974 0.020589479046389705
2975 1.432052441377783e-10
2976 1.3505153782126618e-14
2977 0.04539827971127546
2978 1.0675639625903015e-07
2979 0.012908057004530885
2980 6.717037639021864e-14
2981 1.3354220327025982e-11
2982 0.01238627640274704
2983 5.844267834325422e-12
2984 8.241269753072321e-10
2985 6.67340627625207e-09
2986 0.12827998297720755
2987 1.900800790007968e-06
2988 0.04721728363168792
2989 3.018638314304826e-07
2990 2.2176603305215765e-06
2991 0.06327986065841179
2992 0.04477634097193321
2993 1.3342863904447142e-05
2994 2.185136815098171e-13
2995 0.00014628860930845873
2996 2.245102948781457e-07
2997 6.537057225702339e-14
2998 0.00108010611061435
2999 0.037834949532852984
3000 4.9253622157881427e-26
3001 9.579891186300254e-08
3002 0.0008277355137369329
3003 0.04433934456457183
3004 6.92847076525589e-05
3005 0.0005973718067585418
3006 2.751646679314579e-08
3007 0.00010776202028921675
3008 1.9402256545527288e-16
3009 4.200480628133755e-09
3010 3.698173388084413e-07
3011 1.4522734860578242e-11
3012 8.08583847799275e-07
3013 0.026891761699886253
3014 3.585953134050529e-07
3015 2.0063993468175725e-08
3016 2.629994696209941e-07
3017 1.8764778726414106e-09
3018 0.25866025231205825
3019 1.4165899254277427e-09
3020 1.4901429806067163e-10
3021 7.606935556103889e-07
3022 1.7502086072672185e-08
3023 6.245723114548502e-09
3024 0.3391055304339748
3025 9.114940155538786e-10
3026 0.4439629889781297
3027 0.415839039527418
3028 0.3579251591096314
3029 0.5036765079290108
3030 1.8546242285422126e-31
3031 7.007813635561655e-10
3032 0.38086651302831265
3033 0.24131269305804962
3034 0.5245012523448902
3035 1.3392765571919667e-10
3036 0.35428826414845116
3037 8.648680397227345e-07
3038 0.3704184454945092
3039 0.3087965968192069
3040 1.8451048834609912e-12
3041 0.4493625948749269
3042 6.90465191936055e-08
3043 0.31738033317797515
3044 0.18299901052292583
3045 0.0011933413606977621
3046 0.2979913759850348
3047 0.2637184837784408
3048 3.5915846252799226e-10
3049 2.5757343150943296e-22
3050 1.5151795218871203e-16
3051 2.2696748307873818e-13
3052 5.102447448361829e-13
3053 4.150576114691178e-30
3054 0.2120509512985374
3055 3.397565262559288e-09
3056 0.2160330136025108
3057 5.456649276153589e-21
3058 0.13017383587757292
3059 6.190099479299015e-08
3060 0.2902630879820565
3061 2.2566177322490806e-08
3062 3.5144048895247247e-06
3063 2.6521510697104017e-12
3064 1.5368246854252945e-08
3065 0.0022447351404040207
3066 2.4696990205304023e-09
3067 1.2552649579204588e-11
3068 7.914661788853096e-10
3069 6.889573408884786e-10
3070 5.150114651694997e-10
3071 2.9509727248231364e-11
3072 1.8316303059425523e-10
3073 5.566981239946747e-11
3074 4.81154629785555e-11
3075 0.003159449980812073
3076 2.6726147114828398e-05
3077 7.140832908541022e-07
3078 5.782697020578671e-32
3079 1.2374735544259894e-12
3080 1.6599234107852886e-25
3081 0.005252355258698119
3082 2.6608605193604273e-08
3083 1.0779464281207592e-07
3084 1.5693560048750366e-12
3085 5.4639517136630544e-14
3086 2.4512334659716774e-14
3087 4.695219769619272e-14
3088 8.160254124824482e-14
3089 1.2037978512419439e-14
3090 1.1217480463403e-09
3091 3.8992824352809444e-17
3092 0.08015476056155289
3093 2.8487299686045576e-17
3094 7.599251253742569e-17
3095 1.8851992763752355e-17
3096 5.7197440920367406e-08
3097 0.0031049467364193182
3098 1.55665521587809e-14
3099 1.9849396176673843e-05
3100 3.458772457490973e-05
3101 2.186208743056027e-10
3102 2.400131312615012e-20
3103 5.004887863719882e-19
3104 2.2761151184842876e-12
3105 5.8591837716212494e-30
3106 9.851265798482623e-15
3107 3.6755566834160464e-13
3108 0.0008690749746413001
3109 0.007020999695171461
3110 6.1741164041984535e-18
3111 3.135910875632586e-13
3112 0.40059180669505845
3113 0.47622878455957685
3114 0.5097063781568343
3115 2.7918145866377154e-23
3116 7.945793913235716e-24
3117 1.7854338835649338e-06
3118 7.009812954590962e-06
3119 7.904161045861211e-06
3120 0.2530953604446319
3121 4.250708600342384e-06
3122 0.5910542723213377
3123 1.4505305519329866e-12
3124 4.175445567774274e-08
3125 0.22260257577860967
3126 4.1312619845359376e-20
3127 0.4881530730598898
3128 0.006538149096489286
3129 0.14153985256302104
3130 5.608852176040286e-22
3131 4.5520031743674725e-08
3132 1.0547385764246086e-07
3133 0.0014151884632100289
3134 4.170307713987711e-09
3135 0.00037251481580172934
3136 2.2351618859663557e-13
3137 0.0028235740151319744
3138 1.8551645360337652e-11
3139 1.0270436754612656e-10
3140 2.5670352597090462e-21
3141 1.2709254770696366e-09
3142 0.01580289980081968
3143 1.0567004589086679e-10
3144 0.001678107177656007
3145 4.3979526533807905e-07
3146 1.6137350682751264e-15
3147 3.909140927176353e-09
3148 1.1209814181869332e-13
3149 6.259153499457115e-15
3150 6.283450575523953e-14
3151 5.858208126273474e-17
3152 7.444226482455083e-23
3153 0.0012338597565455204
3154 5.840098960080658e-30
3155 2.587815013274667e-42
3156 4.230059739877997e-07
3157 1.1666011675153171e-13
3158 0.002627556878742759
3159 0.0011988170376773266
3160 0.002227771892295739
3161 3.334747304923064e-13
3162 2.418351302243927e-06
3163 4.5370852876408226e-14
3164 1.3631408923844859e-24
3165 6.363062522737562e-12
3166 7.001696379929848e-15
3167 2.3054017802834194e-07
3168 2.375097636162956e-06
3169 4.169344172006089e-15
3170 4.2816954197577195e-16
3171 0.0006286104443301728
3172 2.0965532940654275e-20
3173 3.36275303993438e-13
3174 8.605633346800763e-15
3175 4.05679040419103e-10
3176 3.2873061226384475e-06
3177 3.851470375635561e-06
3178 1.1954438896667533e-13
3179 2.0756789672580155e-16
3180 0.04340892175351746
3181 7.10095421237411e-07
3182 1.180379613602235e-06
3183 2.788593504474315e-10
3184 0.003094096157712616
3185 5.701051315351555e-20
3186 9.243297879480706e-29
3187 1.310625471579552e-17
3188 5.589009073952327e-13
3189 4.9860311662017407e-14
3190 6.375547354107941e-23
3191 1.1172897320161331e-17
3192 1.3112792826199733e-17
3193 0.0208482104833223
3194 0.010975105180141527
3195 0.013661706510269867
3196 7.046148885319243e-17
3197 6.896311700090711e-07
3198 1.119812737458406e-14
3199 1.2607074679045153e-18
3200 2.5176911805387307e-15
3201 1.0714949698008386e-23
3202 0.01037839971473503
3203 6.4228041191077054e-15
3204 3.7991921477480263e-11
3205 1.9031441046267211e-10
3206 0.0008030065872764978
3207 0.0015584884188223431
3208 1.265482951899246e-18
3209 1.2115913393947242e-16
3210 2.0104747658796657e-19
3211 3.878335713327226e-06
3212 3.0240164903760024e-14
3213 0.03795630388518905
3214 1.760736832235219e-21
3215 9.455319036394009e-22
3216 2.410075138453612e-15
3217 0.043248038695776814
3218 1.3786485225565642e-06
3219 8.356286879799653e-07
3220 4.150178353285789e-10
3221 1.2826759503520623e-12
3222 3.0566564939890663e-20
3223 6.405278740879241e-11
3224 6.672832510753621e-19
3225 2.226715830101115e-11
3226 1.1381545207648233e-12
3227 1.012677865987128e-21
3228 1.8108411948272115e-14
3229 1.6919352505285645e-15
3230 1.9466372388590195e-13
3231 1.6549223947958065e-12
3232 1.2539177116840986e-17
3233 5.8043278678361934e-11
3234 9.434367914795123e-14
3235 3.2862439655753022e-18
3236 4.82134001833903e-19
3237 2.383127697645138e-14
3238 2.3334186616787604e-07
3239 8.162582178451634e-05
3240 1.9303111684772536e-08
3241 2.014424757035736e-19
3242 5.359654331879629e-05
3243 9.524445213045695e-17
3244 8.080986498021393e-11
3245 1.5543923357498308e-06
3246 2.321691906380529e-12
3247 6.141614138705964e-09
3248 3.335944278301689e-05
3249 2.5512124973692163e-11
3250 3.7320186059389694e-08
3251 4.05672180951633e-16
3252 2.7875291597708524e-07
3253 0.002147685701673526
3254 7.179112444606447e-07
3255 2.224727507952072e-07
3256 4.79614446362529e-20
3257 1.466354335212982e-15
3258 5.049288112517269e-14
3259 3.484930356366704e-17
3260 6.826274309591472e-21
3261 1.5119184237867645e-21
3262 6.682332470493116e-14
3263 8.864252440065342e-16
3264 0.0009900847239140607
3265 1.5488487695038102e-13
3266 2.3615304861098476e-16
3267 0.001633041143544133
3268 5.617283884423583e-06
3269 2.2726400937711133e-08
3270 4.080915739326479e-07
3271 1.7667987970024188e-20
3272 6.486604887261378e-21
3273 1.1278851995495529e-07
3274 1.4997107161605681e-12
3275 6.512642186326316e-17
3276 2.676655917615748e-11
3277 0.00013104517860161073
3278 4.497737101953904e-07
3279 1.2407600237510408e-06
3280 2.6670961181654585e-07
3281 1.1583253523561375e-11
3282 9.60952014512504e-16
3283 8.12400487231739e-14
3284 0.0056913206885958675
3285 0.010524098762838335
3286 2.2128431243985644e-16
3287 2.5220179655479666e-17
3288 0.0012345868725499045
3289 4.735284404914156e-10
3290 1.136876567107133e-13
3291 1.5577263437967973e-13
3292 1.2758567925891089e-08
3293 2.5103304729933608e-23
3294 2.958904331600936e-14
3295 1.7933088140979176e-15
3296 3.972354751984782e-24
3297 5.042870859013667e-13
3298 4.591968600589105e-20
3299 1.2043929383501004e-06
3300 6.175384515551065e-08
3301 8.468845128099276e-14
3302 8.456484261007034e-26
3303 2.3126891779433297e-13
3304 5.40237223273441e-26
3305 8.080922596652532e-15
3306 5.531318624237066e-05
3307 3.5057653051868473e-10
3308 2.4892702262059024e-30
3309 3.453671891544698e-20
3310 2.6100910057934146e-15
3311 1.888547538762795e-10
3312 8.177196367076046e-08
3313 2.73698576142495e-13
3314 7.577948893738102e-33
3315 1.7015849790570886e-07
3316 0.00014395956566568956
3317 4.965086472604301e-21
3318 2.228980961854401e-06
3319 2.7391635448266166e-35
3320 3.367519741614644e-08
3321 6.4840811596450075e-16
3322 9.512992550409134e-08
3323 0.00010028055000989411
3324 3.1041257568192787e-21
3325 5.8904646637088124e-05
3326 1.6498914038762347e-13
3327 0.0003253208773300887
3328 2.724121063091558e-08
3329 2.0748118948797176e-15
3330 1.784137150935197e-09
3331 1.2023117483519862e-06
3332 8.353464789709567e-07
3333 0.00048250710694392845
3334 7.260084465208728e-17
3335 0.004844844959889247
3336 1.01567486909541e-15
3337 3.254500657004563e-09
3338 2.7466512876039105e-28
3339 0.00014205118381216173
3340 0.0029122160367128836
3341 0.00010895176636692262
3342 2.309003787347247e-15
3343 6.649371560911692e-20
3344 1.0424931678480521e-13
3345 1.9183948573716937e-07
3346 1.661847025325656e-31
3347 1.3695241116423129e-14
3348 2.637131607180072e-27
3349 6.460214414071015e-13
3350 0.04299379761845542
3351 0.0008881810822022717
3352 9.778089026352516e-14
3353 9.040542824268847e-23
3354 0.025348678695136774
3355 3.7581235977292955e-16
3356 7.823619131375644e-07
3357 2.891156474537293e-14
3358 2.998851931450137e-17
3359 9.54540963724745e-15
3360 0.00028068549022308633
3361 1.8614407227481184e-17
3362 1.1233172738733947e-16
3363 8.707272137015303e-10
3364 0.0030398052677551163
3365 5.896607331851036e-18
3366 4.648506531072415e-27
3367 0.016536235401778735
3368 2.6754403441315735e-21
3369 2.837761026837481e-07
3370 2.839697407213603e-16
3371 4.234582183851754e-06
3372 0.00028196456100494996
3373 8.067586702291326e-05
3374 0.010744891562866359
3375 4.847067657083837e-20
3376 1.8883537066291642e-10
3377 0.006512571599666642
3378 1.8993094697612716e-06
3379 4.7135179132419693e-23
3380 2.137861313375106e-25
3381 0.00021121451109479928
3382 8.55376486444461e-08
3383 1.9623787896096986e-06
3384 3.1048226325131745e-32
3385 0.0024796715297803243
3386 2.86544081835459e-07
3387 1.1911881547590471e-16
3388 3.01390326636782e-11
3389 2.2579289192536074e-14
3390 0.05317082014374715
3391 9.928081943040836e-10
3392 3.251008048933039e-06
3393 6.915573287655125e-08
3394 2.40417659171857e-06
3395 1.8547111897307253e-20
3396 0.0011080174010222282
3397 2.198827179753618e-14
3398 3.0009110424106724e-15
3399 1.8847010098175633e-07
3400 2.514313782628828e-12
3401 0.0010832505297173414
3402 4.211481388904076e-12
3403 2.376973655474283e-06
3404 2.065904390966254e-08
3405 5.138621526891575e-11
3406 1.587738482307887e-15
3407 2.5282034470273824e-11
3408 9.184129868391974e-27
3409 0.0033737467404631825
3410 4.531635824058096e-09
3411 8.71246041032498e-06
3412 3.21266544452315e-08
3413 4.916713296994131e-07
3414 8.942566779906672e-16
3415 2.1447828443554263e-06
3416 1.5272571367565106e-13
3417 3.9806091072134374e-17
3418 1.4375975601288137e-08
3419 3.9168941981684145e-10
3420 8.825380622316838e-11
3421 2.37605067402818e-18
3422 1.452987082895899e-17
3423 1.687725392527698e-05
3424 3.7950322501106495e-14
3425 2.3380188374567293e-14
3426 1.604651368530065e-20
3427 1.1238762437179663e-16
3428 2.0368795271483222e-11
3429 3.1030962124933906e-21
3430 4.0918890833393006e-16
3431 6.238524038845776e-10
3432 4.934903184871516e-05
3433 4.2165951820248956e-07
3434 2.7250642252025075e-06
3435 5.735588219247092e-16
3436 2.0524354837251527e-12
3437 1.260944093285897e-16
3438 8.721275600348352e-13
3439 2.849231449698747e-07
3440 3.0985405774367633e-07
3441 0.03039956445565495
3442 2.0611190002829347e-05
3443 8.034065221588951e-08
3444 4.646387374700948e-13
3445 4.7128228908857126e-14
3446 3.089453260450325e-08
3447 3.2466538092228562e-24
3448 3.000120905162047e-12
3449 6.153690294326244e-14
3450 1.5608503930124636e-20
3451 0.024604297788442593
3452 1.9143180788704293e-12
3453 3.327468462474537e-13
3454 3.428163901692566e-17
3455 4.26068292873042e-27
3456 1.1609466409842693e-13
3457 1.0515579860252622e-05
3458 9.225827432628434e-13
3459 2.2532765992589695e-16
3460 1.0304712566872826e-13
3461 1.0107585861791238e-13
3462 7.526697416114857e-31
3463 4.703400168467136e-06
3464 7.282556010064576e-16
3465 1.1403556253232446e-23
3466 6.524901341252689e-20
3467 0.006666344631592548
3468 6.916035183086322e-07
3469 1.4116900295738802e-07
3470 6.540574663936948e-07
3471 6.272597748107957e-17
3472 7.307929430993117e-24
3473 2.992822255622271e-17
3474 1.1600429771188076e-14
3475 0.014196963446623105
3476 2.9752513123563867e-14
3477 4.640640663594514e-31
3478 1.7452676736053151e-07
3479 1.8256325718544834e-15
3480 1.351669364048736e-05
3481 2.1369449428177997e-18
3482 3.8549345722282613e-16
3483 4.994782025798055e-12
3484 5.492403160496634e-16
3485 3.8858694805646846e-07
3486 3.097607242533301e-05
3487 0.013387069986065802
3488 1.4617178227329632e-13
3489 1.799250424901062e-07
3490 5.638866886385089e-07
3491 3.7083148909905023e-07
3492 9.565907697326554e-09
3493 1.7144576278538546e-13
3494 3.325300767177696e-14
3495 1.3157735431961621e-09
3496 1.9386519734534284e-11
3497 3.7068001592321574e-17
3498 1.1357887285856312e-23
3499 6.226759567235586e-13
3500 6.015554352656759e-07
3501 2.774750131459799e-16
3502 2.871774866600485e-14
3503 7.803400963550192e-15
3504 6.860142472670343e-10
3505 0.017089269003162818
3506 5.2038778580558375e-06
3507 1.2852197179915e-10
3508 1.17585634829884e-19
3509 1.572665465909935e-10
3510 2.5405201370837833e-11
3511 1.4674498980942354e-16
3512 8.072735312252847e-09
3513 3.761514645523452e-07
3514 2.491549500730066e-16
3515 1.95810650740068e-05
3516 6.404773803098231e-22
3517 1.2979358231047241e-06
3518 2.845849578610995e-15
3519 2.7095544727221253e-13
3520 2.404531470712361e-21
3521 0.01666309335110175
3522 1.0625629395489864e-18
3523 3.9886900145851005e-20
3524 2.7692929896875413e-28
3525 0.022743671407349925
3526 9.116415399899877e-09
3527 3.167786535406448e-30
3528 7.041194548636956e-30
3529 9.570292784509193e-17
3530 1.3039974166796488e-23
3531 3.760711496819085e-14
3532 3.26195831810728e-13
3533 0.027526664209231326
