0 9.80848592585295e-06
1 3.819676043912063e-06
2 1.1136091629704391e-09
3 2.5295683564407225e-06
4 8.04183545346515e-08
5 4.869731522976441e-07
6 1.0085577958996068e-07
7 6.544969986344508e-11
8 8.390456540132835e-18
9 9.548712797404388e-26
10 5.381657605763925e-06
11 1.8020164863633954e-14
12 2.8781953684585473e-07
13 1.3480617645237505e-24
14 0.002204741252947721
15 7.105488567300056e-07
16 6.261163691093655e-09
17 3.4913411478186535e-05
18 2.682212889006499e-10
19 1.1698076858667708e-11
20 9.270949477955058e-08
21 2.5929444775369248e-08
22 0.004828192380702474
23 1.6198017890370515e-07
24 1.0103975247717864e-06
25 2.0673070508843562e-06
26 3.821325287339914e-20
27 2.6235261820435358e-24
28 9.523677624806547e-05
29 1.4497635942009793e-09
30 5.745876756819673e-23
31 2.5185707062522386e-05
32 1.6589771188768534e-37
33 3.495685204213343e-07
34 9.622899165224643e-10
35 1.6155525243129674e-10
36 1.6198279725801316e-05
37 1.2657727441660177e-17
38 2.7920802892458114e-06
39 0.001130810562708119
40 1.6022305142632291e-18
41 1.1167559915192852e-23
42 2.126909720443252e-14
43 8.328974075745407e-05
44 2.6040041330658717e-07
45 3.425573884948093e-08
46 1.4819696105828066e-07
47 0.011645278320320357
48 1.893733547197977e-05
49 1.1367774609654721e-11
50 1.8242275764704576e-10
51 9.319601034163885e-10
52 6.719947007396024e-13
53 1.0427587588884807e-06
54 0.00037345950231626966
55 1.5321794407553028e-06
56 0.00016326957827047392
57 3.969304800364661e-21
58 3.789044426512982e-07
59 5.126531371936409e-10
60 2.2765713523170967e-06
61 1.1216113966428583e-14
62 0.006840955422692491
63 2.440088694980361e-06
64 5.902477788943864e-06
65 3.5122670399342896e-11
66 7.335965844683631e-11
67 1.193776021873638e-17
68 3.9183815047894785e-07
69 8.447832072490557e-09
70 9.143041276965149e-15
71 3.620569831918314e-05
72 3.2433948303563487e-29
73 7.768589786529686e-36
74 3.028261623346901e-14
75 8.71295354500823e-16
76 3.4023952010772203e-06
77 4.799041847231785e-06
78 3.055292427472188e-05
79 0.0052974653043091485
80 6.304902529527277e-12
81 5.180748004279695e-16
82 4.9597080269664e-12
83 7.496187656586501e-36
84 5.78750440920618e-14
85 1.82571384378843e-08
86 7.0490945243476e-09
87 0.0005072949424425261
88 1.0505746134210201e-05
89 0.012222880632365811
90 1.4330681930561872e-12
91 1.0311133717785465e-12
92 7.289693875082967e-10
93 0.004833036525716819
94 3.5620496940046177e-26
95 7.462637871860932e-22
96 2.5929591246991944e-11
97 5.180561898623884e-06
98 0.0010591901748030364
99 0.004203895308602148
100 4.6275151872319266e-05
101 0.014228477280819113
102 1.8229795926322756e-06
103 0.0015269402928859638
104 5.565202381842347e-15
105 6.208383354253003e-23
106 2.0766016229613633e-12
107 0.004435028738690692
108 8.143193802573994e-18
109 1.8295109702667462e-08
110 2.3238205509256454e-07
111 7.88238637349311e-29
112 0.012998354176257708
113 2.3700028954265913e-16
114 0.00017897073868726758
115 4.354131902133581e-06
116 2.2955173982695197e-13
117 1.5025295516212336e-14
118 9.185466379420718e-14
119 7.775275997408477e-08
120 3.0690288146887934e-05
121 7.749960121083053e-15
122 4.158753959685926e-12
123 2.9661095644205026e-10
124 1.4918912837303204e-11
125 5.631619633690423e-09
126 0.0001773202007097631
127 4.0302360307243935e-05
128 0.004643111377957379
129 0.0001484992807459472
130 2.052925112629496e-06
131 3.6098705575210294e-37
132 0.00021930800861743845
133 1.2184224184468176e-06
134 9.730001554530509e-17
135 1.722834857312328e-30
136 5.263742335473946e-12
137 1.847055869086053e-17
138 9.503304781986804e-20
139 0.0010361575811605626
140 0.0012857349096306043
141 2.5306608697442016e-07
142 5.754132018039546e-05
143 6.188134516684199e-13
144 1.554947915525086e-05
145 2.707718882103245e-07
146 0.003642138765391708
147 3.81742479700173e-05
148 6.681303814674866e-15
149 6.615020998067064e-08
150 2.995107628839438e-06
151 2.9040214734744036e-06
152 0.004734865850567736
153 3.0100422025673554e-19
154 5.30509396904682e-07
155 0.001117021896722433
156 6.743179127068695e-05
157 2.76995392972415e-08
158 0.00012565997040236266
159 0.022462213200701013
160 0.005782809989346866
161 3.770574857665753e-13
162 4.486887249206746e-29
163 0.004409412962883994
164 2.3326629215894072e-06
165 0.00015756425118710048
166 3.3496492566390323e-09
167 2.0394690482878067e-07
168 4.275450588162645e-18
169 4.066199133000924e-09
170 6.626207906761828e-05
171 4.237841346229959e-21
172 2.410520483416009e-07
173 1.8375578701566037e-05
174 0.005956524817935948
175 0.0001310396828299911
176 1.4172676588397217e-11
177 0.02782203968272777
178 6.1162689403173395e-15
179 4.1736319782891195e-12
180 0.032952564676866324
181 7.143957827822642e-26
182 3.214565341987862e-05
183 4.962508323935862e-07
184 2.6765460428799387e-07
185 0.002045624586638031
186 9.42647828492551e-09
187 1.0780175224202783e-07
188 8.049248750079928e-05
189 0.00254181272245273
190 5.483906063723795e-06
191 0.00731040906097529
192 0.0008227580563863239
193 3.9782469126583695e-27
194 9.14995440513816e-16
195 1.378338038123473e-05
196 4.829415518674707e-06
197 2.9009910145929506e-09
198 4.5468217350883594e-05
199 4.821460080576919e-15
200 2.7433316811057126e-07
201 9.01696324933461e-08
202 1.897903472212794e-06
203 9.45449921657329e-16
204 2.5957461910179688e-18
205 6.078045612381768e-07
206 1.7712171644836938e-06
207 2.384906306830465e-08
208 6.0687081753919644e-05
209 0.0012259628944645412
210 1.3541731087706466e-15
211 0.005551667153983116
212 5.747368366715391e-08
213 2.5821948170195567e-14
214 0.009473525272112246
215 2.382676954502901e-07
216 3.744428496609052e-21
217 5.891673003069804e-07
218 2.1277600238599753e-07
219 0.0026905597705195543
220 2.075935563824032e-11
221 1.6079220912636362e-13
222 0.0007863213866013793
223 1.90482639250197e-15
224 9.492744512235034e-19
225 0.0044507757066407
226 0.011429133210035058
227 1.0111020610560039e-23
228 1.3666416860702498e-07
229 3.944661173051048e-14
230 7.233409191251811e-16
231 6.284541287768665e-16
232 0.018056931465200855
233 2.539350385071399e-07
234 3.314905994702205e-13
235 1.3055201739896196e-27
236 0.013415684775434257
237 6.612637090925049e-22
238 6.509044403563527e-07
239 1.6935911125803232e-20
240 0.0009823621454531097
241 4.3764935626952545e-05
242 2.560237040825881e-19
243 4.143546060846766e-07
244 2.3057295220727682e-05
245 2.640768988608402e-17
246 2.3957664719597717e-22
247 0.0010847963124802824
248 6.1109786719118905e-37
249 0.15646698679439233
250 4.2620056862307094e-08
251 2.8916273226401273e-35
252 0.007920463215370837
253 0.0004441066959408995
254 1.1671548864430139e-20
255 9.372701339858382e-05
256 1.1257570619299788e-12
257 4.0028790696238e-31
258 1.6901205848469548e-13
259 1.961348927132723e-22
260 1.2418946240057756e-08
261 3.146000500837778e-12
262 0.002261797313484247
263 0.048848001087335904
264 0.00032697305306939213
265 0.04464030975699998
266 2.917346803009878e-12
267 0.0010248247518250396
268 0.0026261558770711768
269 0.014011429342490462
270 8.73372727747983e-05
271 0.026177974762297627
272 0.02420412012851979
273 1.8507096313340705e-13
274 0.5688826199930498
275 3.9345865000801786e-13
276 0.11518337012052146
277 0.09847586198099954
278 3.274324711195877e-15
279 6.485101880080203e-23
280 2.8685495158295348e-09
281 0.00011453969671002917
282 0.00015792868070308631
283 3.87014832216083e-30
284 0.00021118702024177947
285 0.06557739246622692
286 0.08217836484374787
287 6.390414584549461e-11
288 1.4304007729071097e-25
289 0.00030388394938100173
290 0.023128882901872334
291 0.00028412455228490473
292 0.12282755941852651
293 1.9417443918317506e-08
294 2.0106019954368376e-24
295 1.3121266751625797e-05
296 0.04550954329685482
297 0.0006368066709256724
298 0.0027100396240929297
299 0.08013500483483657
300 0.0005015091348486554
301 0.007332387444775746
302 5.395226775199795e-05
303 4.442561349068816e-19
304 5.717501987863327e-08
305 0.003311358715076027
306 5.000509408625845e-07
307 3.763011398888975e-06
308 0.0007934878734329217
309 0.5013900848050907
310 0.3276794166067173
311 0.1184028110913415
312 0.39836578599556205
313 5.32451415713187e-07
314 1.660248490517977e-07
315 1.1381172873025342e-07
316 0.4235460636857969
317 0.007511789376252767
318 0.09269685416025705
319 1.4604401882586133e-15
320 1.1269735999542623e-08
321 0.33115550626265633
322 0.0011957268169837743
323 0.24477069273284735
324 0.00013142755473523275
325 0.28396583173961576
326 0.046614202400539796
327 0.29716752611189534
328 2.365899552348026e-07
329 0.25984397553004895
330 0.21723579593930167
331 0.00011927233591878169
332 0.15500982114948583
333 0.01938126031287119
334 0.35554629558023354
335 0.07650149912243202
336 0.1270013065059658
337 0.40031881853155393
338 0.37407229925842933
339 0.11696930837818016
340 0.43514885574962375
341 0.022664410975268813
342 4.699127573948489e-09
343 0.13517642561113036
344 2.329873541519986e-13
345 0.16763386802314964
346 0.18505531496208436
347 0.021887002223222422
348 0.4349942893058223
349 0.36637284955473065
350 0.024618034409529817
351 3.4600576943779683e-13
352 0.0013147625664961836
353 0.0003188477692441724
354 0.2766581711103725
355 0.32993421653182586
356 0.026427529677092935
357 0.4070214765716534
358 0.02848077790208641
359 1.0587027273630356e-27
360 1.4913320252260648e-15
361 0.13564403684656792
362 5.4460203677111754e-05
363 0.035980945618781554
364 4.257941863927605e-09
365 5.1414398812393695e-08
366 5.44288318986309e-16
367 0.006095378495031422
368 0.0002132858519123496
369 0.3501119944691607
370 0.013072582088027723
371 0.002442446599054736
372 0.013174450350252163
373 1.415926012220611e-06
374 0.0005947579118995287
375 0.21608175664606413
376 9.655424390281144e-05
377 4.4212304628340923e-13
378 0.0009321050856060846
379 0.2833320834684424
380 0.20886573656513283
381 0.0027269240412090326
382 6.077212011354796e-09
383 0.011836928168441738
384 0.04106272545014476
385 3.367101569169009e-16
386 0.1301261038446372
387 1.0561004604535167e-05
388 0.0001807275383396477
389 5.823631574134263e-08
390 0.05325200490357232
391 0.3413106783715767
392 0.012850102341685264
393 0.2568440033990662
394 0.0598181827603498
395 0.07578282926379233
396 0.0869751481903786
397 2.6527921584655257e-10
398 0.36290047029018113
399 0.0006797788923343636
400 0.00018266235205712658
401 0.3022316254528487
402 2.716617696604644e-15
403 0.0017299309358796994
404 0.03936195913744897
405 0.0005050878278632841
406 0.05480372255412169
407 0.49090248772813777
408 0.00012351811241111238
409 0.006059676478627754
410 0.0002554245472021614
411 1.7661898441271442e-12
412 5.49595020964666e-24
413 0.03160077565614411
414 2.347613882805903e-20
415 1.5316628882136206e-22
416 0.038155957389845487
417 0.027711147217328105
418 1.1964495755027658e-05
419 0.04164995962258982
420 0.01779815772702042
421 0.040796194270076046
422 0.07542873771631814
423 2.6881042393277545e-15
424 0.01474729112475672
425 1.6255569929929443e-26
426 0.019971823981853862
427 0.023647632115309992
428 0.03772144759885991
429 2.251541664680175e-15
430 0.05448480353444969
431 2.0149156963195094e-16
432 0.002448752737805557
433 4.092561264712302e-05
434 2.993990912384724e-10
435 4.430695734320434e-06
436 0.0934031298663027
437 0.0058793583002927155
438 0.010132357407464135
439 0.01147063625004307
440 0.046872094337688214
441 0.00013075495039164956
442 0.009801983968098041
443 4.531515071613973e-09
444 1.6279792071071943e-16
445 0.00949702596668023
446 2.0437047452055884e-07
447 0.04204608119433012
448 1.428739706927166e-14
449 0.00778991455802925
450 0.0022229065288122667
451 6.780884612805385e-16
452 2.1450460660578946e-12
453 1.0144550392211794e-05
454 1.485561651955075e-30
455 2.055384467970531e-05
456 0.00015279653882787768
457 5.862751395133379e-10
458 0.05592783714596762
459 3.079391658436095e-06
460 1.1907772132647866e-10
461 0.00149398307435104
462 2.1072243156469805e-14
463 2.769346886433715e-07
464 0.03465690985119282
465 0.0010377607555910788
466 0.04183652668009459
467 1.0489119864961954e-06
468 0.012359122290086125
469 2.0257951154597222e-22
470 0.011603825438680512
471 0.0021706522497057686
472 0.049717042931467066
473 1.2942048128431213e-06
474 3.7344999877124056e-29
475 7.740534136999898e-09
476 0.0008475073606885078
477 0.0006410283682187427
478 1.0993865174684344e-05
479 0.04068055393916619
480 0.27172595725681037
481 0.20445967214152935
482 0.0031922294362230577
483 9.890705963229713e-06
484 0.021080515131312254
485 0.486759212708617
486 0.06596944306134817
487 0.4538146788481533
488 6.585928412905244e-12
489 0.00013056353286795228
490 9.9360125223533e-06
491 7.840252895638275e-06
492 0.005098523862063532
493 6.0352140184133406e-05
494 0.3474243409930832
495 4.171308836107714e-11
496 0.0013086420687627026
497 4.095796141620264e-05
498 7.905771012835851e-08
499 0.032273014179722115
500 3.751678592505115e-05
501 0.010871361114689655
502 1.1639109551134193e-05
503 0.17268299667324374
504 0.14472644722973665
505 0.10539993780563109
506 0.01987540761428909
507 1.3601136202966444e-08
508 3.060486974134127e-06
509 3.189350831203669e-07
510 8.23290115218835e-28
511 0.009767889267632076
512 0.0006390560920323479
513 0.007401834216695149
514 3.6471147215160005e-11
515 0.009528216957154449
516 0.0003927034952559664
517 8.443418710762175e-13
518 0.0006263573323512509
519 3.2719812653389147e-06
520 1.1446833959214438e-06
521 8.243565106973526e-08
522 3.9268855008533296e-12
523 0.01602051952045604
524 1.897041494658548e-05
525 4.856001323776165e-17
526 3.496952793270181e-05
527 0.00046631230169254256
528 8.196713501804741e-15
529 0.0013910293128160543
530 1.3074790995793854e-06
531 1.928881023997035e-05
532 1.023088244491965e-08
533 0.030368804952137472
534 1.369591996718692e-08
535 0.030760107322493138
536 0.01327928573667554
537 2.923671107005173e-10
538 3.2050677794100465e-07
539 3.760139971118983e-07
540 2.4058339150127147e-20
541 1.4452774736809713e-31
542 0.0012263973605988357
543 0.0033382128145884337
544 0.8203453814348509
545 0.0022879264565865707
546 5.276188414999214e-05
547 1.9686451119817006e-07
548 0.008739835183948684
549 0.006442375314155198
550 0.19076108222440835
551 6.651121254166715e-11
552 1.9690115035244182e-22
553 0.002157862801438175
554 0.026301745764847957
555 1.0512714447057544e-06
556 0.17374880252651204
557 0.004032606506081292
558 0.2701347611706081
559 0.0007779819784298023
560 0.00585324556422754
561 0.005794565294037262
562 0.001589188803721877
563 4.635639495245592e-11
564 4.4445265365542695e-10
565 3.8675653198656315e-05
566 4.0343378407998974e-10
567 2.7748769359053336e-10
568 7.761524048515296e-22
569 2.3496834761641087e-05
570 0.28908886232287934
571 7.68285467449215e-15
572 0.0009930168666032735
573 1.807016849431686e-05
574 5.0352529752778165e-28
575 0.0013941979639057094
576 5.223513537820885e-12
577 7.5934038067283675e-06
578 2.0617475285644404e-05
579 6.658873864566047e-05
580 1.252052715717386e-05
581 1.3051914446692686e-10
582 2.475960061588137e-07
583 0.002472429659878064
584 0.0014744945901499073
585 1.990735610371974e-14
586 0.3097204064797818
587 1.0086789267111603e-31
588 1.3926383442484902e-05
589 7.70903514581556e-12
590 0.19898439306736235
591 1.4392965884525097e-05
592 0.0001355017132789354
593 8.40402609336952e-08
594 1.2070369287349607e-06
595 1.8167473823811933e-05
596 6.699358322431843e-35
597 4.3438024765525523e-13
598 1.5244698701300277e-12
599 1.387040928561265e-30
600 5.743511194798548e-06
601 0.0009374851652585001
602 5.854898185411556e-10
603 4.471645087928177e-10
604 0.0002511069780677254
605 0.002170145643794698
606 0.004072853975741281
607 3.161777587994178e-08
608 0.0014425797308819392
609 7.4178371655753696e-06
610 5.7332570055538187e-08
611 0.0007398354348014405
612 0.0018006369779924672
613 3.5017522456373263e-09
614 6.244860635134387e-14
615 5.892520507980651e-06
616 3.357677062434295e-05
617 0.005387487305811561
618 0.00044603696321267837
619 0.005834756017350137
620 1.1678777438324911e-05
621 5.374708193181264e-20
622 0.00012357412796127576
623 0.236051403519471
624 1.94974727997429e-14
625 0.31859730110740464
626 0.3322758373595974
627 0.0008278085472307935
628 0.0018801593644975846
629 1.1158436895552081e-13
630 0.013005935310584785
631 2.3746679411323793e-14
632 3.7234976524771417e-06
633 0.3819693385721035
634 8.641774242164273e-19
635 1.477989567194818e-25
636 0.0009669070446309187
637 6.308433639827587e-26
638 2.0574631727953338e-05
639 3.067406326939873e-14
640 0.0035918856310187945
641 0.4284061553726318
642 0.002773601519954207
643 7.918201307739053e-05
644 2.7744404663156405e-05
645 1.0969782134351269e-12
646 0.000442118979185096
647 0.0002960974124861048
648 0.7478192415177276
649 1.2412510997436267e-12
650 2.1924327288722754e-08
651 0.7830874509558106
652 0.21401324970041172
653 1.5478997701666044e-14
654 6.591180710982407e-22
655 2.550442263363831e-29
656 0.0015801707867322198
657 6.627967074792172e-11
658 1.0164538412984943e-15
659 8.757774897489943e-16
660 1.5732660423488065e-08
661 3.564414628961599e-29
662 5.760583801130848e-08
663 0.8574760632964405
664 1.0331980512760478e-09
665 7.692755444223058e-08
666 0.001654491320794855
667 4.99718793551789e-07
668 1.841969585881726e-06
669 0.013724089424821624
670 0.02425060718711502
671 0.0033586058561845176
672 3.8813766650726324e-11
673 9.443557811763711e-24
674 7.310062511177299e-05
675 0.0037523342741573734
676 0.024379557399340935
677 0.002825546242417616
678 0.0031497083314252984
679 0.044435469991670425
680 0.0010138688750124956
681 0.00035818295129866606
682 1.962725023984324e-24
683 0.005321212341812495
684 1.531022200990755e-09
685 3.685106106140594e-14
686 5.295601301271523e-06
687 4.962302602006505e-06
688 2.2892544595510176e-14
689 0.02993146398076728
690 1.729698419560019e-05
691 0.0018907193364269713
692 1.245054434422337e-14
693 4.755959349990701e-08
694 1.9836354577335885e-20
695 6.2986339676805234e-06
696 2.5695474296356185e-05
697 2.5692970677766496e-18
698 0.47368854691518475
699 0.0007941778113759593
700 5.872913710988492e-05
701 0.0002791873038595879
702 6.347755649296567e-06
703 1.4913317909031654e-05
704 9.41834879339475e-10
705 0.000835092968331927
706 2.95369128254721e-09
707 0.00018026665621018086
708 4.940071138618283e-18
709 7.901552805279797e-21
710 3.660030746350735e-10
711 4.126870755124409e-05
712 0.2343208069331917
713 0.002454590400474888
714 9.72833582803285e-14
715 3.404129693653697e-18
716 0.09241414814973009
717 5.424318144467353e-08
718 1.5995040887164863e-10
719 0.002412933442570881
720 8.577249573793541e-06
721 0.00037053549272613866
722 2.8065252687184295e-06
723 0.32834003070330914
724 4.8741628201075775e-06
725 3.449789400862921e-19
726 4.101577168184558e-06
727 6.175030650786424e-10
728 1.7439171663273472e-17
729 0.1452003084873724
730 0.01917800540909325
731 2.1880086182623802e-11
732 0.002693792196018593
733 2.3908426381768986e-19
734 5.4896509311275656e-27
735 7.678828649661491e-12
736 0.2414713098381741
737 0.020061804650399365
738 7.302804036564739e-18
739 9.985275295606151e-19
740 0.0003771029802829053
741 8.375930803637912e-19
742 9.010979523053026e-16
743 3.31379046095416e-06
744 0.002366547394619412
745 2.7168557772017022e-18
746 0.10431434479489986
747 5.869523556580953e-09
748 1.6706694571804955e-12
749 0.7005743600303469
750 0.07645073084823172
751 3.421221727933555e-06
752 0.0017078898307075934
753 0.00158189806611218
754 5.734846541095834e-16
755 0.000528181608177418
756 0.00022384434259679531
757 2.7064330855409626e-09
758 1.053008077384692e-18
759 8.033238292240192e-05
760 0.621101602267453
761 0.1345504686813807
762 9.970245541017833e-18
763 4.41196211246936e-05
764 0.010083938134934446
765 1.27022648385864e-07
766 0.0009469137142390507
767 5.907818932303092e-27
768 4.98903612305471e-18
769 0.0012196702346165093
770 3.572622239377619e-10
771 0.00023072114888465843
772 1.7464118007327552e-07
773 0.008692056587464941
774 5.541823712219641e-15
775 0.00023750729059113232
776 0.0012474879912543191
777 5.291974373409929e-06
778 0.365654276885629
779 3.736493760958814e-05
780 4.131802064118127e-05
781 8.339434310196903e-08
782 1.0249947781282577e-18
783 6.3712043788924066e-09
784 1.2160727653281074e-12
785 0.00015605635735130736
786 2.1378885242332676e-26
787 1.7883880891800117e-16
788 0.0001490117346465698
789 0.0424909989766032
790 0.019261757160031867
791 0.006710079541397885
792 1.8796443915449827e-13
793 4.381629462267642e-05
794 2.462735695010565e-16
795 2.0028627847713363e-05
796 0.014146132672153817
797 9.187093326767351e-15
798 7.217400013409988e-13
799 0.20315965168859815
800 9.66569620756867e-06
801 0.00029757994230861034
802 8.66170698265229e-18
803 0.000336448005330722
804 2.1906426040097558e-14
805 9.112637236003106e-18
806 1.4838535280447835e-14
807 1.3390869903990975e-14
808 0.17795775009183235
809 0.00031705955146257847
810 0.00010282966201019262
811 1.5274531816061693e-07
812 5.251799958594544e-13
813 2.879753913594641e-10
814 1.4055899093017571e-09
815 5.2263853007243966e-17
816 0.6353656789126126
817 2.302243783021447e-23
818 7.834800502059176e-06
819 8.77031169259888e-08
820 0.027511316138430893
821 2.1978382288224784e-08
822 0.0002719633031462462
823 1.1817356798172877e-24
824 0.0417963445016202
825 0.6346441945944962
826 1.3621866593093912e-11
827 4.81471091852454e-18
828 1.257375901816691e-09
829 1.6578654304445789e-10
830 0.013325429953669933
831 0.02361399854591865
832 0.016349595536450816
833 0.5813302291080162
834 0.020159336648574513
835 0.5278872811504048
836 1.0941113069644339e-11
837 0.5749360929819575
838 3.3980900006410726e-07
839 0.04576030712361497
840 0.22278899016192188
841 0.0013177629626512028
842 0.001935674120806483
843 0.025979177971056748
844 0.002087070282656633
845 0.0547456745890378
846 0.0005289989046356097
847 0.38385127135534425
848 1.2400487207036048e-21
849 8.89759899161744e-14
850 0.008915521919926
851 0.002101010078235009
852 4.418541714656479e-06
853 0.02866812093643152
854 2.0519784949817628e-17
855 5.28328140278899e-15
856 0.3242014083160739
857 2.0440706155242988e-25
858 7.113684924938701e-28
859 0.032349744728565596
860 2.2829133853835763e-10
861 6.360118031568518e-10
862 1.031599403497221e-07
863 1.540376991387018e-05
864 0.5558899493823644
865 0.7349901160205168
866 4.0507855267599837e-11
867 1.576978896469663e-05
868 0.008195434587503438
869 1.3736633024235516e-08
870 9.27928790143725e-09
871 0.012818914995120986
872 1.550884116687351e-08
873 4.571681779651435e-08
874 8.765201818755789e-06
875 2.6561769726784336e-13
876 0.02983660227549114
877 1.4624420001071339e-06
878 0.0005584056215477999
879 2.4266327241319465e-06
880 0.21271155543313547
881 0.050058946837160036
882 1.3440745871329244e-07
883 3.0838233070752004e-06
884 2.2178346181935103e-08
885 5.802771519831658e-08
886 0.7072032996653208
887 6.113720861628326e-05
888 9.114461325665943e-17
889 1.401149984090028e-08
890 0.0217241518987781
891 8.448693470636866e-11
892 0.015587853220579633
893 9.027579048203116e-06
894 1.707421786077599e-08
895 2.9991164164608317e-09
896 1.4249932460052689e-08
897 0.8019095268607809
898 8.44102259617875e-11
899 0.01009175602793724
900 4.5787777214360683e-10
901 1.060661977401948e-11
902 0.5807554571553947
903 0.0021899724666945104
904 1.0912873196912005e-10
905 0.0008553706410814553
906 0.00027456052287850154
907 1.296109881455063e-33
908 0.0020592310856896784
909 8.242871059279187e-06
910 0.0058200821163367465
911 2.6326485715981878e-05
912 1.706672879242517e-14
913 9.40658520222016e-22
914 2.3197955150169123e-09
915 0.009282519717877769
916 5.681169296338821e-10
917 1.6728828699963303e-08
918 4.501305349817868e-09
919 2.0661828576097767e-17
920 0.30770648719981764
921 6.620355766284267e-07
922 3.0734454394397853e-06
923 1.2182036949968615e-06
924 1.7020458137567078e-05
925 3.430856903471812e-20
926 6.598369538957427e-19
927 1.2821356364714904e-08
928 1.114037322181286e-05
929 4.085290937200447e-06
930 0.011421418119189477
931 0.00032607386999772037
932 2.2868404134274045e-07
933 6.808834451065817e-07
934 0.26637218407065905
935 2.2347336677702196e-06
936 1.3580734500854845e-06
937 2.5119130270184168e-05
938 2.7501474476152003e-17
939 2.0103809470474657e-13
940 0.40098662450794864
941 0.026728022417370947
942 0.1733235145372945
943 2.0017807417088285e-06
944 0.0010838829195383994
945 2.713398707677704e-06
946 0.4230783612236021
947 1.0629992740080097e-06
948 1.4765633553375025e-06
949 2.1093571413697938e-06
950 2.687781904835808e-06
951 0.2314824440441536
952 2.1783507482443508e-07
953 0.22253756986736206
954 3.191308145425004e-06
955 0.027280055162208477
956 4.0132448422698495e-09
957 0.001476388579089547
958 0.005094177913000045
959 0.012269047632017877
960 5.2133543188735176e-06
961 4.779400207325738e-05
962 0.4880425036188572
963 0.006614564547433224
964 6.016101360464795e-26
965 0.011768198148666347
966 0.2597021826241072
967 1.1944041691394869e-11
968 2.0588243069922392e-17
969 0.004179008265398373
970 0.00129797884894548
971 6.915126933898948e-10
972 7.52590985619856e-06
973 0.00011279171566043103
974 0.00044106919008002235
975 0.027014360213241998
976 5.066844048175065e-05
977 4.42324011670163e-05
978 1.962190010626329e-06
979 0.007289462545964759
980 2.2510973958458253e-15
981 0.00012963103642873007
982 0.00017701679603894825
983 3.4668141654329083e-19
984 3.399340847534618e-06
985 0.07585994437094375
986 0.006334177151862396
987 0.000593137423753358
988 7.024209231047626e-17
989 0.023071987212446826
990 1.6389974836965405e-12
991 0.00045549528646082965
992 0.0012545154642144777
993 3.944581457598005e-05
994 7.391661954025947e-12
995 0.08186377594731611
996 0.00011318550498359754
997 5.718856251707475e-08
998 0.44604444054658604
999 0.13611020882476418
1000 0.28054887458207445
1001 0.0004256833761891751
1002 4.388297971415774e-07
1003 0.0009387352362312055
1004 0.016135082873199168
1005 9.385734853759115e-08
1006 2.249339308669115e-06
1007 4.152213252133944e-11
1008 5.033321312293317e-06
1009 0.005701811991815187
1010 0.0005159744083256813
1011 1.3688993507510895e-13
1012 3.460879500011043e-12
1013 2.901898124642694e-05
1014 7.63041953637846e-08
1015 6.886325802025721e-05
1016 4.3830219343443045e-18
1017 5.757895419978709e-06
1018 5.475200789066296e-07
1019 0.00234887926177572
1020 0.049025172347659754
1021 0.00019914096909664963
1022 1.7697399123255865e-05
1023 0.0623540593697232
1024 0.001690905826758337
1025 3.77672619215416e-08
1026 0.003679494287016823
1027 0.004195665060075468
1028 0.02094064897186538
1029 0.011957472155267289
1030 0.00031264487593053985
1031 0.32098761722439373
1032 0.024257291843159116
1033 0.004944681422227088
1034 0.00028657810481913
1035 0.005015228995926644
1036 0.011076450033493654
1037 0.0014175728705922248
1038 0.0005301282537407556
1039 0.5107625197174631
1040 2.5972042861215192e-05
1041 0.00022972060810258366
1042 7.438109410981075e-08
1043 0.00013551116257814612
1044 2.1186691117980002e-19
1045 3.41746994678741e-14
1046 2.9710961557934737e-07
1047 0.251745262274733
1048 0.0026520090552850637
1049 0.006202028365049031
1050 9.082612879656639e-05
1051 1.0596972858959714e-08
1052 0.03247560763811166
1053 0.014415230386548416
1054 0.02159286857688832
1055 0.0016160456931471753
1056 3.8375672210044045e-06
1057 6.072916629575893e-07
1058 0.04707039386811259
1059 0.40106540231642923
1060 0.020405395414917617
1061 1.2065154689634376e-05
1062 1.6851701235402585e-07
1063 2.7956880481279566e-06
1064 2.7937889377244367e-17
1065 0.030691803583438572
1066 1.1486065733814133e-19
1067 0.08302802749485148
1068 9.48773932325865e-07
1069 0.007978145658388384
1070 2.0057269833098034e-13
1071 8.84718317253474e-07
1072 1.284231175509348e-05
1073 0.00210502542078684
1074 2.637355695090775e-05
1075 8.467288309766174e-14
1076 0.007378437887481429
1077 0.0002609709341581691
1078 1.9635465739817233e-15
1079 0.04310973215592876
1080 0.011008350768476822
1081 0.036144111361059286
1082 1.7719487576375583e-05
1083 0.005974496872088371
1084 0.05647425189229364
1085 0.13756028125034628
1086 0.0858077784131956
1087 7.739331391319037e-16
1088 0.02048822012560175
1089 2.310418564644098e-06
1090 0.071575885084333
1091 0.06514359245364584
1092 0.21186544784527475
1093 3.422584562749863e-07
1094 0.0014177174525178834
1095 0.01813190190798682
1096 0.008144074514387313
1097 2.200664496687806e-05
1098 0.027854259531446993
1099 9.23129966832788e-05
1100 7.528272259110688e-11
1101 0.012798611389467402
1102 0.6715359731297608
1103 0.0035386023079497886
1104 0.0007875496812279371
1105 3.090475590020136e-16
1106 9.401459045648912e-07
1107 0.6655911863633107
1108 0.0021195642933502725
1109 2.206715358227468e-09
1110 0.2782063864690189
1111 4.992788767620132e-10
1112 7.73963079501475e-09
1113 0.12377134591265294
1114 0.04515825200074388
1115 1.023004267902112e-05
1116 0.014520385856023924
1117 6.5489611575831796e-09
1118 5.718858727100468e-17
1119 0.01340962145097647
1120 0.00016023347694440253
1121 0.00010042683734637879
1122 3.511632854693286e-06
1123 0.0018236719057665779
1124 8.692217496710254e-05
1125 0.5960238545748061
1126 0.00014261012449507776
1127 0.1372635281452501
1128 2.473935625599319e-16
1129 1.0466351008137437e-10
1130 0.6452507660739948
1131 3.658007286764701e-14
1132 0.18071692111237955
1133 0.08535090251768103
1134 5.0580429100958236e-17
1135 0.00021460512614304857
1136 0.0016236869055516756
1137 1.3180443206374451e-08
1138 0.03998191234337317
1139 9.92091496504368e-10
1140 6.06009830737787e-07
1141 2.6893451431005557e-12
1142 2.464404031584808e-14
1143 0.02281618563275061
1144 4.268466372809079e-05
1145 4.230141984572452e-07
1146 0.02170147346372524
1147 0.0889510587936883
1148 2.1657986496661556e-06
1149 0.08519251470950072
1150 0.17840757782189498
1151 0.00011864971910265684
1152 3.5204636051908986e-07
1153 0.006660632328739479
1154 1.7445488577464413e-06
1155 0.04623316720834534
1156 0.00792359952359763
1157 0.3658020353545871
1158 0.0036903677747030343
1159 6.4813980475106394e-06
1160 1.0108280550747811e-15
1161 0.05354349910968772
1162 2.3559164489798045e-10
1163 0.08721713146900457
1164 0.05173807218793556
1165 0.0670571658791301
1166 0.45032606390735563
1167 0.00043058140269359714
1168 4.2098678992812824e-05
1169 3.0531008381192994e-06
1170 0.5691007649885758
1171 0.05016267114016104
1172 0.48885565650578156
1173 0.01803465191273467
1174 5.142311578056964e-10
1175 0.20968925112452944
1176 0.07669531654232488
1177 7.024514349797297e-06
1178 0.00011417231759015336
1179 0.008306989083055633
1180 0.0006986377079665528
1181 0.021235119944489598
1182 0.05262877653910037
1183 0.4040854966661616
1184 7.594605093914038e-06
1185 0.6434557633909134
1186 0.01646903276041987
1187 0.008597135851913757
1188 0.0031496781229090704
1189 0.051600233568128526
1190 0.01055533601651963
1191 0.004043052139088459
1192 0.05839144852954887
1193 0.7222155006541717
1194 0.0001682712955286127
1195 1.7909997964238383e-12
1196 0.7708845751355284
1197 4.2413013567625205e-14
1198 1.3731684595516097e-06
1199 9.892455320330979e-10
1200 0.0003307057724999274
1201 0.03985572849275417
1202 0.0011435231121073226
1203 5.534524912563062e-15
1204 1.2764752419684227e-09
1205 0.023880551093109464
1206 2.4369560607929778e-05
1207 0.00020756857575604689
1208 9.451755127918428e-08
1209 6.733706229481716e-11
1210 0.07432092773401687
1211 0.017020261035282827
1212 0.14234371782162283
1213 0.004181110962771504
1214 1.1476128604129473e-18
1215 0.0003463752922852312
1216 1.8684261240695725e-05
1217 7.003232787115701e-13
1218 3.6392241428964987e-07
1219 1.722712869745795e-07
1220 0.30657011531714545
1221 0.06923948089663876
1222 0.005842237986332175
1223 0.09467575908572437
1224 2.360996286466162e-07
1225 0.05513817190548506
1226 0.035989922295090536
1227 0.005646292569420544
1228 0.004010050219471194
1229 9.46394630463593e-15
1230 0.0024695092596289012
1231 0.004946703519642584
1232 0.14087974778944856
1233 0.014975784535684128
1234 1.5114217707155325e-08
1235 0.3673785091331258
1236 6.786148980726096e-13
1237 0.004616344745311002
1238 0.007111600590479792
1239 0.3335870089344507
1240 1.3642423227553871e-17
1241 1.0334251976245005e-07
1242 0.00027177574048373404
1243 2.657733045672288e-07
1244 0.0006239260067278851
1245 0.00982825361678197
1246 0.000829405925718166
1247 5.709513330194348e-11
1248 1.785084180589188e-05
1249 0.13327190721101306
1250 0.7846058468651769
1251 0.029451631059642023
1252 0.5785228790394661
1253 0.048433688530083105
1254 0.7733336181517068
1255 0.001231276544712479
1256 8.179399133603984e-05
1257 1.5305360179331464e-09
1258 1.814781122651736e-14
1259 0.029317413964961556
1260 1.1276718147918698e-09
1261 0.0020657218464949834
1262 0.5517484970701583
1263 4.7938739074290384e-08
1264 0.18230527206364588
1265 0.0015961661179781594
1266 0.0025956751114680444
1267 0.009403247816338027
1268 0.046949636943155404
1269 5.522069938035442e-05
1270 0.0001931449056894592
1271 2.815367843567225e-08
1272 0.05331145692303263
1273 3.3064481925477384e-14
1274 0.7073070915211095
1275 0.47626152304548186
1276 9.853251379970102e-09
1277 0.0005647146220964356
1278 0.5460015313389951
1279 0.1207732212627307
1280 6.09537973964862e-06
1281 0.0001327482992358542
1282 0.8577442959006146
1283 1.082700856643332e-06
1284 0.00038497084108603534
1285 0.22390180453456257
1286 7.660927955773248e-08
1287 3.6660588401551074e-09
1288 0.06493902575256169
1289 3.1468526473053704e-06
1290 0.46239952754749303
1291 0.5747809553501902
1292 0.33381218512338856
1293 0.592023501239267
1294 2.2320349595211746e-08
1295 1.747418997869751e-08
1296 0.7048841557931149
1297 9.148283892478492e-17
1298 0.000713739636815661
1299 0.18169094242517184
1300 1.2903549665010548e-08
1301 0.00015753906565039636
1302 9.311491454607702e-05
1303 0.297262986929889
1304 0.13628435682935353
1305 2.6184144661634566e-09
1306 8.209283383177688e-11
1307 5.518901573769721e-09
1308 0.005499915258678222
1309 4.623453667005988e-08
1310 0.16021590702867364
1311 0.011218866079339678
1312 5.0281029308717896e-05
1313 0.34021025181310566
1314 3.0185222532927135e-06
1315 0.08401080045000127
1316 0.0005995958515988005
1317 6.759215179805999e-05
1318 0.16259038927177463
1319 0.0009060609308073218
1320 0.10610963001648922
1321 1.5161213367891262e-08
1322 0.20116655271358586
1323 0.013280858658311058
1324 0.000929354369585885
1325 0.10558119536819799
1326 1.3729303903160286e-19
1327 0.0008167660955781243
1328 0.4354154816920468
1329 5.160797435200506e-06
1330 0.03231961659591371
1331 2.043846427095832e-13
1332 0.058427863202307834
1333 0.029298816888923163
1334 0.0858534987166813
1335 0.11072181030898516
1336 0.002435788051200366
1337 0.004247177091450338
1338 5.660182702492119e-06
1339 0.08631446375121642
1340 0.00048286135787194764
1341 0.0040108138245349085
1342 0.07688314680325944
1343 0.14889547767657993
1344 0.0489566759757633
1345 0.2201149847259968
1346 0.10995127446772805
1347 0.00036176132972855516
1348 0.00032492881132128765
1349 0.00309558056718076
1350 0.00023787078527018725
1351 9.465060939438954e-10
1352 0.000866499936793182
1353 0.10899154982607621
1354 3.985720709949844e-12
1355 3.1199806159768026e-07
1356 0.00392953740823397
1357 0.0008421955456354431
1358 0.00551258116339899
1359 0.5799226518386835
1360 0.00013452189004400656
1361 0.0005902069635934608
1362 5.1088157226462e-07
1363 1.9532164996473085e-11
1364 1.1619445683204183e-06
1365 0.0007769257892743909
1366 0.153239511669277
1367 0.7163585482492215
1368 2.1542778149873332e-15
1369 0.04991690365554042
1370 0.8288810044475684
1371 0.06596277041882287
1372 0.10245540925320631
1373 0.0174713928434245
1374 0.0012755867900819898
1375 0.08622533969135557
1376 0.00874401432764086
1377 9.49995821786228e-05
1378 0.8377495005451914
1379 2.0681745633071764e-14
1380 0.029380862785606036
1381 0.04490140988507504
1382 0.06437502801270548
1383 0.027592137079188412
1384 7.8542156059301e-08
1385 0.0007386677009799592
1386 0.0006361258992005239
1387 1.41676828513325e-07
1388 0.6084104977421939
1389 0.5473576909303548
1390 0.0004924068888640054
1391 2.8799773311930227e-06
1392 1.8594661084705164e-08
1393 2.731279995705598e-06
1394 2.315123756204191e-06
1395 7.26105423167156e-09
1396 2.8908776839954113e-06
1397 0.3164301359280963
1398 0.05238243734452359
1399 0.3129365731021983
1400 0.36062889008541194
1401 0.00284172829526704
1402 0.00016100284650553658
1403 8.903282436689528e-07
1404 3.2632766967277088e-09
1405 2.068865794340948e-08
1406 1.4273426089634763e-09
1407 0.034661850058462125
1408 0.023522596950671607
1409 8.575355662349913e-06
1410 0.04506691686407993
1411 2.038341797963572e-10
1412 5.985871489421696e-07
1413 0.005903560969641854
1414 0.010406333782229832
1415 1.0379057571142466e-06
1416 0.027602080919728825
1417 3.078453204315373e-14
1418 0.0003341439793890895
1419 9.271809782407134e-07
1420 1.7346129721977846e-07
1421 0.1409809392149387
1422 1.0324661790965903e-12
1423 0.6849267265118933
1424 1.6278536683789591e-06
1425 1.821529295820792e-08
1426 2.0834433737157418e-13
1427 0.01936803316863014
1428 3.510809480574283e-05
1429 2.384656404779261e-05
1430 0.2652758192367108
1431 4.149766827816669e-09
1432 0.00020405330583937715
1433 0.012377289800806547
1434 0.6576825972119223
1435 0.08004349668615066
1436 5.74912574695882e-09
1437 0.015781065979568347
1438 0.005308280631298843
1439 0.005013575771293917
1440 5.0282096366653475e-09
1441 3.7668240778044535e-05
1442 1.1970178217509332e-13
1443 1.2756384277090962e-09
1444 0.0005005990417255244
1445 6.03634254134448e-11
1446 1.1212476974063123e-05
1447 1.7040863413781715e-11
1448 2.1178956487981123e-14
1449 1.753998187821537e-11
1450 0.05420568677455348
1451 0.8699524588593803
1452 2.798849212003589e-05
1453 1.0209633637050207e-06
1454 0.12909349020804345
1455 3.4763013818922976e-14
1456 0.8073594638310837
1457 1.8020447687554516e-08
1458 0.03663682787126187
1459 0.020711456994823657
1460 3.183688846554404e-08
1461 2.58387176272932e-05
1462 0.041423783661581115
1463 0.4767067098092685
1464 0.0188985565992221
1465 1.1699684605267508e-05
1466 3.241499626923238e-14
1467 6.307277618327639e-11
1468 1.4186676510185665e-09
1469 0.030062980708533468
1470 8.929980284757917e-10
1471 2.770266691687032e-10
1472 2.185315693979747e-06
1473 1.2139207854059215e-11
1474 0.0032534254274157793
1475 0.44954392447609737
1476 0.0007573581783749512
1477 8.972244488598499e-05
1478 5.669270561966688e-13
1479 6.226403579848397e-05
1480 6.599212645918771e-07
1481 6.270090205251357e-05
1482 1.346092464017776e-06
1483 0.008139210745370273
1484 1.3350576691579536e-14
1485 8.856860410300736e-08
1486 2.277109890330068e-06
1487 1.8370069513357828e-13
1488 1.0345165691961453e-05
1489 0.02297364671580064
1490 2.4755282666054025e-14
1491 2.658856335751326e-06
1492 0.5238805406429027
1493 1.6506842064074306e-05
1494 0.008320045075043499
1495 9.15744710646608e-13
1496 0.7199520584359933
1497 1.948927993415021e-09
1498 7.983970539464515e-06
1499 0.0009027667943565664
1500 1.170924255460272e-13
1501 1.3697375121621975e-05
1502 0.011230769336013151
1503 6.458302138548161e-11
1504 0.20651109294811035
1505 0.00524456959077756
1506 0.7019907446838247
1507 6.263871585326577e-13
1508 0.05234529820084247
1509 0.09043983300607997
1510 0.4489597301721501
1511 0.5893415766330674
1512 6.460999967822608e-09
1513 0.07936270394479426
1514 0.008916646308802977
1515 0.3164577793257485
1516 9.969019170882351e-11
1517 4.357706185829131e-08
1518 2.274782474738594e-10
1519 0.00031422463920606914
1520 0.06792963872081251
1521 0.12070499287039484
1522 2.813234911870676e-05
1523 1.0649667985452413e-06
1524 0.08013869929375589
1525 0.13959525721632626
1526 2.0895285345155316e-13
1527 0.012404880376114596
1528 3.492481081401993e-14
1529 2.73742311234692e-13
1530 7.721391895591385e-11
1531 0.054348737082126675
1532 8.350101592830898e-14
1533 0.10449095600624697
1534 0.08766362874478217
1535 9.314315159875274e-05
1536 4.9013636727970965e-14
1537 3.487052622936881e-13
1538 8.583249847729822e-07
1539 5.220530524561183e-07
1540 0.27655258931428967
1541 8.610412543679219e-07
1542 1.818964705364554e-05
1543 0.0073203211950945216
1544 4.434988477185609e-14
1545 0.13943963927819578
1546 0.8357141220132225
1547 3.497181645762888e-14
1548 9.208202330195332e-05
1549 0.02659314675395467
1550 0.08745868644606596
1551 2.4544010147472538e-14
1552 0.13994351361745472
1553 9.862936492977937e-11
1554 2.1802857175858666e-05
1555 2.7541190588602783e-14
1556 0.06931494663567922
1557 3.295831900120223e-11
1558 3.846127374666382e-15
1559 1.880347362366945e-05
1560 0.3107190027961139
1561 3.6212408276219293e-09
1562 4.4180704652212753e-10
1563 0.0001344866092562938
1564 9.446311929567221e-12
1565 6.030162320048178e-12
1566 9.285277336957073e-06
1567 8.397603831202422e-11
1568 1.2196587660878051e-13
1569 7.785215003592459e-10
1570 1.386516849327381e-16
1571 1.5495196221674198e-12
1572 0.21066272383874363
1573 1.3224678639637093e-11
1574 2.169936639330373e-09
1575 5.604528713542757e-05
1576 3.845976942384846e-06
1577 1.170693853382135e-10
1578 1.2400526050888529e-05
1579 5.0923971752963475e-11
1580 3.8122021387107645e-07
1581 0.0010497996114341888
1582 0.003802036585204164
1583 2.487801428459522e-10
1584 3.441870973380314e-08
1585 0.0027440857627995387
1586 0.12611467503505377
1587 0.0032752177574786635
1588 4.676851468704403e-10
1589 0.0033555073901312183
1590 5.706107077982458e-07
1591 2.35698420116887e-14
1592 2.7649377172071955e-10
1593 0.00018029412741583353
1594 0.10403524791123168
1595 4.4943193453742845e-05
1596 1.0181629683109765e-08
1597 2.0815698481158237e-06
1598 0.004533366925476132
1599 0.004010307828822929
1600 9.164273297387322e-06
1601 1.2820597473585238e-13
1602 0.0784155507869731
1603 1.979076359012133e-12
1604 3.802224568864889e-17
1605 8.277248463490193e-14
1606 4.8066718241245e-12
1607 1.130086484729604e-08
1608 1.452923201175825e-10
1609 0.008577886717297005
1610 0.30144442368645163
1611 2.4858471285003763e-16
1612 0.00010461736647607254
1613 4.7057986192446064e-14
1614 7.008159251808881e-17
1615 3.4070201430916554e-10
1616 0.0002828507213304338
1617 1.3047587227161457e-10
1618 0.002504564188217971
1619 5.663703865857418e-05
1620 0.01668832889809088
1621 3.387017536821502e-14
1622 5.360011021330596e-17
1623 3.897307836489361e-11
1624 8.511535263571132e-07
1625 1.0051426989920072e-18
1626 0.4847151562056284
1627 7.905395557732418e-05
1628 0.0009330613030939876
1629 5.0632910754679734e-09
1630 2.8711076711063695e-14
1631 2.265723678239754e-09
1632 0.0472525031045617
1633 0.052890473323812436
1634 3.1790472737559e-10
1635 3.6641688684047085e-09
1636 0.032102244549606904
1637 5.254130813915705e-13
1638 0.01990537562161359
1639 9.64700894476905e-09
1640 2.3125445563006365e-16
1641 1.310204187337119e-16
1642 1.83763920456917e-16
1643 1.0665027897212046e-09
1644 3.212894964404077e-10
1645 1.8662226192193453e-05
1646 9.31633700609721e-10
1647 0.000219486158526929
1648 0.015164158133216452
1649 3.006272094289838e-14
1650 0.009945046781366432
1651 0.14616582838820488
1652 1.066467774048212e-11
1653 2.902658173118503e-07
1654 6.754104438469579e-11
1655 1.2542459534396013e-07
1656 1.9659059205996789e-13
1657 1.6950745450564198e-15
1658 4.324369173794472e-05
1659 0.39838043587738015
1660 4.7388781165958404e-05
1661 0.0012008711687924714
1662 3.6675989898529336e-11
1663 8.124403188394144e-11
1664 2.925690633268962e-05
1665 1.0297207330644877e-17
1666 7.684793314555557e-05
1667 4.300029175091357e-15
1668 5.75969198656971e-15
1669 7.777864407464611e-16
1670 6.867496029175183e-12
1671 1.9154546612973923e-17
1672 4.003530585764915e-09
1673 2.6580920942587373e-11
1674 1.0500064903195965e-15
1675 0.2156484015099192
1676 0.02854846428733606
1677 2.626090055995086e-13
1678 2.758693655181363e-15
1679 6.924414753801606e-16
1680 4.6764782411873e-16
1681 0.012751274925353297
1682 2.2311638636383987e-18
1683 3.986497263654647e-13
1684 4.0940873190249817e-16
1685 1.3902047638617712e-16
1686 1.6280411178846627e-15
1687 5.704030552110748e-16
1688 2.839767587692619e-17
1689 5.2539728244339653e-17
1690 8.100976039897873e-18
1691 8.507199677551471e-17
1692 4.189811056103671e-16
1693 1.4952169403896898e-17
1694 4.119235684627179e-18
1695 1.855151711408252e-18
1696 0.021130307949292427
1697 0.9026102330307079
1698 1.2905573484773596e-11
1699 2.147241310595265e-06
1700 2.0698864815348067e-06
1701 2.2735967546285053e-05
1702 2.3125640370381163e-08
1703 0.09732930167003336
1704 3.153099300380331e-17
1705 0.0008267636837363034
1706 1.667550779014083e-06
1707 0.13154663686704224
1708 0.009951428971355102
1709 5.707975928665351e-11
1710 0.000905286129095692
1711 4.479962227370527e-11
1712 1.691634553469267e-15
1713 2.1228241405150716e-06
1714 9.803504238652546e-05
1715 3.479761899724982e-07
1716 0.007268629528053932
1717 1.9392860463914135e-14
1718 3.6178025348804515e-05
1719 3.836000423021403e-08
1720 1.1691660942052337e-10
1721 1.2905777987197217e-06
1722 0.00012361975303515127
1723 1.088027597661303e-09
1724 8.393762746572885e-08
1725 0.15978231685514532
1726 0.004946231925169804
1727 0.2048381424081652
1728 4.589113572830688e-06
1729 6.8628731849578e-05
1730 4.73103660573283e-12
1731 1.3476032759094056e-06
1732 1.9278071326548124e-10
1733 5.546083081188312e-07
1734 8.985944206216728e-07
1735 0.001068703775098562
1736 3.28354561457778e-11
1737 0.005318870239645009
1738 2.331255997048099e-12
1739 0.0002689726752605965
1740 0.00018659158021210864
1741 2.9317155120430493e-14
1742 0.004202550106439661
1743 7.65316467212365e-05
1744 7.708531590961857e-07
1745 0.06173503626595821
1746 3.114367225951987e-05
1747 4.256101858986308e-14
1748 2.804763379917149e-06
1749 4.1177005832488075e-12
1750 0.09468836757586833
1751 0.00313594047208435
1752 5.043344595942292e-06
1753 8.259231724734571e-06
1754 3.125429196065592e-14
1755 0.08534247664131145
1756 6.0371935281603326e-05
1757 0.22299822612385486
1758 3.9887913234821536e-07
1759 1.3934140422003549e-09
1760 0.005199414434723234
1761 0.0001534559897922366
1762 7.471151357727195e-08
1763 0.45922396855054004
1764 0.10899933553843176
1765 0.3234054434015977
1766 1.530157174569793e-14
1767 1.4940540574605218e-05
1768 0.0018348448501852473
1769 1.975435470670959e-15
1770 2.9908665843025368e-18
1771 5.4340836522447696e-14
1772 0.1421994742021126
1773 2.0893731446412386e-09
1774 5.688871890581308e-06
1775 0.13221057769939235
1776 5.331392014235828e-06
1777 3.744839718258071e-11
1778 0.12505165102299004
1779 1.5061846599855158e-08
1780 0.0003557842614869152
1781 0.002358946315855408
1782 0.11105603305421503
1783 6.1604297382270665e-15
1784 0.0010016425892824014
1785 8.758842916692718e-10
1786 8.121516152653865e-09
1787 2.2414541026141122e-10
1788 9.20934326132527e-07
1789 0.07778686604003053
1790 0.13038823041464662
1791 0.12552605168086275
1792 1.0938762323495536e-11
1793 4.0273104656939495e-12
1794 5.827383149070881e-07
1795 0.1453854424367881
1796 0.08971820443126627
1797 2.7438488296073974e-14
1798 8.312888437632355e-08
1799 2.371722791626712e-10
1800 6.873896984919467e-14
1801 3.3786970890657474e-06
1802 0.1710301208806925
1803 1.9332239052895546e-14
1804 0.01310530135707361
1805 1.725017604983599e-14
1806 0.0017611675339725852
1807 8.972201672890847e-15
1808 3.0836131235301224e-09
1809 4.206015468203449e-15
1810 4.866968400700916e-17
1811 0.22054549457525996
1812 1.442497056124605e-18
1813 0.0004463930064137086
1814 0.0006514094167749178
1815 0.14836349499321225
1816 0.0005124104222489138
1817 0.5958496073957336
1818 3.063545194106457e-12
1819 1.289865218506346e-09
1820 3.7011273954183095e-10
1821 0.1458054610855732
1822 0.17348334770728382
1823 0.01659259292430697
1824 7.778668486073976e-09
1825 0.4404273530467417
1826 2.948779047164395e-09
1827 0.32331474881309963
1828 3.9719555343950544e-07
1829 0.000560193388246802
1830 5.940697291143555e-09
1831 6.011264387033432e-15
1832 0.00015881827634913408
1833 0.5524414627281256
1834 0.8815484444868128
1835 0.0005623796360093466
1836 3.882228966160332e-11
1837 5.961902307753741e-23
1838 8.839085762549638e-06
1839 2.852172680767445e-11
1840 6.781399907377314e-06
1841 3.639358442177527e-14
1842 0.0006831456673107974
1843 5.453920883892074e-06
1844 3.006522251870826e-12
1845 0.0005132659708048666
1846 1.584620007492789e-14
1847 0.14196098554038866
1848 3.6577691476452674e-08
1849 0.6412826092861615
1850 0.9031252475297032
1851 9.434792729715627e-11
1852 0.04220584866929639
1853 4.153618153039173e-11
1854 0.1892159652540668
1855 1.994424141206487e-13
1856 1.982821429363149e-10
1857 1.454087375429796e-07
1858 2.0886285816000775e-11
1859 0.08183426249576002
1860 1.4543707608212542e-05
1861 3.863219738607744e-14
1862 1.0665454408049587e-06
1863 0.07868327095281928
1864 4.942080362520054e-07
1865 1.2989895569296942e-06
1866 0.02692595961852493
1867 6.400647025240222e-14
1868 2.7700965567477343e-13
1869 3.0374756866690656e-12
1870 1.028128116340185e-11
1871 0.001049564402527187
1872 0.6926625139374282
1873 0.09062879290878276
1874 0.14913472304969533
1875 8.413095740134862e-11
1876 1.036187129576149e-05
1877 3.34819637694723e-07
1878 0.7365375800108712
1879 3.846677406855549e-05
1880 0.1293445030623764
1881 2.797690870666746e-11
1882 2.2089092930524064e-10
1883 1.9104462526127025e-12
1884 0.0004833424942399626
1885 0.12584389428518053
1886 6.576348754500781e-08
1887 0.6942478457024946
1888 0.0002616389951105336
1889 0.00010194481679340064
1890 1.923781970714029e-06
1891 2.4433445365927783e-11
1892 5.546265973188061e-08
1893 8.70313989987758e-05
1894 1.6481862766246172e-09
1895 0.00032921239061205855
1896 0.046912706713529644
1897 0.00033604567747375037
1898 0.7990655904733894
1899 1.2938866578782275e-11
1900 0.13993363887765853
1901 1.95902506908515e-12
1902 6.443704846178995e-12
1903 1.0823667335635687e-11
1904 1.0684766824119715e-11
1905 1.966179903784318e-12
1906 4.782712149097106e-13
1907 0.005883331850239502
1908 0.0008205956198562537
1909 2.1946096382962444e-12
1910 0.012282776551343327
1911 2.0065090805154332e-11
1912 0.0003313100960064728
1913 1.7176721743045892e-05
1914 8.373160342761915e-05
1915 1.0169097986936899e-11
1916 3.6829345685320668e-09
1917 0.44959661246770827
1918 1.5110640758496738e-11
1919 4.74289309038991e-15
1920 2.369893992190788e-06
1921 2.792656342886355e-05
1922 4.198627271877972e-06
1923 0.10110285882464976
1924 0.6426920188926354
1925 4.063363773500385e-11
1926 1.433775235049894e-09
1927 0.18602341964490152
1928 1.825229964579184e-11
1929 6.700785878351822e-20
1930 4.039283296214205e-07
1931 6.533391670968225e-05
1932 0.0021265275392525805
1933 6.758709267964336e-11
1934 1.063972553298251e-10
1935 4.1286768100704527e-14
1936 6.977560523774452e-11
1937 5.0629578945216817e-11
1938 0.015153473569126349
1939 1.092786731220568e-05
1940 0.0011170288472423999
1941 0.00044029461240995205
1942 4.753181697510146e-05
1943 1.1894486089282003e-13
1944 0.025963023846942716
1945 0.0003181290575975946
1946 0.20506041574785702
1947 0.00018909332723255481
1948 0.22413504218562458
1949 0.517464308738225
1950 0.22669092607982916
1951 9.448293873915484e-06
1952 0.7524094297787076
1953 8.318904552945747e-15
1954 5.759297975132752e-13
1955 1.998239920044864e-10
1956 0.27470465783816905
1957 8.131510518212974e-09
1958 0.008070774356644755
1959 4.118136794448104e-15
1960 3.8377894820928226e-10
1961 0.9325048041078594
1962 2.4898878629285233e-10
1963 1.9555330458770602e-07
1964 3.6478487407498154e-09
1965 2.908680219004171e-10
1966 4.1791728314922304e-11
1967 0.550374208831967
1968 2.9926328021394293e-07
1969 0.011567313722766447
1970 3.0507868474020826e-05
1971 0.004000238769945128
1972 0.10560848607333552
1973 0.41570412781490657
1974 3.101868529921604e-12
1975 1.9630448808363537e-09
1976 5.1718356040267935e-06
1977 9.700355288787888e-08
1978 0.000902675536049813
1979 1.6082446414176282e-12
1980 5.174705709746318e-12
1981 1.3604317424644669e-09
1982 0.017417593130962174
1983 1.6666084367803844e-27
1984 9.701642968262221e-15
1985 0.0766920270638547
1986 0.05943061126293724
1987 8.27560272814165e-12
1988 0.041906936682419044
1989 8.06487308935142e-13
1990 0.010096454953644059
1991 3.1886794694296473e-06
1992 3.410963798904712e-12
1993 1.82799273774299e-05
1994 0.19727422036693748
1995 2.3342174841135354e-06
1996 1.833596049939589e-08
1997 0.004348843128108666
1998 7.777686764746467e-11
1999 7.236300321614293e-14
2000 1.6395101588623557e-09
2001 0.00817349671176578
2002 1.2711725524713747e-12
2003 0.006168945130731195
2004 0.15588523002498672
2005 0.07862021972715574
2006 3.308544689017397e-07
2007 6.924561166984763e-13
2008 1.5891146346382872e-11
2009 1.1168893726908966e-05
2010 0.005575653780151632
2011 8.966074003920388e-07
2012 7.152121032919227e-12
2013 9.575542079702506e-11
2014 1.833392166040579e-12
2015 6.896330963530252e-11
2016 1.236751897639431e-07
2017 2.5868505482006756e-21
2018 3.4245877097283354e-05
2019 0.09780545304927131
2020 2.227444484344647e-09
2021 0.002858593306343856
2022 0.0004152831671778027
2023 0.30358322482287314
2024 0.014631294541603147
2025 0.1428802677588099
2026 2.683829364360016e-09
2027 0.35920828754045475
2028 5.9261171193785325e-08
2029 7.878647107412743e-10
2030 8.951357479760683e-08
2031 3.326737026038231e-10
2032 7.863261592169504e-10
2033 6.3873685250234985e-06
2034 0.003550838100289562
2035 6.299954699338004e-11
2036 1.9706406433710663e-09
2037 0.25665623985957414
2038 1.2986214543937558e-09
2039 9.095914223503993e-09
2040 1.3573626639480732e-05
2041 2.3273843215679582e-10
2042 6.0828506438221116e-09
2043 4.883014675194868e-06
2044 0.1443361127639191
2045 0.4644680231750968
2046 0.003075883030734816
2047 1.6750020079382002e-05
2048 0.22283664408301634
2049 9.428980501747582e-07
2050 5.846324396465407e-09
2051 2.5151404841324392e-14
2052 0.0013594650715095312
2053 3.912576285024547e-09
2054 0.11240829063680918
2055 0.0017448001261129154
2056 1.45511699625439e-07
2057 1.5105111744181334e-13
2058 2.954686822784729e-12
2059 3.579114624805022e-12
2060 4.933710723036047e-06
2061 7.073597739964671e-11
2062 5.074317550452301e-13
2063 0.060876534035260804
2064 0.0009887502596931603
2065 0.0001428300249224799
2066 0.5548531936128345
2067 2.687727498396667e-08
2068 3.00134201410182e-06
2069 2.7529711481862832e-05
2070 6.114262380159141e-05
2071 0.0005213433049800883
2072 1.134334326732328e-09
2073 4.146610699743778e-08
2074 1.4523112232632114e-11
2075 0.00010285577698598176
2076 0.05359973039167303
2077 1.6647075741087828e-06
2078 1.232846371526627e-10
2079 6.163871544466542e-12
2080 6.718078359364418e-12
2081 0.011351017384563435
2082 2.0340804104725026e-10
2083 0.11867478321104774
2084 1.80656825536044e-10
2085 2.345702536801185e-09
2086 6.409730872027408e-06
2087 0.6158403459749874
2088 2.9216216668316324e-05
2089 9.960979014298417e-11
2090 0.11737825079832731
2091 0.17921259908037404
2092 1.7938389626653733e-12
2093 4.334047342975544e-08
2094 1.713718241019234e-07
2095 8.126521719168096e-13
2096 2.265632753254076e-08
2097 1.1839074020431253e-07
2098 5.009695080153553e-09
2099 7.709306298401957e-07
2100 7.3152559596563875e-09
2101 0.002302422282746394
2102 0.0010262118185241594
2103 1.5605245478807433e-11
2104 1.1434901232095304e-08
2105 9.170685628780443e-09
2106 0.0023105723318738907
2107 0.10982151864172629
2108 0.004792997882519023
2109 0.26508639852984706
2110 2.6016047100866884e-07
2111 0.009269151060244918
2112 6.128369066642237e-25
2113 0.2509296220378717
2114 0.2249661174588819
2115 0.11701987880636751
2116 4.841875187265094e-07
2117 0.6350015914335853
2118 1.6161900081516146e-11
2119 1.9418790588771646e-09
2120 6.659110580714512e-07
2121 5.672763347915569e-08
2122 4.67577265613829e-07
2123 4.576507557104837e-06
2124 1.270350605377664e-10
2125 0.06531947821897537
2126 0.0017332872632734014
2127 0.0002012842442783582
2128 0.14510640616437182
2129 0.3393964563351029
2130 0.5965890187758431
2131 1.8186264740223716e-07
2132 0.016476031072231462
2133 9.210980687477818e-08
2134 0.6454798887874167
2135 3.1055288062836253e-13
2136 2.813564137634701e-05
2137 1.0727578566989842e-08
2138 8.234099859161382e-06
2139 0.4115680273020955
2140 0.17132380384838117
2141 5.486082766704213e-08
2142 7.56674402835914e-06
2143 3.6806984602429503e-07
2144 1.9638630995052626e-05
2145 2.9299322538887134e-10
2146 4.8312215091435534e-09
2147 6.089812473613371e-33
2148 3.80769887870291e-11
2149 0.00011261810811513453
2150 7.650945541173016e-11
2151 6.933975661010663e-05
2152 0.0011288259479032734
2153 1.261444455301908e-05
2154 0.17881532648558446
2155 3.0394403549881646e-08
2156 2.0389061136922453e-09
2157 0.09363615254977799
2158 0.6052599082330539
2159 5.053700738061297e-07
2160 2.547411366885218e-13
2161 0.0018104721557054512
2162 2.6011561464142512e-12
2163 4.875557746048427e-12
2164 4.091230393762761e-08
2165 1.774523723195381e-06
2166 6.773417314110198e-10
2167 0.0005911501293711673
2168 0.034167204547875835
2169 0.027435795655188378
2170 1.2857617440103245e-06
2171 1.3463103949660984e-10
2172 0.13172386125756755
2173 1.6132556899459315e-05
2174 9.12676425357971e-05
2175 0.34201462103425256
2176 0.13379362561938368
2177 4.560921097108439e-06
2178 3.105316319733342e-09
2179 8.308830194275086e-05
2180 3.892758488164881e-05
2181 0.5518360396759392
2182 0.10746617693910475
2183 5.311196950100108e-07
2184 3.764846032633066e-11
2185 9.2051617195336e-13
2186 1.0614035553746784e-07
2187 0.00011281087919086463
2188 1.4826976516764925e-06
2189 0.17109171210511934
2190 0.9454934155716408
2191 1.6290925915324787e-05
2192 2.0684671453807423e-07
2193 0.25068583579840714
2194 1.999056853594108e-06
2195 8.411684196847613e-14
2196 2.7897892085105523e-06
2197 3.891732069780687e-09
2198 4.978134244812725e-11
2199 2.576361227863407e-07
2200 1.1132961396693727e-12
2201 5.0169344971701846e-05
2202 0.9455467125974029
2203 0.000247943864186291
2204 0.0005597500583006342
2205 0.0006854388021023536
2206 1.280105541860401e-09
2207 8.609784778887448e-08
2208 5.85452281708776e-07
2209 8.879742930764226e-12
2210 0.5503222505387327
2211 2.4678518166471406e-06
2212 1.0008772683460784e-08
2213 5.296456295548975e-07
2214 2.1650939109387016e-07
2215 0.7211084654382613
2216 0.5330847725962844
2217 6.999608344263977e-10
2218 3.93157797345421e-16
2219 2.1985404665963875e-07
2220 8.9567547582059e-12
2221 3.652519818356523e-05
2222 0.9220194554730231
2223 4.462570956971992e-11
2224 0.8372501427985881
2225 8.548543299853831e-05
2226 0.0001459886510487015
2227 1.179602396546945e-15
2228 2.084928869418418e-06
2229 0.09010638950909809
2230 3.689503467550474e-05
2231 0.007287579674211795
2232 0.2237168504654862
2233 0.0002462686686046743
2234 1.2434853084543285e-06
2235 0.1078618388632521
2236 1.663836762188416e-11
2237 6.734808037214412e-26
2238 0.5706432209279085
2239 1.9565638510815804e-08
2240 0.9064757645305679
2241 0.00010832291210481763
2242 4.241738475098564e-06
2243 0.8407196720696647
2244 0.0003952205020977471
2245 0.0010017116553910279
2246 0.08465936962802076
2247 5.432108583859647e-12
2248 3.780961611974787e-10
2249 0.00011479024818967323
2250 0.18754700867186042
2251 3.695638532808587e-09
2252 4.99578089490001e-05
2253 1.5193839019455112e-09
2254 0.0007712404959675916
2255 0.020009687614605084
2256 0.44082162645180895
2257 1.1886536130723015e-13
2258 0.0003806354873016361
2259 3.4191341854650566e-18
2260 0.21733720805602505
2261 0.0002987803127822289
2262 7.972376249134004e-07
2263 0.5882799578775819
2264 3.6551171820868377e-08
2265 1.156725749503852e-07
2266 5.3027029713090365e-08
2267 0.2268646469308448
2268 0.07010258209196184
2269 0.0002365237805153153
2270 0.0010979024677637045
2271 1.34794923298406e-07
2272 3.1373230425418315e-05
2273 3.204880417064039e-07
2274 0.43493252376521946
2275 6.779555750077948e-09
2276 6.48131643507744e-07
2277 0.0004327274386755007
2278 5.323364098255542e-11
2279 2.8787930361443137e-06
2280 0.170014087239297
2281 5.13587104321233e-08
2282 1.7117000353612837e-11
2283 2.713177725085723e-08
2284 0.008376006318189813
2285 1.0771485269761202e-05
2286 0.4406866838375219
2287 0.00019460491979354972
2288 8.455627209130974e-12
2289 4.591790691811434e-11
2290 0.0020806608048020395
2291 7.130408415412582e-07
2292 7.939014906457195e-05
2293 0.20603370358350295
2294 4.576420810489723e-12
2295 0.005792401502750951
2296 2.2668447631819708e-08
2297 2.538174785736669e-07
2298 0.0023777174725375903
2299 1.8808560115515038e-07
2300 2.8310375213212197e-05
2301 0.021640460661543872
2302 1.2826764342353852e-12
2303 1.9055780338206403e-06
2304 0.0776170794207432
2305 0.1942454195802296
2306 1.713657954374264e-13
2307 0.0023446291526655815
2308 0.43277194491040816
2309 0.04697728473860941
2310 0.4531872987624177
2311 1.4822817680262958e-06
2312 6.911337569636312e-11
2313 0.004481925199502236
2314 0.0018935814774304397
2315 0.010659527964377469
2316 0.21244115334548383
2317 2.5846888449274478e-08
2318 3.588137031978358e-06
2319 1.5384740384686106e-05
2320 1.5284485724511132e-08
2321 1.2108234551183079e-10
2322 6.519334464892772e-09
2323 6.340980231286655e-10
2324 0.050890429258183247
2325 2.012380725729223e-11
2326 9.003429735036501e-10
2327 0.005256150958308977
2328 1.8446983872487325e-12
2329 0.0006219638974509034
2330 0.00032734314026383485
2331 1.2496203473779846e-08
2332 0.007306463754718888
2333 2.6485359215711836e-13
2334 8.150900896251359e-08
2335 0.0061156744058020315
2336 0.0003678853028907673
2337 1.6831163410122894e-07
2338 6.576933856469746e-06
2339 0.09448126599247617
2340 1.9061325137335446e-10
2341 6.218939313095919e-14
2342 1.2371774907501026e-07
2343 5.682641316825713e-07
2344 1.1691511496197e-11
2345 0.0001225115140993666
2346 6.696630319532693e-06
2347 4.886478272316501e-11
2348 7.68959428475719e-06
2349 2.6137453099976887e-11
2350 4.541815009887271e-13
2351 3.161461850352278e-20
2352 3.0416204348049067e-11
2353 5.950971801073956e-08
2354 6.723368952944755e-05
2355 3.6220276067164123e-07
2356 0.9237007353856661
2357 3.279209694436334e-12
2358 7.40591099224609e-08
2359 0.6973719994575148
2360 0.0018627186440787371
2361 3.1876099696511065e-08
2362 3.147203947338585e-15
2363 5.102822404099077e-12
2364 0.25100983676495126
2365 2.516225180023977e-07
2366 0.0001731146722829885
2367 0.00017057129447920472
2368 0.0338906369763128
2369 2.3866849947653895e-09
2370 1.6593275627509273e-11
2371 4.2734299503795594e-07
2372 1.98162158902387e-11
2373 1.2946244941704541e-05
2374 0.0020748660787068014
2375 1.0203995504806882e-08
2376 1.0318179842388939e-11
2377 1.3554336298006016e-07
2378 5.20660409626373e-05
2379 0.00014537212620074167
2380 0.00012093584611179373
2381 0.0003307300331930419
2382 8.31940157886416e-05
2383 1.0067966915450633e-13
2384 1.6938157015473904e-09
2385 7.244583060238628e-13
2386 5.04358102325659e-10
2387 1.1530454196382815e-05
2388 1.2215331529996656e-05
2389 4.376021467836746e-08
2390 0.00012864965627559867
2391 2.7289999562127678e-05
2392 0.0858448989784365
2393 1.941818677262409e-11
2394 4.9856448982307345e-06
2395 2.2550291452440895e-11
2396 3.4924069085191036e-06
2397 0.011997390805814405
2398 1.8377351529599725e-07
2399 4.3562097616246236e-16
2400 4.868739786402014e-05
2401 6.828833614729386e-12
2402 0.0004380047026390897
2403 1.9327309732573313e-11
2404 0.020663084319361903
2405 9.341163341598803e-08
2406 0.24581113629992485
2407 9.269314165825019e-08
2408 0.3166024712078971
2409 0.00011995412864249845
2410 8.590154033731405e-06
2411 0.0038588733001521636
2412 0.33194196160545586
2413 1.1478293010668587e-11
2414 0.0017050883981448593
2415 0.00035044377533702037
2416 0.001447049612084492
2417 1.233800084643462e-06
2418 9.619391352169703e-05
2419 1.5770680331172327e-11
2420 0.12463762809257795
2421 5.052938762128776e-11
2422 1.91943178281977e-05
2423 5.686064723509108e-06
2424 0.40840416722453105
2425 0.4943107407331739
2426 2.8377395100955275e-10
2427 2.0141056566272905e-08
2428 0.006993478931914826
2429 7.20634521436309e-16
2430 5.363751719580265e-06
2431 1.7656585342440212e-14
2432 0.0004464822860229849
2433 3.119000657579457e-15
2434 0.4720057853459901
2435 3.296696429899728e-25
2436 3.307662851029281e-11
2437 1.4060618936118208e-07
2438 2.149637938127055e-07
2439 2.710012604522001e-05
2440 0.0008687670627409108
2441 2.207292713232932e-06
2442 6.153632303515492e-11
2443 1.241464460746981e-25
2444 2.467105977402316e-13
2445 6.710204069596738e-05
2446 0.040948210907133485
2447 0.011527910083981482
2448 0.5016011860304257
2449 2.4399342919144277e-10
2450 1.5845278115584387e-11
2451 0.49789062328199774
2452 0.5729021922440636
2453 3.839143300609587e-16
2454 4.547134912949242e-06
2455 0.0004445799229151362
2456 7.142278536640604e-07
2457 3.4429957191698115e-07
2458 2.2073410248348053e-15
2459 5.726660216557014e-07
2460 1.0199790416201228e-11
2461 0.008842189926352247
2462 2.0099764681952004e-05
2463 1.6429251354228226e-12
2464 4.382390915438107e-12
2465 0.006133800555693031
2466 1.3821289591705645e-18
2467 7.897534668562359e-16
2468 5.811111506167487e-05
2469 0.000733015856239481
2470 1.1867432432282344e-06
2471 1.3169675326861812e-12
2472 3.2400842853565446e-05
2473 0.000895529272156694
2474 3.267461886341416e-05
2475 3.7212683153132705e-19
2476 1.3976342449676322e-10
2477 2.8878615808516386e-06
2478 0.00019017271877139213
2479 2.3458180054893776e-05
2480 0.0002793976728831157
2481 6.291796434654178e-16
2482 6.641179514023706e-12
2483 0.00036388460946769883
2484 6.253829441115315e-16
2485 8.536381275583948e-28
2486 0.5537194066442842
2487 1.3410851964189315e-11
2488 2.7934866241851668e-08
2489 0.0012463054443433948
2490 0.009458337207185814
2491 1.2241964185558835e-11
2492 3.953342650513024e-05
2493 2.2494506965577475e-07
2494 2.3852005710311284e-08
2495 0.675596963488699
2496 1.4350660678933925e-07
2497 0.56681534557346
2498 6.413043293680563e-05
2499 9.581042346943159e-06
2500 2.86120586717981e-12
2501 2.5996582839490163e-12
2502 0.00013845106816930898
2503 2.8924700582053473e-19
2504 1.4972556609774377e-12
2505 6.381985833069502e-16
2506 2.085833792448907e-15
2507 8.183675814530109e-19
2508 6.482547423267466e-16
2509 0.00023636385222706552
2510 1.7663180372779634e-10
2511 5.1810853398003964e-05
2512 4.152205038439468e-18
2513 1.2029683766520509e-24
2514 2.562958969768468e-12
2515 1.4707440948160358e-13
2516 0.0002270235742424047
2517 6.436331429604103e-09
2518 1.948649158362122e-05
2519 4.469617018972051e-16
2520 7.0484068510533065e-09
2521 6.328012195599559e-16
2522 0.1818322042097669
2523 1.7543688254005447e-06
2524 1.173937311739784e-06
2525 4.725415086631266e-15
2526 2.3669187687475016e-12
2527 2.1376305296539923e-12
2528 0.0010527365792455737
2529 4.447307483741238e-16
2530 2.4546528945964017e-10
2531 3.2854446204858363e-13
2532 0.00017062209081568133
2533 3.202518010413611e-07
2534 3.253751700567058e-29
2535 3.568199337585587e-11
2536 0.0003376805281153537
2537 1.1432002256800918e-09
2538 4.880052132801123e-05
2539 0.0005061144982256573
2540 1.1453773869544708e-07
2541 0.005034896686795708
2542 5.540679782923248e-06
2543 2.574268362166396e-05
2544 0.7239580642035858
2545 3.5860487281646934e-07
2546 9.592821005529358e-10
2547 9.128525640013146e-07
2548 6.082917195081485e-10
2549 0.002311519212012734
2550 0.005459397652880923
2551 0.0004354737828417138
2552 2.3470940538957805e-12
2553 0.00031190884690424867
2554 1.6481694846728734e-09
2555 1.2099988104294282e-09
2556 9.491593035214741e-19
2557 1.7227618673386267e-05
2558 3.4219280557316025e-12
2559 1.5021928913267117e-12
2560 3.700754561223889e-11
2561 3.094571320131169e-14
2562 1.4917094166606322e-05
2563 8.96492598662164e-06
2564 0.0003597301488655373
2565 7.236162154236063e-27
2566 2.6672321720172024e-19
2567 0.00834918110510347
2568 5.183544145457768e-19
2569 7.278845193498423e-06
2570 0.31401916615650916
2571 5.8020647881614587e-08
2572 0.002769256895462929
2573 0.0026294147552571707
2574 2.3543087598028496e-12
2575 5.190472209117909e-11
2576 5.106395894235968e-07
2577 0.000823501415506712
2578 3.3786444773891677e-10
2579 0.0021624630430366483
2580 8.509771163057886e-06
2581 8.708090773417373e-06
2582 0.002305672559989213
2583 0.006090371414129336
2584 0.0018545924844626338
2585 1.972819787963926e-12
2586 3.9979107785714096e-08
2587 1.3460954475434729e-06
2588 2.550270741972617e-14
2589 0.00011926865086407047
2590 9.775095183902457e-20
2591 1.101629037195265e-05
2592 2.807565543994726e-07
2593 0.833552066177491
2594 3.786718807460542e-05
2595 0.9031049731453511
2596 0.009331251133882393
2597 5.684792514918076e-06
2598 1.3784542504076457e-06
2599 0.0002617187569077452
2600 2.789081667006655e-11
2601 0.00016906407931578383
2602 9.214054482926257e-07
2603 6.225792091196913e-05
2604 3.280243327062907e-14
2605 4.32141602974344e-15
2606 4.270243645548726e-06
2607 2.405754395354645e-06
2608 7.789845385593185e-12
2609 0.00045537921848799295
2610 6.164645439554685e-17
2611 0.005310737686625077
2612 8.127613262272834e-33
2613 7.927865751342613e-08
2614 6.625502689745853e-11
2615 6.260979314092416e-13
2616 0.0035832233789863375
2617 0.00010422039165713262
2618 0.004571070897219264
2619 9.235870077198054e-17
2620 9.987991120130997e-23
2621 1.6808214907904636e-28
2622 0.0020789051184850527
2623 3.285103174040244e-15
2624 6.372889562422874e-05
2625 1.7615283404767634e-10
2626 0.7555334707377924
2627 0.0008894437254472332
2628 3.007627198281043e-15
2629 0.7052711767727782
2630 2.645565790243321e-09
2631 0.00012596133552160741
2632 1.942941720878911e-19
2633 0.0008425754505889194
2634 0.01216037128352316
2635 2.2217398710299703e-07
2636 8.233247415901179e-18
2637 0.7499310811653219
2638 5.703553786484701e-06
2639 1.6106818533874993e-19
2640 0.846250403009487
2641 3.325195857496464e-07
2642 3.2389830532336745e-09
2643 3.504256341226777e-06
2644 6.76492347702091e-18
2645 2.362668018401713e-10
2646 6.947551856749967e-05
2647 0.9158234997626474
2648 5.177834040181879e-33
2649 3.6245050699785935e-06
2650 2.3580864367650225e-25
2651 1.0260651196482691e-05
2652 0.037608327855875236
2653 0.000399606802015181
2654 7.209835060929791e-07
2655 1.1051534900980127e-10
2656 0.00177480686676065
2657 6.192316650557662e-07
2658 4.200561325642906e-09
2659 2.1747304963278148e-05
2660 0.7090282087862321
2661 0.0026054382748155907
2662 0.7143112188285193
2663 1.8367958502202125e-08
2664 9.856683600749862e-17
2665 2.14225209452525e-08
2666 0.7388374765639042
2667 1.736619349961872e-36
2668 0.0010062718127417727
2669 0.005929562904528959
2670 1.2555944803249118e-07
2671 0.0021056475200873876
2672 3.1663589596988334e-08
2673 0.5874195401806593
2674 0.00012503105934792843
2675 0.8975907541858013
2676 0.0013039466763905222
2677 3.0510493610124567e-05
2678 0.004238970815021172
2679 0.0007123115332633433
2680 0.43360303011760376
2681 0.8209161136088339
2682 3.5535231878743126e-05
2683 0.9141657526766207
2684 1.0017425635226318e-31
2685 8.679793927797036e-06
2686 3.5735280546093336e-12
2687 1.040087133871315e-14
2688 1.4051104904939062e-13
2689 8.216660695874891e-08
2690 1.9751877116930586e-10
2691 0.4192865746811851
2692 0.0008121745068359066
2693 0.401437160938191
2694 2.488545268349788e-13
2695 0.00035363273805921036
2696 0.8405590187285304
2697 0.27103653562059693
2698 0.0011249809901472244
2699 2.5018873560536702e-05
2700 1.0665403916204648e-09
2701 0.00016421460025914584
2702 1.0700990055538387e-05
2703 0.003118421771833139
2704 1.732272692461838e-05
2705 2.206345293594664e-11
2706 1.162606984548519e-17
2707 1.2530738389116396e-17
2708 0.001084507628666875
2709 0.8192811959601612
2710 0.0001795942741834676
2711 3.022154378179669e-05
2712 0.0003626176288154976
2713 0.17159170261754017
2714 9.295255019535732e-05
2715 7.014820702299527e-10
2716 3.992979862336739e-15
2717 3.4623194179101726e-10
2718 0.00021892151509817628
2719 2.92132760084718e-13
2720 2.410604910717232e-10
2721 6.259976628407444e-07
2722 4.997490132193621e-10
2723 0.49505209314790266
2724 6.358026839303843e-10
2725 3.7605380538904105e-09
2726 2.6475424594302913e-05
2727 1.767291887634951e-05
2728 5.621837724231041e-09
2729 1.2165132457971356e-09
2730 4.953831276206462e-06
2731 0.9152956709440858
2732 3.7555225484183716e-08
2733 0.0031626765081437893
2734 1.2866749394926324e-16
2735 2.3471258753462035e-09
2736 0.0006922253998950738
2737 0.00018820482041020253
2738 0.028542292273705163
2739 1.0804668590360957e-11
2740 1.0031069684170678e-15
2741 0.015050613464002745
2742 4.5587806894176646e-10
2743 3.9689963102653476e-10
2744 2.0318316154111057e-05
2745 5.006264658428517e-06
2746 4.116276487242023e-06
2747 1.1453086066773954e-08
2748 0.6531327025624148
2749 0.8235649811922445
2750 1.3150258566954855e-18
2751 0.7904635350494158
2752 4.70432245714598e-14
2753 8.19866366210013e-08
2754 0.00014643075066835044
2755 0.0037602830314121347
2756 0.00035511452183115176
2757 1.788690814157404e-06
2758 3.4131702221152216e-07
2759 0.11009939781111869
2760 4.991713821943884e-12
2761 0.00018805653923235577
2762 0.05496801090462488
2763 1.4284591172067326e-11
2764 2.0625820026723848e-09
2765 0.3007785191715368
2766 0.8168039226172737
2767 2.3109867567730905e-07
2768 0.00127205994313178
2769 1.5961480722031296e-05
2770 0.00029543398004006397
2771 1.7175776160203032e-12
2772 2.882922201043554e-08
2773 8.09211001664719e-06
2774 1.467712440849483e-13
2775 2.902003062582089e-07
2776 0.015975848687745837
2777 0.01116906484343624
2778 0.02626568829449378
2779 2.2431181067477603e-06
2780 0.007396546263703699
2781 2.0654684161137974e-10
2782 0.28538379534135044
2783 0.020998257906785736
2784 0.02218143285970422
2785 1.4764567722147257e-05
2786 0.03108174278706486
2787 0.8936938983637676
2788 0.004449601477932453
2789 0.02981414110946995
2790 1.5458040613959995e-12
2791 0.8648132473546852
2792 0.03184382253583121
2793 3.460045267834595e-06
2794 6.463543444918202e-08
2795 0.002526726484784352
2796 0.0007214085663921998
2797 0.00014412757080720545
2798 0.0006734944917225138
2799 0.015367200607231733
2800 0.00016172853916226313
2801 6.636876471832799e-06
2802 2.645255191292377e-09
2803 0.00019840667069468673
2804 5.05668953915511e-08
2805 6.609483763468932e-09
2806 0.00033712164343807936
2807 0.01343504680594929
2808 3.5550494330058527e-07
2809 0.7992951736224522
2810 0.01860659880752301
2811 0.17926344730136387
2812 1.5497004441699282e-14
2813 9.235403808127819e-07
2814 1.6027665794360152e-10
2815 4.0245313520607227e-13
2816 1.443972407971195e-07
2817 1.3825230941432403e-06
2818 1.6297528253326e-08
2819 2.775817146080986e-10
2820 4.924573211118963e-06
2821 1.902085956297565e-12
2822 3.988800004352039e-10
2823 0.1888086412372497
2824 5.0561934121641955e-05
2825 1.464583245111844e-10
2826 0.02118019557850245
2827 0.007766668160378752
2828 3.948121288017836e-13
2829 0.031202008349663406
2830 0.08234435261676576
2831 0.05475049674442834
2832 0.042528548196411255
2833 1.7159839129681715e-08
2834 0.013406700269363076
2835 1.044705473026704e-11
2836 0.06526937266808816
2837 5.1266671685689926e-11
2838 1.8292427271445786e-08
2839 0.07189636814170226
2840 0.0003578577609082788
2841 0.07326167826003993
2842 0.2765796740975322
2843 0.13817577404031922
2844 0.06979422916387613
2845 2.980670734420445e-11
2846 2.5468643613351824e-13
2847 5.291138548427453e-05
2848 3.206264217291595e-08
2849 6.490643553511817e-09
2850 5.499791842114884e-05
2851 9.112702223622939e-05
2852 4.729909169348156e-13
2853 3.786133195572101e-09
2854 2.1237372822769257e-09
2855 0.00021049336813498215
2856 0.061350303563068545
2857 3.433593698729502e-19
2858 0.027395462828008164
2859 0.005787413556461934
2860 0.00015046986994088634
2861 1.2985291051184786e-05
2862 3.8246381441626057e-13
2863 0.037242730532080576
2864 5.3201596115319665e-05
2865 7.014631155950907e-13
2866 0.05548177981973938
2867 2.394425357315974e-11
2868 8.343412880055026e-08
2869 0.0062934137194987265
2870 1.5484064332633473e-12
2871 3.61281813535523e-05
2872 0.02604183184691144
2873 5.495583922438172e-08
2874 4.69955175567753e-14
2875 0.0003734551456402892
2876 3.4726205909668994e-05
2877 2.4583419999346236e-09
2878 5.241128755732642e-08
2879 5.347406404934539e-14
2880 0.009685795406512768
2881 7.407452869340387e-05
2882 1.8873556149132363e-06
2883 7.548533376399291e-10
2884 0.00012269451574159804
2885 7.542991507790686e-12
2886 1.9034491655411656e-05
2887 5.358561384319462e-15
2888 1.121544612314847e-09
2889 1.1755983326630974e-10
2890 0.7178235955613487
2891 1.6489847321463683e-08
2892 2.7884472109468035e-06
2893 1.0726123590535285e-12
2894 1.7038957534627916e-07
2895 7.048455224276391e-10
2896 3.055167793560437e-08
2897 0.24072275808842386
2898 5.989841149412145e-10
2899 0.12481910405964848
2900 6.788078982184391e-07
2901 9.069951355236657e-11
2902 7.013631035965924e-07
2903 0.1361023832518363
2904 2.1132695740164257e-13
2905 3.2773303945513695e-05
2906 1.808767947085966e-08
2907 1.4715522496802e-09
2908 0.060657727187163446
2909 0.6751881327701843
2910 8.773245166074503e-05
2911 0.5628604308269857
2912 0.00016454920032215803
2913 0.0003986494256064284
2914 0.07811982463971885
2915 8.491286131322187e-16
2916 4.82260356429133e-09
2917 1.3567970504391415e-09
2918 0.5162601146399217
2919 2.4050433518480287e-06
2920 6.567724547904754e-06
2921 3.2669000954338804e-14
2922 2.462238886246195e-08
2923 0.09497518766895051
2924 1.2052819372636482e-08
2925 9.234021059896539e-05
2926 0.034861331080665796
2927 0.03638045662662049
2928 8.035232591149967e-09
2929 6.513785910432277e-13
2930 0.03306394331962226
2931 0.010023150623656472
2932 0.004329405388709645
2933 0.062200679135152016
2934 0.05168927819202593
2935 0.10104975869241638
2936 0.01758185594343293
2937 0.012967784265683697
2938 1.522740159842465e-08
2939 0.07015367988250182
2940 1.7245563480899872e-07
2941 0.08930331986415105
2942 0.20289409956152238
2943 0.02304924477196961
2944 0.0013844381984853833
2945 0.40988623694143916
2946 0.09321397572418073
2947 1.473141715096246e-06
2948 0.022340140291090636
2949 0.045417930805762396
2950 8.283424196638462e-14
2951 2.3290000064990123e-22
2952 0.22795440276481413
2953 0.0322380111096436
2954 3.343027494383785e-09
2955 6.868168936869695e-12
2956 1.1047618066418563e-12
2957 6.944758046268427e-08
2958 6.613169885825789e-09
2959 7.125478395248099e-11
2960 0.09977442055634472
2961 0.07214973988562626
2962 5.720350901831057e-05
2963 0.056202739361384806
2964 0.018511246771413793
2965 2.4652188780444613e-09
2966 0.011958583360935929
2967 0.049840251311497295
2968 5.3151436170526015e-09
2969 2.595370270563239e-07
2970 1.3162773185167297e-08
2971 3.848486612582851e-08
2972 6.628734390608517e-10
2973 3.207393876620182e-08
2974 0.027399841606785644
2975 5.936844921715885e-10
2976 1.710178211068271e-14
2977 0.06623878083177112
2978 2.7504799707656924e-07
2979 0.01678643514408802
2980 2.760270157769712e-13
2981 5.771504498633586e-11
2982 0.0166943188812267
2983 2.745652571076776e-11
2984 1.947057184986706e-09
2985 1.349001737061833e-08
2986 0.1456564059956735
2987 3.911819291376857e-06
2988 0.04037101134187611
2989 6.937985935191532e-07
2990 6.241305984127473e-06
2991 0.08396441834673397
2992 0.061135061662982534
2993 3.3848710371828776e-05
2994 1.1660676258366511e-12
2995 0.00011562532595390602
2996 5.324969882537828e-07
2997 9.067004093131463e-14
2998 0.0009880121816956736
2999 0.052887588743762946
3000 4.2230869151444555e-27
3001 2.3678506245870942e-07
3002 0.0012196880879574677
3003 0.036661058356613194
3004 0.00010575611985652509
3005 0.0008014364170791828
3006 7.35116027227997e-08
3007 0.00013123934333562751
3008 1.4037190988502255e-17
3009 9.555733956418056e-09
3010 9.604070493480772e-07
3011 3.544310547945658e-11
3012 1.853207021025937e-06
3013 0.020930835184499223
3014 8.553409035516654e-07
3015 6.005924708766033e-08
3016 6.473271650907301e-07
3017 4.439765228356663e-09
3018 0.31584482515762025
3019 3.463177328798657e-09
3020 3.6748704074206015e-10
3021 1.22639278717313e-06
3022 5.4602270827896966e-08
3023 2.0359523729460147e-08
3024 0.29515486260295365
3025 3.321559656814451e-09
3026 0.3647540850294816
3027 0.3317299032232237
3028 0.276402521130819
3029 0.427065150692505
3030 5.795340004872535e-32
3031 2.652291435465717e-09
3032 0.28961624951541637
3033 0.20840248197121725
3034 0.43246005481910577
3035 5.516230936622209e-10
3036 0.2878604150660632
3037 2.6612256637590576e-06
3038 0.3321899198272528
3039 0.222265063811822
3040 8.61856186448101e-12
3041 0.3918123995600408
3042 1.9971561996001262e-07
3043 0.2378920092337641
3044 0.22420464709577748
3045 0.001713250692305662
3046 0.23088667020987155
3047 0.21164517675366695
3048 8.834119734036963e-10
3049 1.348688497008271e-22
3050 1.1734060594572106e-15
3051 2.63416355503745e-13
3052 2.503982528688745e-12
3053 1.013745329816909e-30
3054 0.17539800067952063
3055 1.1839940915688392e-08
3056 0.2583782742693601
3057 4.239965870579575e-21
3058 0.16102290261154167
3059 1.8494129668594266e-07
3060 0.3440142300694664
3061 7.047693959296346e-08
3062 9.320542869386907e-06
3063 3.040574433502739e-12
3064 4.94223453859962e-08
3065 0.0031685796324071613
3066 8.961691391782853e-09
3067 1.60888510255331e-11
3068 3.0114394154049765e-09
3069 3.0232779100680847e-09
3070 2.0188169296475595e-09
3071 1.4574888666145253e-10
3072 7.252937120157625e-10
3073 2.3116292664172724e-10
3074 1.973415293832025e-10
3075 0.00418549506278118
3076 2.2297929259443384e-05
3077 2.184349163572658e-06
3078 2.3512552059883294e-32
3079 2.9082541304494305e-12
3080 1.8723194834241305e-26
3081 0.002157845410682934
3082 8.020105868461272e-08
3083 1.273453950692014e-07
3084 7.74816503249835e-12
3085 3.076810428955385e-13
3086 4.912510588298779e-14
3087 2.6287867120880884e-13
3088 1.7461284304815883e-13
3089 7.093501163431203e-14
3090 4.097903593722704e-09
3091 5.3965440967752557e-17
3092 0.06793065406705792
3093 2.4446052411894017e-16
3094 5.79699048261304e-16
3095 1.0905007714832128e-18
3096 1.3190987976229845e-08
3097 0.004267863508871776
3098 8.785154302864785e-14
3099 4.461448043466137e-05
3100 7.623178439602411e-05
3101 8.686217524848409e-10
3102 2.600952523694606e-19
3103 4.961831848733529e-18
3104 1.0729406853478314e-11
3105 2.68726281157847e-31
3106 5.752007083196612e-14
3107 1.1477769625872026e-12
3108 0.0003628891884082544
3109 0.002410453234076083
3110 2.5577438397628118e-19
3111 1.0610519165005137e-12
3112 0.30836858481835233
3113 0.38007601914385636
3114 0.40690046138699265
3115 4.6464882172782626e-24
3116 1.194448127179744e-24
3117 5.27022937954012e-06
3118 6.5889390842953685e-06
3119 2.0587362958860603e-05
3120 0.17715837738849588
3121 1.1587349892622248e-05
3122 0.5024630548711472
3123 7.067481848436026e-12
3124 1.2623820562656637e-08
3125 0.16841077064668322
3126 3.778777554007734e-20
3127 0.4377834266362925
3128 0.0038414873007404722
3129 0.11451314895718694
3130 2.7900580427547705e-22
3131 1.6372078007966216e-07
3132 3.6502079603764717e-07
3133 0.0006319072034712414
3134 5.561231640488958e-09
3135 0.00012373206793906105
3136 1.0360798478850144e-12
3137 0.001070759562242308
3138 9.37523400995574e-11
3139 1.282401837654952e-10
3140 1.5409608403580267e-21
3141 1.8963231513505036e-09
3142 0.01160840460709092
3143 4.994598104767666e-10
3144 0.0022569847070398694
3145 1.3772581642163576e-06
3146 2.12500928748749e-15
3147 1.583249933133129e-08
3148 1.0109479677516522e-13
3149 4.3689235049618953e-14
3150 1.507272696341694e-13
3151 4.808181147086549e-16
3152 2.7764139005782846e-23
3153 0.0017014991531429408
3154 1.587269841557719e-30
3155 9.3093534225751e-45
3156 6.998908273564195e-07
3157 2.9664320996304627e-13
3158 0.0009850941884977486
3159 0.0005880916363010288
3160 0.000990154208014346
3161 1.9831944529146596e-12
3162 1.2161338097355842e-06
3163 1.4810108605851022e-13
3164 5.807670877842128e-26
3165 8.502835269525823e-12
3166 1.012452203619159e-14
3167 2.5432821141990726e-07
3168 4.3854161534772235e-06
3169 2.9284401070584546e-14
3170 3.320467714191019e-15
3171 0.0008795126149462855
3172 2.2534144020600445e-21
3173 7.174336219820246e-13
3174 1.8817559025332053e-14
3175 5.034100779677174e-11
3176 7.3799981797746065e-06
3177 5.295739429483737e-07
3178 5.496479820232014e-13
3179 1.568711432513275e-15
3180 0.0425213684958107
3181 1.6688599287230914e-06
3182 2.226167423034502e-06
3183 1.2701269897198228e-09
3184 0.0016304482000734876
3185 5.987113896777539e-19
3186 5.858327454302321e-30
3187 1.1333269237528424e-16
3188 1.6669416762450192e-12
3189 2.1112544449321734e-13
3190 1.791302010064323e-23
3191 8.749845205211282e-17
3192 1.0336605261384324e-16
3193 0.013483285619323822
3194 0.006189142289284417
3195 0.008799873543753358
3196 5.827115267695091e-16
3197 1.0604888664692204e-06
3198 5.776577820920433e-14
3199 7.369668245122362e-20
3200 1.8110642324148397e-16
3201 3.0373141274050937e-24
3202 0.010753147242623006
3203 1.285229903178688e-14
3204 1.8613661371134205e-10
3205 8.750120348085126e-10
3206 0.000201655136681136
3207 0.0004003254229100418
3208 5.652788243574332e-20
3209 9.785514638385781e-17
3210 1.0207832931909935e-20
3211 6.655583747087384e-06
3212 9.267265928347047e-14
3213 0.022924472983768325
3214 4.0684430822958494e-22
3215 3.5827541312034715e-23
3216 1.246057497959642e-14
3217 0.03067853574794013
3218 4.083759241734069e-06
3219 3.277975727551649e-07
3220 5.507569945828175e-10
3221 7.2005606162868435e-12
3222 7.97081440974816e-21
3223 3.094881912581442e-10
3224 4.264933232387418e-20
3225 1.1152409273160865e-10
3226 3.8115668544062674e-12
3227 1.930711611364731e-22
3228 8.619369728469712e-14
3229 9.257332309647312e-15
3230 7.627372375586568e-13
3231 5.7813562827558015e-12
3232 1.6916097129561907e-17
3233 2.7776508160017445e-10
3234 5.872328782546499e-13
3235 3.0532356441896394e-17
3236 4.892758058428179e-18
3237 9.976894878922666e-14
3238 4.956820951175733e-08
3239 0.0001680009229981095
3240 1.8567322159237817e-08
3241 1.8032520293882232e-19
3242 1.0311029589655865e-05
3243 1.5493521342244756e-16
3244 3.8392404890238215e-10
3245 3.3805570248204863e-06
3246 1.2754541590328772e-11
3247 8.713759107592172e-09
3248 6.636275526166491e-05
3249 1.2543941288882796e-10
3250 1.365799972999139e-07
3251 2.912783254691308e-15
3252 9.189714330191329e-07
3253 0.0010475223499979802
3254 2.164643475229222e-06
3255 8.450502979994144e-08
3256 2.2658786312307976e-20
3257 8.916695443304336e-15
3258 3.964541060594603e-15
3259 5.135168906768631e-17
3260 5.633897283100786e-22
3261 5.858247711796722e-23
3262 2.0881081832472427e-13
3263 1.6917120469193081e-15
3264 0.00024064398031958426
3265 7.579851047202634e-13
3266 1.6970994876245346e-16
3267 0.0007334426038869859
3268 6.7598161998887e-06
3269 8.517750990950936e-08
3270 8.930903317693271e-07
3271 2.0815329304905928e-19
3272 7.356333573302136e-20
3273 3.8841601652917857e-07
3274 3.2511049287855195e-12
3275 8.117563200479617e-17
3276 2.856856135822267e-12
3277 5.531521037906167e-05
3278 6.400081316783742e-08
3279 6.568805935546266e-07
3280 8.552166214331652e-07
3281 5.983926653655687e-11
3282 6.4333229474578e-15
3283 2.990224881354983e-13
3284 0.0017243434021248258
3285 0.0032424895726267675
3286 1.7301188751624442e-15
3287 1.506310259700232e-17
3288 0.00029462682979035376
3289 2.101695375382773e-09
3290 4.926038206922815e-13
3291 9.448843703730293e-13
3292 4.896625163872072e-08
3293 3.721974282021244e-24
3294 1.3447844762491774e-13
3295 1.0861288143529385e-14
3296 5.161014601496286e-25
3297 1.0102068039445547e-12
3298 2.0742504409192314e-21
3299 3.615220159378622e-06
3300 2.1065230560882805e-08
3301 1.9475819717497547e-13
3302 5.3098590966984006e-27
3303 6.868228087507349e-13
3304 3.1426550330154288e-27
3305 1.0919776030551357e-14
3306 0.0001118974347612936
3307 1.581657864800888e-09
3308 1.0198552173518739e-31
3309 1.852379016154582e-20
3310 1.5179885927942516e-14
3311 2.2204056167526646e-10
3312 1.4149306077444954e-07
3313 7.065241227400009e-13
3314 2.0091402208686114e-34
3315 5.106512731787876e-08
3316 2.6130321962252024e-05
3317 1.5883569177094862e-22
3318 1.0331527240798e-06
3319 4.992378776537116e-36
3320 8.779270186820133e-09
3321 3.4504327577898175e-17
3322 2.6270124483914508e-08
3323 1.9743649475373795e-05
3324 1.1287874706556754e-21
3325 0.00012638289095238698
3326 1.00709916287762e-12
3327 6.634271417320177e-05
3328 3.036494079986363e-08
3329 1.5649846506134868e-14
3330 2.4554047937246918e-09
3331 1.2732562667922912e-06
3332 1.8609327893577275e-06
3333 0.0001800634657327676
3334 8.17077229260523e-17
3335 0.002628775072347569
3336 1.4226700146600531e-15
3337 1.3369718393978978e-08
3338 2.1100699522338975e-29
3339 2.825409279832957e-05
3340 0.0012775500017864615
3341 0.00011317394914801265
3342 4.998957411520815e-15
3343 7.943137926507259e-21
3344 4.729657618253928e-13
3345 6.43091635487355e-07
3346 6.499980049007503e-33
3347 7.697320062295163e-14
3348 1.938675146973923e-28
3349 1.4476277984794915e-12
3350 0.04053384361142282
3351 0.00022652799176100234
3352 9.902435677477773e-14
3353 5.396544273025415e-24
3354 0.018334757751959713
3355 2.7382757425158766e-15
3356 1.9319892771638507e-06
3357 1.277913425223929e-13
3358 4.7315248559062735e-17
3359 6.092917114374287e-16
3360 6.355736869186324e-05
3361 1.5795876060241472e-16
3362 1.7186478297119803e-16
3363 8.050052427380142e-10
3364 0.0012582848671911914
3365 4.768505784626719e-17
3366 4.0212307342131116e-28
3367 0.010089140072328988
3368 1.114814330019441e-21
3369 4.4465581345327795e-07
3370 2.2368530441304515e-15
3371 7.59978759747684e-06
3372 5.714006935172445e-05
3373 1.548994044868355e-05
3374 0.007252107525704598
3375 1.7655864058042777e-20
3376 8.669812432340612e-10
3377 0.006740853126713103
3378 5.26382309604019e-06
3379 2.0433873599542616e-23
3380 1.4271489642567627e-26
3381 4.179445597574571e-05
3382 2.976467821511846e-07
3383 1.7091149409753765e-06
3384 1.0349233021558e-33
3385 0.0011932987403140338
3386 1.1664476035212614e-07
3387 1.0490908798417439e-16
3388 3.077089760429636e-11
3389 1.201414592298042e-13
3390 0.03527345828067317
3391 1.4057345500410286e-09
3392 3.631784047129794e-07
3393 7.318580987223758e-08
3394 6.934328263995159e-06
3395 4.078117115337449e-21
3396 0.0004971974527140766
3397 6.994235494116205e-14
3398 6.205537367722151e-15
3399 6.298402794065031e-07
3400 8.422898741059273e-12
3401 0.00026696425823455593
3402 2.2546981964065935e-11
3403 2.6858362662333786e-07
3404 1.7251777332690034e-08
3405 2.6534240035165803e-10
3406 8.580743329262462e-15
3407 3.160496579202026e-11
3408 4.576547800653712e-28
3409 0.0017026455095051063
3410 1.8320390778463142e-08
3411 1.3914994079214996e-06
3412 5.608487677214003e-08
3413 1.1218170154200373e-06
3414 1.3267493528039117e-15
3415 3.7688317776727417e-06
3416 7.305636262039744e-13
3417 3.24382837181124e-16
3418 5.5154550061562204e-08
3419 5.590821624075441e-10
3420 4.1234606197915344e-10
3421 2.380997432659821e-17
3422 1.759126111073166e-17
3423 3.434658375245688e-05
3424 1.5147031197016922e-13
3425 1.259708371356761e-13
3426 6.704639676339688e-22
3427 1.1185817211391118e-16
3428 2.239818483436091e-11
3429 1.4828562712442553e-21
3430 6.449598463620582e-16
3431 6.35700336434632e-10
3432 0.00010377199101721937
3433 1.3556566291653752e-06
3434 7.4987054619301e-06
3435 4.015050239388031e-15
3436 1.9965965576584409e-13
3437 1.0208187380980267e-15
3438 8.664390672000222e-14
3439 1.2555181044151832e-07
3440 1.009437404457313e-06
3441 0.019532302848367936
3442 4.456060975498132e-05
3443 7.653932745176545e-08
3444 4.109929054674033e-14
3445 3.0080368877242077e-13
3446 2.7630003175820512e-09
3447 1.5325640198438387e-25
3448 3.263562874467569e-13
3449 5.05026497444214e-15
3450 1.7241727067747748e-19
3451 0.023985552380369958
3452 3.9968374063980505e-12
3453 2.9561846816779233e-14
3454 3.73906122976451e-17
3455 2.3870676963726917e-28
3456 9.785917072363427e-15
3457 2.1928901908266665e-05
3458 2.530066703508786e-12
3459 1.385539716243911e-16
3460 3.010199983676918e-13
3461 5.115855781899364e-13
3462 2.9139295679109063e-32
3463 1.2574329845085199e-05
3464 1.4501389846127138e-15
3465 1.1619796123407172e-25
3466 7.1316478447826e-19
3467 0.0034174548859670483
3468 1.6443038534075448e-06
3469 1.2912076469099597e-08
3470 1.1877802403156252e-06
3471 4.971252462995241e-16
3472 4.622481000249381e-25
3473 2.5477351520729204e-16
3474 7.861430637522179e-14
3475 0.013312888980502945
3476 1.9392196654547922e-13
3477 1.7196558546879893e-32
3478 5.824645211628614e-07
3479 1.1723140619228629e-14
3480 1.665792209148542e-05
3481 1.5316375654181732e-19
3482 2.9216888229864493e-15
3483 5.738667893125311e-13
3484 4.1875685422704164e-15
3485 1.0360611503093711e-07
3486 6.667920344930923e-05
3487 0.004424806156692714
3488 2.916695770692277e-13
3489 1.3099116289067343e-08
3490 1.8800462553488994e-06
3491 1.8117580098227525e-07
3492 3.7306628428074244e-08
3493 7.140492400442089e-13
3494 1.2303179202436713e-13
3495 5.598247959182933e-09
3496 9.745279120203964e-11
3497 3.602385262608355e-17
3498 1.416291891899907e-24
3499 3.590598029797609e-12
3500 1.8862273903500193e-06
3501 3.740932831097103e-16
3502 1.4889595759632335e-13
3503 1.9254177717385576e-16
3504 3.2647592393384233e-11
3505 0.011175362750003413
3506 1.1147300084451263e-05
3507 1.349820950304399e-10
3508 1.2446128959453367e-18
3509 1.4778023538365244e-10
3510 3.3277751561768454e-12
3511 1.164304790282795e-15
3512 3.170126090714041e-08
3513 1.2071677420208427e-06
3514 3.553557589647265e-16
3515 2.8384427143165044e-06
3516 2.6512299829351647e-22
3517 2.3379492607584677e-06
3518 1.6220770857608797e-16
3519 5.968111626208097e-13
3520 7.587715914946866e-22
3521 0.00916520137876293
3522 7.242914320357803e-20
3523 1.6271583425762368e-20
3524 1.4473734763985073e-29
3525 0.02109978768929209
3526 3.5784468148571275e-08
3527 1.3752971116503423e-31
3528 3.154680045551746e-31
3529 7.754315217701928e-16
3530 7.090026069250505e-25
3531 1.9193863597143807e-13
3532 9.295864860595719e-13
3533 0.016710117436492682
