0 6.704755766871078e-07
1 7.070733250876469e-05
2 2.0839722610281443e-16
3 0.0002301285656546777
4 3.7455431440855137e-07
5 8.129070749149196e-08
6 2.031344384668853e-13
7 5.880389490179045e-18
8 2.569069376058432e-22
9 3.557001627954021e-34
10 3.8076019318702055e-11
11 1.726614802379135e-15
12 9.320684256787346e-08
13 1.1264893302389173e-32
14 6.548050303023874e-07
15 7.024880073084085e-13
16 4.443221599667677e-15
17 2.334294753239595e-10
18 1.721155731348158e-17
19 6.358461090832923e-19
20 2.6148081266600166e-13
21 2.5320596083228473e-14
22 0.0006422511251679312
23 3.6725396549240467e-13
24 0.0011898413993987648
25 0.0018920608102960144
26 6.59507545093914e-29
27 4.807572225881165e-32
28 3.810555402490003e-09
29 1.8364967491035877e-09
30 2.1265196297465526e-32
31 0.006507464616599274
32 3.906785590580075e-49
33 1.434037215762499e-12
34 1.924586347482482e-09
35 2.002728268124819e-17
36 1.0632106755710386e-06
37 4.916488146327187e-12
38 3.548123582409653e-05
39 4.95799636167562e-07
40 2.6528435179030316e-23
41 3.0294571271325844e-31
42 1.1427563754113394e-15
43 1.858960942247643e-08
44 1.7194982313342118e-12
45 2.3168858503604473e-07
46 1.3224132067519947e-06
47 2.4447524814062063e-05
48 0.004557538904875162
49 4.516837718565309e-10
50 2.48875639271297e-06
51 2.995087231085889e-16
52 2.774775077849792e-13
53 8.665301421861131e-12
54 1.9168348131200706e-07
55 0.00016391553127493474
56 3.630593207858684e-09
57 4.871375087957821e-31
58 3.4295153495362506e-08
59 5.2411041417824655e-06
60 0.00015772009029421942
61 1.6800666074202152e-10
62 2.2847627327516035e-05
63 5.4074651932959485e-05
64 1.1113432986552893e-10
65 5.23748845809332e-07
66 8.523286818364358e-07
67 4.902436814248857e-26
68 3.4982353380562995e-12
69 4.2113986145632426e-05
70 1.0279091856370426e-09
71 0.007279604364378915
72 2.5239659878201715e-40
73 8.385899139795864e-48
74 3.7229072107904603e-14
75 4.5409721841824975e-11
76 0.0030084574665571536
77 4.4491718261136004e-07
78 0.005539251734761934
79 0.0009040391973851047
80 1.0607525966711671e-10
81 2.6524811294052718e-11
82 1.1063119135216578e-10
83 9.127906007455341e-42
84 1.6867225854232158e-10
85 1.7396162757163096e-07
86 8.87507688833916e-08
87 2.8874665670488307e-07
88 0.0030781659395719154
89 4.859089438982686e-06
90 5.585315900146925e-10
91 4.95939906459577e-10
92 2.327188057444686e-16
93 1.1835260268585422e-05
94 5.246941687443829e-35
95 4.429038934097747e-31
96 1.4117456464092704e-18
97 0.0020978235113650046
98 0.0001798330087085402
99 6.470848538659549e-06
100 5.192864287988656e-10
101 1.392186002136974e-05
102 0.002499029605195474
103 0.00010618940392897094
104 7.606811525198582e-10
105 5.002629780279981e-32
106 4.3650602327425484e-20
107 4.3055329298825296e-07
108 3.801481426732419e-12
109 1.033492955167919e-06
110 1.3362577828091161e-08
111 8.483922557192588e-40
112 1.828088479712171e-05
113 1.8458043799743655e-24
114 5.589278067459112e-05
115 1.3728370114443343e-12
116 4.6283795135512464e-11
117 2.425956920582159e-15
118 2.0508378009152005e-10
119 0.00021942512991811452
120 1.810555862574898e-09
121 1.3969696468497658e-10
122 2.349097713552733e-12
123 5.497662649622357e-17
124 4.504624165399973e-10
125 3.282428514455283e-05
126 2.6804845382550514e-08
127 2.2349039875754173e-05
128 2.8545353600808475e-06
129 4.298946033610641e-08
130 0.0015255996307570097
131 8.942975951396859e-49
132 1.3679727209988886e-08
133 1.2711213687372998e-11
134 2.626996977761491e-11
135 1.1690744564421807e-41
136 2.6339271419929207e-10
137 2.0931265678353478e-22
138 3.358564474347237e-30
139 1.6282348586839108e-07
140 3.1334978740324625e-08
141 5.886216594702174e-06
142 8.889339874970303e-06
143 4.4760618393440593e-13
144 0.0047637798168273975
145 9.910576359589371e-06
146 5.854979329197532e-07
147 0.0032691596475886127
148 3.086453942895893e-23
149 1.2642756955691892e-09
150 0.00145254813844744
151 0.0017017289956860813
152 1.954802597609489e-06
153 4.115262926649564e-24
154 1.2921342866243375e-11
155 1.5125444250356222e-08
156 0.005443458724534647
157 1.084357271061872e-06
158 9.36654093327132e-09
159 6.23003642770775e-06
160 5.45616922203434e-07
161 3.1652408214004836e-12
162 6.247925219147645e-40
163 1.152335023855653e-06
164 2.587900925577871e-11
165 4.2089860244875655e-05
166 1.386654964212635e-09
167 2.4436534766628147e-05
168 9.755372046490682e-29
169 8.928480870116956e-10
170 3.8614101672601176e-10
171 1.5987529859922734e-32
172 1.1188340587116674e-12
173 1.0434546882067928e-10
174 5.01984521490536e-07
175 1.0541458860355206e-09
176 5.518457200851351e-19
177 0.0014253608855332404
178 9.394069062425568e-11
179 1.0727984253384916e-19
180 0.002799502129495384
181 3.794139617124461e-36
182 5.497792558954411e-06
183 1.824940341166741e-11
184 1.433215610034523e-05
185 1.4176070752545151e-06
186 2.6036488936300977e-07
187 1.5587387208709092e-06
188 2.352534644566887e-09
189 7.249812983162171e-08
190 1.599318386368414e-06
191 4.284852480104628e-05
192 0.00010349086576408475
193 2.7751441703277544e-38
194 3.574514009019307e-11
195 4.4396220997084385e-10
196 2.2368838167708093e-10
197 8.210548771359603e-16
198 9.515613879198185e-05
199 1.1656956285319765e-16
200 2.2497504222096034e-05
201 1.2130015860676256e-08
202 3.997547469152488e-07
203 1.1703087882949457e-23
204 1.2963853643167431e-12
205 2.866735328103319e-12
206 3.066958519524023e-11
207 3.22440224203674e-14
208 9.228628442721105e-05
209 3.0917429881610526e-08
210 9.598621209359545e-25
211 0.0014423681351362055
212 1.0706236729223938e-06
213 1.13311690336852e-22
214 2.0701922547944015e-06
215 1.560252679956026e-12
216 7.142929588565358e-30
217 3.5360158535143755e-12
218 0.00043715610794517755
219 2.437043674280461e-07
220 9.434093346586147e-19
221 1.2258777347460374e-13
222 8.087667811100202e-09
223 5.759971873884968e-11
224 3.077250238022716e-23
225 4.470498375691775e-06
226 1.668165213898086e-06
227 8.002033306719978e-32
228 8.955632982298986e-06
229 2.3662699202426622e-14
230 9.569844999097835e-11
231 7.826141176727963e-11
232 5.8191258827300556e-06
233 3.897817454293962e-06
234 5.0257775830773056e-11
235 2.4215942808253596e-37
236 8.403136205006538e-06
237 6.259298736188503e-32
238 1.7640075962288057e-08
239 5.617165866667968e-25
240 1.1915377391442517e-07
241 1.70901766462894e-05
242 1.648470181912798e-24
243 6.049662883164566e-05
244 0.0023505479546091475
245 8.661818852551444e-28
246 2.1521223287039203e-29
247 2.0420463723687306e-07
248 1.1186310038112044e-49
249 0.012341808691144436
250 3.085996174841729e-06
251 2.4504938662903618e-48
252 2.900602598500957e-05
253 3.262282899530659e-09
254 2.0455169791782005e-27
255 4.782412894568937e-08
256 6.493137164699787e-12
257 6.2318973361904744e-43
258 4.2829319325339515e-11
259 3.597562195629634e-29
260 3.4852629880873664e-14
261 9.508115997486998e-11
262 1.6330084716551555e-05
263 0.035424460955258766
264 2.105687140467175e-07
265 0.04067099939950443
266 6.608788436098584e-20
267 4.849628308526357e-05
268 3.791227850803908e-05
269 0.003298102146004657
270 5.0991629736792187e-08
271 0.0011731307481120563
272 0.0007715867322388402
273 1.0712122678784562e-21
274 0.030441604868813775
275 1.3481843931391875e-11
276 0.20067301574798246
277 0.203205429554222
278 7.603841384470622e-11
279 1.3816709620809208e-32
280 2.052849985590901e-09
281 4.19725152819031e-05
282 0.016442831123735284
283 2.440659672935676e-41
284 1.4817965863472395e-07
285 0.0013536874190879236
286 0.0029390015578995886
287 3.494134355017381e-18
288 5.6258666893499024e-37
289 0.0022329233422307628
290 0.010514887988601134
291 0.0014558708259879908
292 0.3563773354637807
293 4.235333148852915e-07
294 3.399023010199695e-35
295 0.0014989821770622963
296 0.022629354147606365
297 0.005561282557749051
298 6.296626659794886e-05
299 0.005100360445173096
300 1.963356976970717e-08
301 0.03817575874570266
302 0.00021279376619239533
303 6.213968827214616e-29
304 2.9440241656803263e-06
305 1.376223051360869e-07
306 1.4888422094889145e-05
307 0.002279441935204247
308 6.108170144297243e-08
309 0.018884996740202938
310 0.00474815334344048
311 0.16416578051436645
312 0.009171370629273572
313 5.3232867734149666e-05
314 1.6831917313959811e-09
315 4.775208809945697e-06
316 0.01040363777277129
317 0.029864573089056108
318 0.23837734181681314
319 8.502700568266241e-11
320 8.07034830926967e-10
321 0.010719282484643494
322 1.112922352808077e-08
323 0.012604701840657609
324 0.0007429613107355316
325 0.00619575991616863
326 0.057584067944553285
327 0.012783303235884882
328 5.922076385318369e-15
329 0.007785905853081714
330 0.007913324513338293
331 0.000416198947828013
332 0.5374473088808738
333 0.002038078358651818
334 0.6859598274828843
335 0.11552902841200603
336 0.008033961575428522
337 0.6307055768041132
338 0.802449232398195
339 0.005298745733594098
340 0.7622836691773719
341 0.0005226058157652588
342 3.605135956474086e-08
343 0.006628531984056317
344 7.16689581518528e-10
345 0.007045421672348019
346 0.010777722583772749
347 0.00654635952477944
348 0.8496486541906714
349 0.8654454236960969
350 0.1825780861334643
351 8.48932160573067e-10
352 1.4441658490345228e-05
353 1.5972978935142117e-09
354 0.7952229301332716
355 0.8623030777336746
356 0.0015789801279871287
357 0.8720196041084083
358 0.16823530356823635
359 7.266401849752695e-39
360 6.149345993531741e-23
361 0.3160774825913197
362 0.008051366183329259
363 0.21586386797823448
364 1.926461661173005e-15
365 4.347663156215245e-13
366 1.1159737931025865e-23
367 9.106691523941445e-05
368 0.017294813862763037
369 0.8293087204867202
370 0.00034099669882731734
371 8.702131623226775e-05
372 0.00048354902889619544
373 3.8360371163195656e-05
374 1.0253707598159755e-08
375 0.6787659485797324
376 0.01207182286065982
377 5.15344992564591e-13
378 2.632378840600652e-05
379 0.7296014922960457
380 0.5957741744132898
381 2.329159617251057e-05
382 1.4625688013371704e-14
383 0.07038899319476515
384 0.4112317641200008
385 1.0629503310161526e-23
386 0.5282457338472156
387 9.17592171615717e-09
388 0.013236281277569425
389 1.1711340690174023e-13
390 0.42654694200501136
391 0.01648992342602593
392 0.059498997945636435
393 0.010816767548532946
394 0.3257715912010809
395 0.08944208043104282
396 0.38774693022712
397 3.4821473493250856e-17
398 0.008349383898416926
399 0.027693856796744635
400 0.014966478794106982
401 0.006102819140413931
402 5.949936873688523e-23
403 0.04716693981378234
404 0.47743477015194985
405 0.024436028794257228
406 0.5334263075781821
407 0.017865742296335724
408 7.406217101468479e-07
409 0.00013484210173452275
410 0.015423896935023966
411 5.349548449193188e-10
412 4.3635083387608385e-36
413 0.25911851063500624
414 9.544699576491349e-26
415 7.50876759469399e-30
416 0.2492578286812901
417 0.410430380675211
418 1.826381974159245e-08
419 0.4933170459892863
420 0.11832167333368174
421 0.0799547904262999
422 0.0034913541683849764
423 2.129433818180169e-22
424 0.265778061534071
425 3.5402021904719895e-38
426 0.105490315787691
427 0.34136667687442473
428 0.3401556058658177
429 3.0371479486453524e-24
430 0.26518928264760777
431 2.2363632269096717e-24
432 0.00013199953994649186
433 0.006242773370654151
434 3.1821082568524886e-06
435 0.0002483417951260049
436 0.4578925615595728
437 0.12945799273032127
438 0.17770399541921728
439 0.002038543648831441
440 0.3400768101343545
441 0.01278655386278547
442 0.0022311702817427565
443 1.4003400159148223e-10
444 2.1003519816653938e-24
445 0.0027921669165394693
446 2.7680266052482616e-05
447 0.4610687227331044
448 9.946012051239993e-21
449 0.0028771283832946283
450 0.019022546500544173
451 4.9600588632358487e-23
452 2.688834668472356e-11
453 4.774201175682802e-09
454 1.441138191578959e-42
455 1.578800529454872e-05
456 1.0010811895714825e-07
457 8.1736092948612e-11
458 0.49535555343086246
459 0.00048006382891052337
460 7.173203301225936e-09
461 0.01986053376023141
462 4.033791476983113e-23
463 4.23731502705965e-05
464 0.46095657528168754
465 1.8897229561034534e-05
466 0.0010183930857861827
467 8.540769519008739e-05
468 0.00952449460813568
469 7.069837216911813e-32
470 0.0015199293649525575
471 0.023944277710181528
472 0.5328320409662907
473 0.0012560068224429812
474 1.9096764917281553e-41
475 1.4033350816604458e-08
476 0.025752190494802988
477 0.023102796307403677
478 2.9001182549162622e-08
479 0.060995099265179126
480 0.5505740055938857
481 0.4537968576722913
482 0.06911821664820979
483 7.751232875469915e-08
484 0.34318543129323714
485 0.5325370804653792
486 0.11896395862399414
487 0.6035232694394806
488 8.978109864798263e-18
489 4.799097847336402e-07
490 1.2828780531542662e-07
491 1.645136762057926e-07
492 0.0005167846149096405
493 0.007535686679339214
494 0.24950222697051774
495 1.2064046380008568e-07
496 0.0422878892013928
497 2.6063016930482445e-07
498 1.0047087344264371e-05
499 0.4244691855480428
500 0.006540031436284691
501 0.0032137554647517293
502 5.2353093235229664e-08
503 0.45060222300715047
504 0.4516581690690313
505 0.3959403831733648
506 0.10169728412927101
507 6.524594155909052e-06
508 8.577130016507853e-09
509 7.38436632369772e-10
510 1.8989749055082635e-38
511 0.19303336506814842
512 0.05273128261278885
513 0.003445162002258811
514 9.198912981762733e-08
515 0.008755184418323451
516 0.0358317850766237
517 1.0118387872048118e-12
518 0.004029889294410749
519 5.226608244456813e-09
520 3.0573645951919317e-09
521 9.684653068347183e-13
522 2.2748931632107877e-18
523 0.2551764574792697
524 0.0008332844611948066
525 1.6123226424000202e-11
526 3.5862390572642413e-07
527 0.036626649301738194
528 2.6892219689763734e-21
529 0.09324817134075773
530 1.8998015337095402e-09
531 1.8882655939062704e-06
532 3.1949087702156704e-14
533 0.12687602857065444
534 1.7184566150503748e-08
535 0.16778088773107785
536 0.008351371068478277
537 1.8050509909772517e-11
538 1.3225538093741706e-09
539 4.835909972989918e-10
540 1.1450201386355527e-28
541 6.458679785813402e-44
542 0.07882912270915148
543 0.08131132583705923
544 0.5481686257307176
545 0.12562724843683354
546 0.014730239375559761
547 1.9180914912241666e-05
548 0.009597224331516099
549 0.00844483729025607
550 0.03442189219454737
551 4.683728637153361e-16
552 3.3327121876746593e-31
553 0.04076362589452713
554 0.002761226848053235
555 6.632780223115389e-07
556 0.02097451869385998
557 0.0036219494754065828
558 0.018936404405202025
559 0.05545448795977155
560 0.11468310973872213
561 0.009020623965515723
562 0.0013895780881736112
563 1.400431506118594e-16
564 2.4218228152485886e-14
565 1.4055111972060135e-07
566 4.398230128422293e-14
567 2.6270581795727666e-09
568 3.584083204940235e-29
569 0.0006325922137386849
570 0.026854086039067634
571 3.307199305058088e-22
572 0.07318507901971796
573 0.006888279845734383
574 9.356372175356338e-33
575 0.023850100907409497
576 6.916405355045493e-12
577 2.524255858256156e-07
578 5.045285232599683e-05
579 0.01678635907540443
580 8.10278190167628e-10
581 5.748060395389122e-10
582 1.7439926769939508e-09
583 0.12922284889089206
584 0.03315617366787005
585 2.034476254732862e-12
586 0.03713787373490841
587 3.826868945648337e-35
588 1.980839627664161e-06
589 2.3527790512146687e-17
590 0.049301475610718765
591 4.89463792268315e-05
592 0.023994990521270656
593 0.00023077638253953805
594 7.0886128591968e-05
595 0.0005865025665921392
596 1.1069364280895447e-46
597 2.2670711027849695e-21
598 5.122622912020932e-12
599 8.764672722697493e-42
600 0.0019460059742980045
601 3.994560847231059e-05
602 3.1928789940595367e-10
603 9.857212444439818e-14
604 0.02219538878788654
605 0.0015109188584938825
606 0.007591990357676584
607 1.6759081653142442e-13
608 0.0015621505450429964
609 2.600059932980081e-10
610 2.8144150403238526e-10
611 6.275672232938935e-07
612 0.10432903696868231
613 5.815122863043055e-08
614 1.505454171727998e-12
615 0.0007722730487316881
616 0.011211198962411167
617 0.0038985878898934005
618 0.04390812206654952
619 0.00042021924646484733
620 0.0053364032109719664
621 5.868312334749051e-28
622 0.02387896193856352
623 0.021488573999842164
624 6.69758938865856e-13
625 0.0484998290721495
626 0.06274326730202871
627 0.012798709208363268
628 0.11291878369983852
629 3.842524631677265e-12
630 0.0012708111590289453
631 2.8987020919926576e-12
632 4.877317207240131e-07
633 0.018080818854893006
634 2.9429643778370296e-28
635 1.2271303267102673e-30
636 0.07713060293619284
637 8.246058222628273e-36
638 1.2930877140992592e-06
639 2.9763686274299484e-18
640 0.00792505183497648
641 0.028130287414643313
642 0.11523989715655664
643 0.018749566690092315
644 0.00950062061908574
645 2.0282337584472738e-18
646 0.00617832229867853
647 0.004954006665818307
648 0.5970267195782627
649 4.9474012847132596e-18
650 4.467160783156537e-06
651 0.6623003725660016
652 0.07337060891499485
653 1.2848591467184782e-21
654 3.458383174843587e-30
655 7.279454986827158e-34
656 0.10316044891798676
657 4.0551688295076234e-10
658 1.704036365134951e-22
659 3.628277979430498e-16
660 3.921920666504245e-06
661 1.2288017761668107e-33
662 8.937184634989266e-06
663 0.48454964049592625
664 3.6188730584225114e-10
665 1.9990499016893114e-10
666 1.9422547992581744e-06
667 5.347904191421678e-07
668 4.052423449036181e-06
669 0.0007107282304589604
670 0.005471092475219571
671 6.174486472155693e-06
672 3.643352524005416e-10
673 2.777469490405959e-33
674 0.011373767296095991
675 0.16098629225756264
676 0.004247898845405273
677 0.12816763733937495
678 0.14905092042388482
679 0.002059002701588134
680 0.0013455538449501404
681 0.0004721038293360506
682 1.5117039478563358e-34
683 3.266434492498412e-06
684 9.879216059246207e-09
685 1.7648762783360734e-18
686 4.3944617348382725e-07
687 0.001167207267163268
688 1.559264738244233e-12
689 1.6195696714797268e-05
690 0.00010590674632639059
691 0.09338135126592575
692 3.223029096779629e-13
693 4.921246024144934e-13
694 2.042349039315877e-28
695 0.0029758636979508903
696 0.0009203722323828921
697 1.7935593922476696e-27
698 0.04176480386886589
699 4.894113719291672e-05
700 0.015289485891474693
701 1.3792937207672786e-05
702 2.5466026250519977e-05
703 0.002082764421108363
704 1.2407422142275822e-08
705 0.009991702247628381
706 1.4008450870507817e-08
707 8.007699189574343e-08
708 1.0782549615023415e-21
709 4.4208053742216663e-29
710 1.562746551020813e-13
711 8.648125851482327e-08
712 0.7868858313821716
713 0.036072165684566324
714 6.686544944718154e-20
715 8.95786230923423e-27
716 0.0019968722354822385
717 4.85710443455326e-10
718 7.516371827762266e-09
719 0.006387925686891975
720 0.0014383844669640967
721 0.00030223743186492296
722 0.0007929813378253553
723 0.07647888549561785
724 7.532924835622272e-06
725 2.2311814026819203e-27
726 0.002329098848925117
727 1.2272741016892673e-08
728 3.136002211722163e-25
729 0.6986715325264596
730 2.254751511401364e-05
731 1.917037980882444e-18
732 0.1329377310397367
733 2.8144660080805096e-29
734 1.1538353064474798e-31
735 2.5403631893231394e-19
736 0.5990309513288723
737 0.1328883900084451
738 5.457573556335285e-26
739 1.0924084192747336e-27
740 5.127222883273104e-06
741 1.0768715106531257e-26
742 2.6622799016822666e-16
743 0.0013443277325473726
744 3.593161191293748e-06
745 1.9848839484608087e-21
746 0.003256197401522483
747 1.8951888744295069e-06
748 1.386668791465367e-17
749 0.5172784505064417
750 0.07066121325720441
751 6.57206196084371e-07
752 0.05410012993475848
753 0.03857860445565864
754 1.0116102719588279e-17
755 0.0005483772806901178
756 0.002742499954239348
757 3.0088664702978594e-09
758 2.8402929683573713e-28
759 0.018155059609778288
760 0.5477074682204666
761 0.7183224818358552
762 2.0276504133948023e-20
763 0.0003622527696843502
764 5.235758291542913e-06
765 0.00012023687774686966
766 0.019310034069602355
767 1.7394728108335867e-31
768 3.4214753028979044e-27
769 0.012062183931905359
770 8.869926485428343e-15
771 0.022993748010035567
772 0.0003981728340763421
773 0.03840210858134539
774 6.58680512044664e-17
775 1.7464286662545524e-07
776 0.03600568866782897
777 0.001529095114214709
778 0.22373987130153986
779 0.00019118928268613205
780 0.012500976938074528
781 9.574606322061935e-05
782 6.29840241099982e-23
783 2.500418168947392e-07
784 1.4962968088875318e-20
785 0.0030433129951807606
786 3.1518161176900284e-36
787 1.680349419646369e-23
788 0.002195247796540966
789 0.01183369792404458
790 0.23432268222955535
791 0.005925016656234366
792 5.422395374417281e-19
793 0.0030563647923948197
794 1.0018664603988914e-17
795 0.0017759141248287903
796 0.20335311308365575
797 1.0383111931648885e-13
798 2.1008815291006942e-10
799 0.5908968825651428
800 0.0024580649281152334
801 0.006461854219676178
802 1.8903815845939386e-26
803 1.1024713518385753e-05
804 2.3084019664434714e-23
805 5.2260336614751525e-22
806 2.278006622525952e-14
807 2.112219809125437e-13
808 0.7233584432685154
809 0.0005192029117666915
810 0.021910275597538775
811 5.788543304273541e-09
812 1.3015389157667953e-11
813 1.6819382230281556e-09
814 5.423928235150847e-07
815 8.157139418051895e-25
816 0.05167476328425452
817 1.4894836917806257e-32
818 3.3892593846151542e-06
819 1.3776858598136456e-07
820 0.002205285153365945
821 2.4668878518019435e-08
822 1.984129833350774e-05
823 1.69035970580227e-29
824 0.014242770570895945
825 0.07978423347878194
826 4.496949838784138e-16
827 5.230439185717822e-22
828 1.0692816429964315e-08
829 2.4057157550434014e-09
830 0.04845147591402527
831 5.395338478600427e-06
832 0.12734830156017815
833 0.03284798051493599
834 5.525307511972458e-05
835 0.027213663182455813
836 1.631096663104069e-16
837 0.5905177480681418
838 6.169864020365711e-07
839 2.0571582517070225e-05
840 0.05808384790979437
841 0.005053582358141755
842 0.10438203939423282
843 6.639091698764019e-05
844 0.006532926108537275
845 7.144287784856719e-05
846 0.012585774462557915
847 0.45397054569678885
848 1.1725844425065275e-29
849 3.2589437525559034e-22
850 0.06290463361493759
851 0.00016289318247156184
852 0.0008245283115798067
853 0.00013540740957834597
854 4.158827757467604e-26
855 1.3104568143443399e-14
856 0.14488901103792426
857 5.343659714420484e-35
858 1.4496780825721224e-32
859 4.0548150716236135e-05
860 8.341439226276094e-17
861 7.020971596789504e-09
862 9.728331290501138e-06
863 0.0027042680357524346
864 0.031106349001424623
865 0.08041944345263197
866 3.1948689105964388e-18
867 0.0006186988088234935
868 0.07359212531728695
869 6.861242178123057e-13
870 1.1063015677067945e-13
871 0.0008942970744914673
872 3.1527064288500727e-12
873 7.381930388648141e-05
874 2.6214256748665797e-06
875 3.799969679659336e-21
876 8.80282337363754e-06
877 0.0006350224501159998
878 0.010313462824482122
879 0.0005475353134160938
880 0.09309593590409385
881 0.00013272672703949166
882 7.135142721794681e-06
883 1.0909018934678408e-10
884 9.449014769656228e-05
885 3.934058459569691e-06
886 0.0788373451075986
887 2.039945905188195e-08
888 3.476407106223368e-24
889 1.1141462258055995e-11
890 0.013401987450512253
891 2.9128932194331314e-15
892 0.1723876518984686
893 0.0018950478708755199
894 6.821997852906297e-12
895 4.1862410356615054e-15
896 2.1675977385660815e-11
897 0.11571346576649447
898 1.329958307088888e-14
899 0.0963814277660162
900 3.632632657479225e-16
901 7.055306214431764e-17
902 0.055478810328964095
903 0.07560948452301067
904 1.8628400338138114e-17
905 0.02232277003358839
906 0.02992361174955704
907 1.9996746533702548e-45
908 0.00022928138185842047
909 0.004400879857622315
910 0.0033453259478084087
911 0.0033291512736655414
912 2.3630987311528406e-20
913 7.138854682928691e-26
914 6.089863487832808e-08
915 0.15298534878048736
916 2.4071817172911747e-09
917 1.6770374437352136e-12
918 1.2708052312187873e-14
919 1.2183678138706988e-25
920 0.10410994902368888
921 3.058150562672381e-05
922 0.0020309296232690066
923 4.009688968884331e-06
924 0.0013538830534378754
925 6.824863212666641e-28
926 1.5175699639683274e-22
927 3.120095322188025e-13
928 8.875529810628736e-05
929 2.2675029223451593e-05
930 0.1493513881749075
931 0.0003346471658525885
932 1.7086876275493426e-11
933 0.00012163194860960503
934 0.8169064109175488
935 0.0007633933648876479
936 1.3390174815621306e-07
937 0.008124856941023564
938 1.2445609017172726e-24
939 1.1589844569823571e-18
940 0.013693297910477801
941 0.003661436561637142
942 0.6200419583824618
943 7.766819185313329e-08
944 0.056984431630081205
945 2.2490403898783872e-08
946 0.05939679513743998
947 2.3438654121005938e-05
948 9.09319631186667e-08
949 4.918841195845993e-08
950 3.6831215738655075e-08
951 0.048778444983524266
952 3.228313362822654e-06
953 0.7979644079002489
954 1.5199129946947753e-08
955 2.0331545100018653e-05
956 1.1636372414596874e-06
957 0.06063467920658082
958 0.12648666117289223
959 1.4871143152924331e-06
960 0.0033392067020829507
961 8.331454523199315e-06
962 0.6002742462138861
963 0.12923909885872994
964 1.5521278695248864e-30
965 7.3658502938596e-05
966 0.03459393923159948
967 8.154163883575811e-16
968 1.6426848857569478e-19
969 0.16213155331686355
970 0.08096177086942127
971 1.1478255799461699e-15
972 0.0007653552427776305
973 1.7474789121916323e-06
974 0.004641870723080279
975 5.034098321841808e-05
976 0.0026076921284483184
977 1.0907757944844888e-05
978 0.0015592679269145562
979 0.03785048545919983
980 8.974762975178489e-17
981 1.2610178348863634e-06
982 0.00017556730617596745
983 9.511375723845628e-23
984 0.001750909361474408
985 0.014386247901031771
986 0.0035060889652780607
987 0.00010819141577782891
988 1.3392787601010198e-18
989 0.34036984134425297
990 2.83934514292827e-17
991 0.00011151168319388358
992 0.0858967876675759
993 0.01149599800265398
994 6.785545287348553e-19
995 0.03327229605783147
996 2.7487072028121383e-06
997 1.189616061555002e-12
998 0.07807246127175822
999 0.078055402633697
1000 0.8565784848566903
1001 0.00014083368908528475
1002 5.017080784308436e-06
1003 0.07788492346344272
1004 0.2554103369442851
1005 6.596045722284108e-11
1006 0.0007901547790730353
1007 8.475952445144971e-18
1008 4.086568108702789e-10
1009 0.014335186009559901
1010 0.0012793627793488956
1011 2.7612735787835234e-13
1012 1.1939506588477977e-19
1013 0.0002957010284713896
1014 3.2813450371541774e-12
1015 0.0008632229909398877
1016 1.267596918795863e-20
1017 0.00021350144260472655
1018 3.6420055210165324e-05
1019 0.003802270160506908
1020 0.31333661077609365
1021 0.0001498577700381498
1022 2.1538733249400124e-09
1023 0.004533985205716777
1024 0.000258430182328406
1025 5.835914569200489e-10
1026 0.004022987583464511
1027 0.0007991030367420269
1028 1.043571350468237e-05
1029 0.23821247243425128
1030 0.00013541806567425704
1031 0.8049144549833208
1032 0.022043941120927283
1033 0.014622356613022896
1034 0.000163391639887753
1035 0.0007048619017322248
1036 0.19954347629489652
1037 5.832940414547921e-07
1038 0.05387919990714345
1039 0.059004595349156135
1040 0.004141066971958611
1041 0.02860677671418575
1042 9.65983779375051e-05
1043 0.018736843995267056
1044 1.0939025362021069e-26
1045 1.00996474801525e-13
1046 3.8419188304386004e-11
1047 0.8475930972472467
1048 0.00350388098480927
1049 0.024507998626962704
1050 4.8260507541465895e-09
1051 2.9717551027073386e-11
1052 2.6602440998669396e-05
1053 2.5657579711449755e-05
1054 1.632960063781519e-05
1055 0.003151099660703812
1056 0.0027583462390624006
1057 0.0008507275683034114
1058 0.017194135735701818
1059 0.0435603221918711
1060 0.033786532342295436
1061 0.005825931063739143
1062 3.60555015680284e-09
1063 0.0030278197213127766
1064 6.553140981154939e-19
1065 0.03604952219713774
1066 2.5320133528240103e-27
1067 0.02455996241773343
1068 1.4304338235595615e-07
1069 0.05421587566911286
1070 9.132687087477489e-09
1071 0.0018799951772972571
1072 2.6462380351653664e-06
1073 3.1510428103294603e-06
1074 0.009432498851008806
1075 3.9193942026355125e-12
1076 0.024455683363538525
1077 4.433364728934696e-08
1078 2.128603056040076e-15
1079 0.03587751905815036
1080 0.030265721765863746
1081 0.00025685265999015006
1082 2.720111414789509e-10
1083 0.0636598755976785
1084 0.03319594099868031
1085 0.03759117487318322
1086 0.009549591383839826
1087 9.758450372775946e-17
1088 0.366036248385669
1089 6.533314123952687e-07
1090 0.008905677690022294
1091 0.0002749274487843563
1092 0.14966565660737996
1093 0.000611424298932565
1094 0.0033088122420577844
1095 0.035152292909680784
1096 7.583610025536341e-06
1097 0.00861967018474834
1098 0.038329101493321006
1099 3.353576041761633e-06
1100 5.425060700901762e-15
1101 0.02960267083555728
1102 0.10757431371875002
1103 0.10434229320790288
1104 0.0026976920780194848
1105 3.098466250714606e-17
1106 1.2478968643868195e-10
1107 0.06566581009632802
1108 0.05240914302120237
1109 1.2729570544770122e-12
1110 0.052016010618297415
1111 4.065280354915937e-10
1112 4.478603935738277e-05
1113 0.049289767293644184
1114 0.0002413952396457785
1115 6.958377325092752e-10
1116 0.0001233207503886825
1117 1.6454343749822126e-08
1118 2.9601065225731114e-25
1119 0.29296535592235984
1120 1.4895396958396372e-08
1121 0.002342109951811863
1122 0.002644560854790282
1123 1.430608427370772e-06
1124 0.008011185990975554
1125 0.04288550878279779
1126 0.001730019043837098
1127 0.045222920096731484
1128 5.377985897226714e-23
1129 3.455523627007556e-12
1130 0.048942158036053486
1131 6.6438965000790874e-12
1132 0.7883968940183802
1133 0.007208995308749853
1134 3.1315554550657827e-25
1135 2.212892361172999e-05
1136 0.0003410116291863043
1137 1.0801779207388207e-06
1138 0.03909408137965643
1139 4.701580918952439e-07
1140 2.5085247301186634e-08
1141 3.7644644342101797e-20
1142 2.9688967785486902e-22
1143 0.00018574371366456474
1144 1.2105132656858384e-09
1145 2.809815933514307e-08
1146 0.024485124802602135
1147 0.012647005626514987
1148 0.0018539502577058736
1149 0.015196693108382483
1150 0.7796743921366868
1151 0.00014911025832552
1152 0.001135924876004864
1153 0.17751613526396495
1154 2.728507567304135e-10
1155 0.0028755111294611548
1156 0.16912235836175932
1157 0.052319734402845985
1158 0.05982965024353702
1159 0.0004384604991556623
1160 8.537774262685137e-16
1161 0.03718568819124643
1162 1.846799708860278e-09
1163 0.05020775863389527
1164 0.0001842703923723442
1165 0.03268699626747384
1166 0.09699312557102657
1167 2.2905527928895335e-08
1168 0.012693912064782188
1169 0.0012683831773169414
1170 0.10591134289094278
1171 2.8470716573897492e-05
1172 0.03808556871356336
1173 0.00010093637303081809
1174 7.356146909693633e-09
1175 0.8252306345669427
1176 0.0001676703974586993
1177 1.019928960894428e-09
1178 0.0016513274406833732
1179 0.07256077901955678
1180 7.361315026752596e-08
1181 0.005881179359888888
1182 0.0022307839687849065
1183 0.365370263761401
1184 0.00439367287997069
1185 0.07280937059576102
1186 0.09894136243455463
1187 0.10165086589376174
1188 0.06478879792359223
1189 0.00028803475909285894
1190 3.162263384706038e-06
1191 0.0010279078502521757
1192 3.0297130305194354e-05
1193 0.09355501356181814
1194 0.002695658827519856
1195 1.0392710980943519e-08
1196 0.11352011478721245
1197 1.2255463708150405e-11
1198 0.0012889992249148863
1199 2.2759700316492332e-08
1200 0.0009952313258357619
1201 0.00014084176079324286
1202 0.04311420921226469
1203 2.4278924209833804e-14
1204 2.2558344478321365e-08
1205 0.230761808127337
1206 5.2528191168154265e-09
1207 0.0004193478035265718
1208 0.00026069259193967705
1209 2.132500628956339e-14
1210 0.00023300284069049086
1211 0.2963554818869512
1212 0.10660334055551555
1213 0.14938021833979406
1214 1.1476595582130331e-21
1215 0.009837209857731179
1216 0.001103800934047089
1217 2.715735891774356e-20
1218 0.00025517640520272806
1219 0.000697569701638166
1220 0.6924216964961212
1221 8.593991203104378e-05
1222 1.0518737057692665e-06
1223 9.624958400686805e-05
1224 2.895120925502883e-09
1225 0.00013549124554755148
1226 0.014924797286114774
1227 3.2290984064444344e-07
1228 0.01899583013930691
1229 6.153549304165061e-14
1230 0.08091289004797779
1231 0.04066165223279678
1232 0.26945544622331924
1233 1.5152199742835014e-06
1234 5.252392211445419e-06
1235 0.030106536123940892
1236 5.688207670496998e-19
1237 0.02885119157179018
1238 3.082848359704182e-05
1239 0.020007940503322507
1240 8.743424358649885e-20
1241 6.318389093701936e-09
1242 3.238912944889576e-07
1243 6.797864178354421e-06
1244 7.938153612574858e-05
1245 0.05597784808952632
1246 0.028516735852706147
1247 9.363735561330947e-07
1248 0.007319294794455814
1249 0.5970364123880172
1250 0.10683864689202704
1251 5.308273108196248e-05
1252 0.2963656704157203
1253 0.005246901615555435
1254 0.12711081935173252
1255 0.07045364281558131
1256 4.3611573369681614e-08
1257 2.3690414640681737e-09
1258 9.287486255224256e-13
1259 6.1718862642872e-06
1260 4.001877100214465e-15
1261 6.694687320245154e-08
1262 0.4544735178918395
1263 0.0001603324808562749
1264 0.6695282928810782
1265 6.163000136911816e-08
1266 0.09758563660394236
1267 0.016727879908404037
1268 4.3989807793852576e-05
1269 5.379147303436203e-09
1270 0.0050100655166592425
1271 4.3367320311867016e-05
1272 8.498746480055361e-05
1273 6.204638033243436e-18
1274 0.14038238352095903
1275 0.017810463554271516
1276 9.884365508242236e-07
1277 0.017573373666519773
1278 0.06003577439599331
1279 0.05701933324360492
1280 0.0005595554585840556
1281 0.0025353087490685507
1282 0.15754480204289661
1283 8.159692938446447e-12
1284 1.1438930370214246e-07
1285 0.07023606966209554
1286 1.0014493705868164e-10
1287 2.080524487349378e-06
1288 6.096072239986233e-05
1289 0.0022930991954097793
1290 0.12032161014282569
1291 0.04616520132538471
1292 0.09374704715209158
1293 0.13443282581634053
1294 6.167566659096119e-06
1295 1.891396717157394e-06
1296 0.10730173313148801
1297 4.7061770887530804e-18
1298 0.04469483036432742
1299 0.7226614188407002
1300 1.707734288880391e-06
1301 0.023452074886169124
1302 0.015411361397426295
1303 0.2514939968814877
1304 0.01152057063395791
1305 1.810593036461931e-13
1306 3.988619979959788e-17
1307 2.480983034310669e-06
1308 1.7252190922298204e-05
1309 0.00028189773336648904
1310 0.26026533433772286
1311 0.009686991102725475
1312 0.009378068482443677
1313 0.3640670676906566
1314 0.001046331505075216
1315 9.306153261295097e-05
1316 0.0012037795752492327
1317 0.0005445939826728215
1318 0.7789920765982399
1319 2.4135293965910843e-06
1320 0.0002751854861942419
1321 3.290263458743508e-05
1322 0.015750593469520735
1323 1.2490170469985943e-06
1324 0.0026215767837068464
1325 0.6172816064867854
1326 4.559754228508541e-28
1327 0.0556331383118886
1328 0.49938842267292316
1329 3.0572458566956098e-06
1330 0.2522364286741265
1331 9.51593942867671e-11
1332 3.179903012544775e-05
1333 3.491285226222294e-05
1334 0.00011132096226169257
1335 0.00047819842448339406
1336 6.635391634464359e-06
1337 4.70869224816698e-06
1338 2.9649536029615294e-07
1339 0.01911466997618738
1340 0.05349666176185218
1341 0.1298712749186977
1342 0.44148657754866605
1343 0.00035535377543572023
1344 0.004028576075810388
1345 0.7142647149731689
1346 0.5766526806622935
1347 0.04382923610899274
1348 6.387413052219583e-07
1349 6.281839516666956e-06
1350 0.03258345277597951
1351 6.299437984290132e-07
1352 0.06433142635184223
1353 0.000228412842353489
1354 1.213920886541327e-07
1355 6.891762590086887e-11
1356 1.138897776579504e-05
1357 0.06863528647938293
1358 0.03426154200667965
1359 0.36758682042021334
1360 1.495182466318259e-08
1361 0.0004750648258747803
1362 1.4156131636064875e-05
1363 3.9207512445693626e-07
1364 5.4792824349258796e-09
1365 6.93261159494086e-05
1366 0.4910030216622457
1367 0.07366257263646761
1368 4.428076808112285e-15
1369 0.0069287204612471474
1370 0.15827850957236303
1371 0.0006152568063692157
1372 0.0006121225287362646
1373 0.0002068147988766048
1374 0.0003550334759232182
1375 0.0006539891628043212
1376 5.3669176769776406e-05
1377 1.1620111021684684e-09
1378 0.14628922544015477
1379 3.538529922916675e-12
1380 0.20720768848701748
1381 0.000492725475920053
1382 0.14570506996252192
1383 0.00032423942403542107
1384 6.680528896135617e-12
1385 0.06708628545363125
1386 0.0628252922087945
1387 0.00011599714238399855
1388 0.681192854824819
1389 0.0802334103407469
1390 0.0020436495649170166
1391 0.00018248186581876864
1392 0.00014885806508912208
1393 0.00012558804425642398
1394 9.944045303407159e-06
1395 4.181368720362435e-14
1396 0.00024755831421662455
1397 0.17402756647603976
1398 0.36631183036140436
1399 0.8638073436954489
1400 0.49135648490521466
1401 0.07685345463174091
1402 0.00016675360133913352
1403 1.2876168074917887e-08
1404 2.3083002739520158e-05
1405 3.038275036245043e-06
1406 7.504111732599604e-07
1407 0.017316343300121984
1408 0.036764507806571804
1409 0.0006385846004698755
1410 3.072386315634544e-05
1411 1.6410133965039882e-08
1412 0.0015174751220138887
1413 1.8242488666229532e-06
1414 0.0761201699394025
1415 2.4329751261791967e-10
1416 5.000717533237111e-06
1417 7.615296007518488e-12
1418 6.91945825356445e-06
1419 7.490122935664445e-09
1420 3.1744501758730013e-06
1421 0.0632487640935685
1422 4.285216335802559e-08
1423 0.49876204272866176
1424 0.0009864744493073244
1425 3.406984457372787e-05
1426 7.833963288857475e-17
1427 0.020213014685375244
1428 5.854382303413666e-07
1429 0.001545591870716823
1430 0.7285590899787173
1431 1.6426328449550801e-06
1432 3.0019469817388954e-05
1433 0.01504812247510761
1434 0.05225236053904022
1435 0.00013909819299846448
1436 1.4606855646656058e-05
1437 0.04828553048885171
1438 0.04245387164295921
1439 0.05351990051860135
1440 2.702926171978417e-07
1441 0.00037158139968042814
1442 4.553275463175006e-09
1443 9.411920036150992e-07
1444 2.5553001308816994e-07
1445 1.0378432683593373e-06
1446 0.004713542537607804
1447 9.131759496437436e-08
1448 1.269116513620537e-10
1449 3.884783084044115e-07
1450 0.00010289197516328117
1451 0.20766425294210486
1452 1.3307398740364994e-05
1453 0.0009348820488511809
1454 0.0002715942346348889
1455 1.6287477309912442e-11
1456 0.1669572278621197
1457 5.900499216811714e-05
1458 0.06637560145423033
1459 0.007140763420145285
1460 2.001697571651625e-06
1461 0.005407113076633411
1462 0.06351646102476413
1463 0.4653213818324412
1464 0.16201762542252277
1465 0.0001254343861669938
1466 3.4394256204216545e-11
1467 5.445360506452661e-07
1468 9.105372892105266e-16
1469 5.846012472972621e-06
1470 8.974606810223162e-06
1471 8.470642034394347e-13
1472 0.00197233797217174
1473 2.9246137889722805e-07
1474 0.0010623870799480338
1475 0.01520303666584797
1476 1.1570380730268127e-06
1477 4.939098978730038e-06
1478 2.657091695531565e-08
1479 0.0068570341885871
1480 1.577936344918662e-08
1481 4.454545927422728e-05
1482 0.0013849631761960436
1483 5.613052766423396e-07
1484 1.0235971854704962e-10
1485 0.00043393447231432076
1486 7.103989291143327e-10
1487 2.3121398958005097e-09
1488 0.0054234240806869186
1489 0.05839391135511592
1490 8.765220523731799e-18
1491 0.0003100639337124911
1492 0.036747518332280925
1493 0.007037304087288306
1494 0.017400330161865176
1495 2.8572608561564412e-08
1496 0.17591201698426367
1497 2.618460994735628e-05
1498 2.041775595673876e-09
1499 0.0014645422587488575
1500 2.1474798267102857e-09
1501 0.006421090220591806
1502 5.655976642140688e-07
1503 3.5607204624705503e-12
1504 0.07756719067986406
1505 3.373286707153894e-07
1506 0.416936384990573
1507 3.132287315893918e-08
1508 0.0006299782775932019
1509 9.567725293396916e-05
1510 0.14048854101768593
1511 0.16310475161201274
1512 6.768010900768411e-05
1513 0.021569383586931896
1514 1.47708663146402e-06
1515 0.10728595458427007
1516 3.465229435604557e-10
1517 3.6043823571675702e-06
1518 9.353509145678354e-07
1519 0.004040977868045244
1520 0.000647633903195685
1521 0.00028164179281744164
1522 1.0473019984497666e-08
1523 0.0007784016019334232
1524 0.0005161059666982055
1525 0.0006147215965943018
1526 1.2922247078765087e-08
1527 0.008209207990041743
1528 1.3481300863775462e-11
1529 5.130351471549905e-17
1530 5.663518920922025e-07
1531 2.1913220344525142e-05
1532 1.401576118761066e-12
1533 0.058374113923994074
1534 0.00038856362176424466
1535 7.773832504831028e-08
1536 3.6609023596434944e-13
1537 9.060932975711822e-15
1538 0.000969855908344566
1539 0.0005430981064973845
1540 0.27149912711555063
1541 1.9231325905751322e-07
1542 0.007130521905264247
1543 0.1091949458508566
1544 2.911985659238168e-11
1545 0.015355235410243348
1546 0.5986237321210609
1547 1.5894426747733505e-10
1548 4.8930010330052034e-05
1549 0.057041863279963224
1550 0.0002530042663504516
1551 6.933283898171726e-20
1552 0.0009757162850869441
1553 4.272797923958899e-11
1554 0.00018705121137347188
1555 1.7089898886427788e-11
1556 0.02792932477555816
1557 5.0864393651206684e-12
1558 3.132070878556141e-19
1559 1.194654529402696e-05
1560 0.38638727884500784
1561 1.227881232727074e-08
1562 3.680023226610983e-08
1563 3.58905073566063e-08
1564 7.828053917493926e-10
1565 2.6970287029727297e-09
1566 1.3912225485201621e-05
1567 8.650384945479714e-09
1568 1.6760755656182659e-19
1569 1.430307277962332e-05
1570 1.5214184969834934e-11
1571 1.1512911620662394e-07
1572 0.0216530282334044
1573 1.8396574868887776e-15
1574 1.4907610772286593e-07
1575 5.219957380096256e-05
1576 0.00234001813168915
1577 1.1986450912267951e-09
1578 3.2205518621613766e-11
1579 2.429457008759964e-10
1580 4.0298076993353626e-08
1581 2.1743888480986336e-07
1582 0.027991315365603855
1583 4.563527862129275e-09
1584 9.308559756630422e-10
1585 0.011568568136697701
1586 0.0011797169613391228
1587 0.011538779978565188
1588 1.3613972476114453e-08
1589 0.01871768532534077
1590 0.00032259759760173566
1591 3.249340200097022e-11
1592 3.2397591821449815e-10
1593 0.00044782744572536567
1594 0.0012133459971667188
1595 9.540610954717178e-09
1596 5.2787076590841726e-11
1597 8.342128122624441e-07
1598 1.874306755785821e-05
1599 0.03884339540359214
1600 0.0004328568382247822
1601 9.546554437120448e-09
1602 0.0011022760070835945
1603 6.95692330190763e-17
1604 6.931195663761009e-12
1605 1.1938404601751911e-08
1606 3.438095788878165e-08
1607 4.442962725281389e-05
1608 7.321398766690047e-07
1609 0.20237351146840257
1610 0.07814948237165127
1611 2.0929352896826845e-11
1612 0.00016619413745196177
1613 8.092796564358266e-10
1614 9.743850926169494e-12
1615 2.115894983427164e-07
1616 0.0010267837691970616
1617 7.577135499912098e-07
1618 1.1952909804306556e-05
1619 0.0002636980455739469
1620 0.3195047539319143
1621 2.9046197948886095e-11
1622 1.2588153326007076e-11
1623 4.1236881963334134e-07
1624 0.0007177926253351054
1625 4.435043162996408e-13
1626 0.07205529977281067
1627 7.553987805214569e-09
1628 4.0465140669221615e-06
1629 8.642432902254904e-07
1630 7.21749842370274e-10
1631 2.519972755981691e-12
1632 0.010499471684228436
1633 0.0008490312452850797
1634 1.4668549230754438e-07
1635 1.1321052469978434e-05
1636 0.0005359280575214474
1637 1.4092666831667828e-08
1638 0.0003238777892315865
1639 2.5420926232303943e-05
1640 9.41432460177784e-12
1641 6.782043384332721e-12
1642 3.825877919201122e-11
1643 1.0994820097958532e-06
1644 2.7843218351759586e-07
1645 1.820566202825714e-09
1646 3.2116940520869735e-07
1647 5.771150291363921e-09
1648 0.3197431703364767
1649 2.160738993709711e-09
1650 8.565355648598342e-05
1651 0.03236998713172259
1652 2.8370359136495075e-07
1653 1.118673355006194e-12
1654 1.028647366359175e-15
1655 4.04071020407393e-06
1656 8.734783645703365e-15
1657 2.0554765791500717e-11
1658 0.009174848407210912
1659 0.07890752611891275
1660 0.00026804103565771577
1661 0.0004434003191522919
1662 7.566719110739943e-07
1663 2.469112704709598e-06
1664 2.1386927917171487e-10
1665 3.102208886952465e-12
1666 0.014564532485730388
1667 3.048433640775111e-11
1668 3.232848827515565e-11
1669 1.4993824397698912e-11
1670 3.5159018492755457e-07
1671 4.405503029264291e-12
1672 5.142625360229979e-07
1673 1.0085643019438666e-06
1674 1.6452746949441026e-11
1675 0.19271607708523425
1676 0.017197634201981976
1677 3.0319820625305234e-18
1678 2.5284058463765737e-11
1679 1.6724654988257018e-11
1680 1.1599353639224056e-11
1681 0.2968135462975305
1682 7.505288455776884e-13
1683 3.842208900126373e-08
1684 1.2589833465907059e-11
1685 4.4447767525363664e-11
1686 5.506296660426625e-10
1687 1.3872151759571622e-10
1688 3.5006366591437825e-12
1689 4.8904928293238e-12
1690 1.654141364358903e-12
1691 5.1362571618366824e-11
1692 1.9437128497216543e-10
1693 2.318446760978803e-12
1694 1.0569082003045717e-12
1695 2.2528884371063275e-12
1696 0.018396964246321527
1697 0.20898784345583948
1698 3.154119853641262e-08
1699 0.0001643480582943531
1700 0.00011485882250134651
1701 0.005424426506520795
1702 5.3047253788607096e-05
1703 0.00010678890274019455
1704 9.222851032750665e-12
1705 0.0005191457714441539
1706 0.001241020601857164
1707 0.04217903089362139
1708 0.25666159349551226
1709 5.190230617662561e-12
1710 0.04325850408125062
1711 8.033947025313318e-08
1712 6.268585244585439e-22
1713 0.00021971525852428737
1714 4.245634838497233e-09
1715 7.0906577917949595e-06
1716 0.20725800562946314
1717 1.6808125841279464e-09
1718 1.3265815808679368e-08
1719 7.074832364278313e-05
1720 2.12373062093088e-12
1721 7.077846448860187e-06
1722 0.02129291796424422
1723 6.861733285770182e-08
1724 1.9506653284218663e-06
1725 0.0006141045342032952
1726 0.1560046267032675
1727 0.000894717386771587
1728 3.559034292757833e-12
1729 0.0016251410946585888
1730 2.8849107661307593e-08
1731 0.0006636678950700209
1732 1.0630618994872682e-12
1733 4.973792475307578e-06
1734 0.0005348213528280181
1735 5.070880405900942e-06
1736 4.0520315194951546e-07
1737 0.07185003681770026
1738 9.251728212332982e-08
1739 0.037623840986961775
1740 0.029091305442721937
1741 6.300497654245039e-10
1742 0.09457663076704637
1743 0.0013101178471719558
1744 0.0008123786247078688
1745 0.4661194200970442
1746 1.0467965607267703e-05
1747 6.419048105366509e-10
1748 9.263327866140171e-06
1749 1.3170845787595703e-07
1750 0.0057579972865887275
1751 0.10945224153876024
1752 0.003418543372730176
1753 0.0033170937484709295
1754 1.4536301274107593e-09
1755 0.5851214828166578
1756 0.0010795363677613338
1757 0.12771872618057203
1758 0.0004798831318760346
1759 1.0210798730916959e-14
1760 0.0919959613090191
1761 3.107345718498609e-05
1762 6.347191446192569e-08
1763 0.022523121557852323
1764 0.6817839826428559
1765 0.2250113280522428
1766 1.0387487263583833e-09
1767 0.005372003079905026
1768 0.0712809227850891
1769 1.2869150126244638e-16
1770 1.6883821948956645e-25
1771 3.0576151075537357e-09
1772 0.0002955521691629522
1773 6.753263208129103e-14
1774 1.1071408378543406e-05
1775 0.7413063566167043
1776 9.14061831426258e-12
1777 3.6061386238631868e-09
1778 0.00044606935973543274
1779 2.7057018344108405e-06
1780 0.04509730396725208
1781 0.0012742028147730941
1782 0.0013449072247899104
1783 6.331743250296994e-10
1784 0.043288330605879624
1785 7.938720427023531e-07
1786 3.7044028888126076e-05
1787 1.271376976932994e-07
1788 0.0011018244713549225
1789 0.4940842746270357
1790 0.0007354800994066289
1791 0.0010553750731003104
1792 8.294266705210613e-08
1793 2.576178335684567e-10
1794 0.0007751663061809762
1795 0.7434123298697322
1796 0.0015138486490498381
1797 1.1885350000802396e-13
1798 2.3031179639497142e-14
1799 1.8110625340996977e-07
1800 1.8459472766302334e-09
1801 0.0017816980188512805
1802 0.35464187639656114
1803 1.103495038246126e-09
1804 0.019421533309385203
1805 5.463913180900736e-10
1806 0.07871416286014463
1807 7.573265136125058e-10
1808 1.089756434259229e-05
1809 3.3944117894006224e-10
1810 5.022370666261907e-24
1811 0.8137761638055112
1812 3.799217202418186e-26
1813 0.05109620212275738
1814 5.752700605804193e-07
1815 0.6907482320166347
1816 0.05355073843277829
1817 0.08892746295142286
1818 2.7114534528234444e-08
1819 2.8232749367551586e-09
1820 9.346105941318767e-07
1821 0.020535214030150267
1822 0.18854196506415266
1823 0.008607636602286008
1824 2.3681340423176298e-05
1825 0.6309175379635195
1826 4.64064351656514e-07
1827 0.5128314779910345
1828 1.3383245023440557e-05
1829 0.04837392927130604
1830 8.872931696115282e-06
1831 1.816422381949861e-10
1832 7.817250836913084e-08
1833 0.7211813571522939
1834 0.19129636999437868
1835 0.05310409078101375
1836 2.7158030294285385e-07
1837 8.977727214238899e-32
1838 0.004846953991967678
1839 6.976133660246141e-12
1840 0.004153358009078749
1841 1.4532503972358377e-09
1842 0.02997008387989052
1843 0.0006685431400921125
1844 5.3563014889638346e-08
1845 0.04075621196160808
1846 5.829301865191817e-10
1847 0.5948230971165083
1848 2.0891237911373938e-05
1849 0.7635212004435736
1850 0.2694293824502987
1851 1.273009563322437e-09
1852 0.3465864130949403
1853 2.7140887654082727e-10
1854 0.0008368480614195549
1855 2.8386736428794936e-09
1856 4.64419755735477e-09
1857 5.190210086847979e-05
1858 2.0966876239117615e-07
1859 0.05962817365516993
1860 0.0015493534225669383
1861 4.1022908399466715e-13
1862 7.328097520345954e-06
1863 0.025966061774659144
1864 0.00016825059379595064
1865 7.173304723226067e-08
1866 0.019322877769233388
1867 1.9860309356758245e-09
1868 6.119618881493694e-09
1869 3.0822691052989615e-08
1870 1.4972170337403215e-07
1871 0.018125475063985184
1872 0.7447774684192038
1873 0.24403924158506327
1874 0.3606996232835255
1875 5.5018244886019955e-11
1876 0.005188920706446439
1877 0.0002638031754602669
1878 0.21624923812750613
1879 0.004026749201183826
1880 0.030178258656383246
1881 1.1750445877855203e-07
1882 2.3531100391562816e-07
1883 2.395846171964948e-08
1884 0.01934021533153034
1885 0.47313031980858095
1886 1.879672883329671e-06
1887 0.6703209622630737
1888 0.0025451943460903775
1889 3.9221616998377373e-05
1890 0.0002711446913092675
1891 2.098612919807635e-07
1892 2.535513599764598e-05
1893 1.3952922208058734e-08
1894 8.026052425008226e-15
1895 0.010061277441354398
1896 0.008212524199782755
1897 1.0578864198966916e-06
1898 0.20290015564727998
1899 1.5946263193509165e-07
1900 0.0003325927917205041
1901 7.10369504441787e-09
1902 1.1407753908535098e-07
1903 1.688133517463331e-08
1904 9.202703888036289e-08
1905 1.9554529410859572e-09
1906 8.23928619617309e-09
1907 0.15851737066730745
1908 0.016784629271539002
1909 5.702892172934917e-09
1910 0.2668422444966433
1911 3.027404571187678e-07
1912 0.01484759199121414
1913 0.003590428416971427
1914 0.0005501363812484757
1915 2.184565270801421e-08
1916 7.699096190613778e-07
1917 0.16648234954268737
1918 3.495157765052868e-18
1919 3.330973308557049e-10
1920 3.090552848929788e-11
1921 0.003941455226646866
1922 0.001910292792689778
1923 0.34495377019391155
1924 0.5516010617210839
1925 2.514718269753518e-07
1926 9.296589759856755e-06
1927 0.0015124566274873764
1928 1.0857788402117051e-07
1929 2.6724932207685015e-27
1930 0.00039029994255779086
1931 7.877954062850616e-06
1932 7.258567009623203e-05
1933 3.2976976243327726e-07
1934 3.6694754111555754e-07
1935 1.2049538031105522e-15
1936 9.843141470634571e-08
1937 6.465138421368348e-08
1938 0.152907981065953
1939 0.005076334621993506
1940 0.005069437845212559
1941 0.011124331406568952
1942 0.0010156860299558527
1943 2.4801051765659846e-09
1944 0.23825396962258885
1945 0.011576233647230654
1946 0.0009262437579973344
1947 0.00629514721298925
1948 0.037715105488344704
1949 0.10231922554800683
1950 0.26362023390100253
1951 0.00012248082459885673
1952 0.14804331420101377
1953 4.557739706965417e-10
1954 2.7789086779821663e-09
1955 8.364254917080023e-08
1956 0.0023559138560838772
1957 3.095094569031373e-05
1958 0.09081564604283843
1959 6.617263291178967e-19
1960 1.0956899121455543e-06
1961 0.26373701945207484
1962 8.715525835363716e-07
1963 0.00026905436028041934
1964 1.9598390769817262e-05
1965 3.4418860275942875e-07
1966 2.085487768619745e-08
1967 0.4147376100584228
1968 8.835258917679509e-07
1969 0.2761728490659372
1970 0.0003616650876981868
1971 0.05036049686444759
1972 0.24078356582234448
1973 0.1078361284350533
1974 8.808049324408455e-09
1975 8.392237826495948e-06
1976 0.0030755314271486943
1977 3.8204142105451804e-06
1978 0.00042935277674701787
1979 1.1840135639091099e-09
1980 1.0628138951774158e-07
1981 3.711403186637026e-07
1982 0.0072718885425287665
1983 1.0668421222728286e-37
1984 4.4369150210290416e-10
1985 0.2324042520724182
1986 0.4969565233818418
1987 4.9654109142387045e-09
1988 0.38402957553139827
1989 9.63552210846297e-09
1990 0.26538780261919614
1991 0.002569890426328774
1992 6.9545746825806485e-09
1993 0.0035601461437415227
1994 0.21066796697055382
1995 0.0003644807296809046
1996 4.839412089258823e-05
1997 0.15435066199212413
1998 7.810819965209002e-08
1999 3.3967099017602833e-09
2000 1.3824327251007197e-07
2001 0.2372823953645385
2002 1.0465139102760594e-08
2003 0.19805468079238212
2004 0.002416301184901805
2005 0.5987011031715395
2006 0.0004980980922123285
2007 8.914137830520596e-10
2008 2.6770695445924023e-08
2009 0.0030151316821426443
2010 5.2585408472827806e-05
2011 0.00011863583325217244
2012 7.408303699381596e-10
2013 1.5857378024064093e-08
2014 3.1787998207228307e-10
2015 2.925154385998153e-07
2016 7.025517648519304e-08
2017 4.655786712588446e-29
2018 0.0005010009572260701
2019 0.6722114637976294
2020 2.6091171241798777e-07
2021 0.11220696232715952
2022 0.0020554958266892293
2023 0.25312503992945895
2024 0.0181619861012488
2025 0.02523556247505595
2026 7.681454330240301e-13
2027 0.615320226551061
2028 5.312924375588564e-07
2029 2.0239290784681292e-07
2030 0.00014213341555255226
2031 3.398958584068946e-08
2032 2.3646222626054895e-06
2033 0.0008662934051860136
2034 0.043414345041433024
2035 7.968185990580215e-09
2036 3.3763254120968574e-06
2037 0.48525002148779467
2038 2.720802023278407e-06
2039 9.605672508449374e-06
2040 0.00016428458842301493
2041 3.9332893944454006e-10
2042 7.836564363037126e-06
2043 1.2211463011711969e-05
2044 0.003984209548444941
2045 0.7239948047656828
2046 0.0013002440905346213
2047 1.422859760191046e-05
2048 0.029371498431770903
2049 6.535028228302973e-05
2050 1.3438468996080377e-06
2051 1.6668843641779118e-17
2052 3.2699312671802606e-05
2053 7.125754037142786e-06
2054 0.6999473341606455
2055 0.075930409001699
2056 4.190081688422945e-07
2057 4.787396536060792e-09
2058 2.300297265177353e-09
2059 5.489210399269415e-08
2060 4.7409946024963187e-05
2061 3.82650013175624e-08
2062 7.511813719644661e-09
2063 0.00141205620662945
2064 0.04783993446807483
2065 3.99927246813357e-05
2066 0.7894733438929749
2067 2.1367125343120642e-05
2068 0.0012920773885338713
2069 0.003452070122800075
2070 0.003492485333001705
2071 0.028103130892860026
2072 2.3060322473806992e-07
2073 2.6382867701535625e-05
2074 9.390745747832885e-09
2075 0.0031218720095137855
2076 0.143449945064036
2077 0.000314113198899547
2078 2.929154727678124e-10
2079 7.435230856634936e-08
2080 7.12856464746554e-08
2081 0.0001415621861023918
2082 5.122736388714885e-16
2083 0.6739296954693776
2084 1.7877858703311923e-12
2085 1.4960104376446345e-05
2086 0.00031825357465257325
2087 0.7947366902620412
2088 0.007433404485279809
2089 3.063686611872933e-07
2090 0.017893091318768005
2091 0.0017600741824776868
2092 2.5761072604288053e-08
2093 2.169943074628944e-06
2094 6.73813915790213e-05
2095 8.286024582750216e-09
2096 1.036791630818697e-06
2097 5.64932265484031e-05
2098 2.3093795688967003e-05
2099 0.0005283563469187414
2100 5.361797378621464e-07
2101 0.020504697037770657
2102 7.299199255721182e-06
2103 1.8830215030394256e-09
2104 3.661368873423388e-05
2105 1.757955655496814e-08
2106 0.035677233524469235
2107 0.31912373638931213
2108 0.0660657808392998
2109 0.00207402163477469
2110 0.0003037862358883528
2111 0.11447853756817256
2112 3.2453296097535147e-34
2113 0.0019349405254526122
2114 0.49576396322320593
2115 0.6018342790304831
2116 0.000614741671020001
2117 0.7382223262300465
2118 5.064464397712604e-11
2119 2.978153433662935e-14
2120 0.0001626190088609571
2121 0.00010906576251230087
2122 0.00013825958332376552
2123 3.687365239493735e-06
2124 2.859415693648117e-17
2125 0.2101181779163669
2126 0.008765673944048806
2127 0.0014726097600376382
2128 0.0030158384745421645
2129 0.004867258905396913
2130 0.19650230228506743
2131 7.729083126365485e-06
2132 0.18421924132387013
2133 9.150167130732702e-09
2134 0.12838403567702827
2135 4.465324779467078e-21
2136 7.302377693993926e-07
2137 2.2456175572353157e-09
2138 0.001819624140875416
2139 0.74790090948776
2140 0.0008011664592507416
2141 0.00013064810915503706
2142 0.0024576932791767216
2143 1.4635885390574897e-10
2144 0.00332465293972314
2145 9.677396171385721e-08
2146 1.7910784828857027e-05
2147 1.1854338450106472e-44
2148 8.067900345093762e-09
2149 1.5390261969981523e-07
2150 5.657509695740384e-08
2151 5.529886884218914e-06
2152 0.0848494942585505
2153 0.0029523508454916375
2154 0.002163505732402346
2155 1.1029948944502067e-06
2156 1.112962413268486e-05
2157 0.31830187972289475
2158 0.6290571213082713
2159 0.00041861168588571443
2160 9.899139633187814e-09
2161 0.03304608672199353
2162 3.4698548062947657e-10
2163 9.475327118463234e-10
2164 8.502068724415633e-07
2165 1.2474435286465726e-05
2166 7.306790540254855e-08
2167 0.033678992545104085
2168 0.07987286485598816
2169 0.2760721443553633
2170 0.00033325423021424703
2171 1.7643731930716175e-08
2172 0.12019818943970409
2173 0.0019223259761133949
2174 0.000992603236440497
2175 0.004858727272058026
2176 0.15421919510293103
2177 0.0007455603264737885
2178 2.882145462250041e-07
2179 0.017115404857256784
2180 0.0006311871144258105
2181 0.8317816733290957
2182 0.49747281702970725
2183 2.402995377102533e-06
2184 5.552643129049626e-11
2185 1.935277782792321e-08
2186 1.3492184065345813e-06
2187 0.0003444203729464849
2188 0.0015532213890674328
2189 0.4512356515165203
2190 0.39443402418382145
2191 0.00023695226117525676
2192 0.00037350828136402457
2193 0.37018037259306064
2194 0.0010379234363891326
2195 1.8199009247164895e-14
2196 1.4980559861149618e-09
2197 1.6400388170113168e-15
2198 3.317123345212926e-08
2199 1.9782298322254723e-06
2200 1.9732491997085117e-08
2201 0.0038769729376624856
2202 0.32775799122923305
2203 0.001492323093918413
2204 0.0037002308061263155
2205 0.003756402655382211
2206 3.0597762021898186e-06
2207 2.95344519907891e-11
2208 2.6663031788187155e-06
2209 7.892727902799659e-13
2210 0.6710714109353911
2211 3.66755974336227e-06
2212 5.817782718549437e-07
2213 0.0007753108199285006
2214 6.206476337047772e-05
2215 0.2550281250674167
2216 0.49052461612333265
2217 2.073580989990629e-09
2218 4.798877224944356e-25
2219 0.00020970155240018467
2220 3.120116112298886e-09
2221 0.003378214202062037
2222 0.4641384758926558
2223 7.786510303564248e-10
2224 0.2112445228774249
2225 0.006936027473000445
2226 0.007388565270203558
2227 6.948664208465364e-25
2228 0.0019665553107374263
2229 0.37774382147824487
2230 4.3993904284939766e-05
2231 0.10621124512159176
2232 0.38445453475721364
2233 0.01312037378078677
2234 3.2830980062124267e-06
2235 0.010701711041464744
2236 2.036677026767005e-08
2237 1.6308431190778925e-35
2238 0.22505224385653233
2239 5.17867520865474e-07
2240 0.243474600942245
2241 0.006534516564743371
2242 0.0030917118985195127
2243 0.25942066383152146
2244 0.013269682905663435
2245 0.02250343167848
2246 0.08148134203225682
2247 7.662287600808247e-12
2248 3.141414847581597e-13
2249 0.0010249805323275954
2250 0.0007929493560523928
2251 1.589798475756331e-05
2252 0.0006633291725588276
2253 7.556877682484351e-06
2254 0.020527038083967712
2255 0.037745732395836035
2256 0.18830745529372336
2257 6.662877213287238e-09
2258 0.02440035156326733
2259 8.088084165008667e-29
2260 0.0017030615656006974
2261 0.011916121385095044
2262 0.00014384842159062775
2263 0.24642256621587652
2264 8.75704626794973e-08
2265 0.00015633910546808375
2266 8.647704933531874e-07
2267 0.0029384214274147916
2268 0.2641536566316997
2269 0.035739354138827194
2270 0.001693424511875892
2271 1.3342676342255983e-06
2272 0.0010351820695594786
2273 1.8959115895536499e-06
2274 0.28519570302735836
2275 2.882059526751145e-07
2276 0.00010388365287271578
2277 0.0008625033268753864
2278 4.845540533501279e-08
2279 3.1277642364851286e-06
2280 0.26995680662174376
2281 1.293859014759317e-08
2282 5.040241131561317e-13
2283 1.590831269935793e-08
2284 0.0008364178310970189
2285 1.1999446798005155e-05
2286 0.15007917944564808
2287 0.021913324889451885
2288 3.648800317564057e-11
2289 4.420444216335568e-11
2290 0.09694209385409154
2291 2.467567758067314e-06
2292 0.013894348882645171
2293 0.27822659160875723
2294 3.841427484051631e-14
2295 0.006674635204683092
2296 1.0171907226196694e-09
2297 4.145602765503645e-08
2298 0.027996818031778888
2299 0.00020497943307444278
2300 3.882863069361669e-09
2301 0.25643424736224923
2302 1.0752508074161738e-13
2303 0.0003991562401043203
2304 0.625729207990402
2305 0.2585043393516643
2306 1.2823293155728706e-14
2307 3.854847156147417e-05
2308 0.350140241505943
2309 0.4618430123670603
2310 0.24455154011017677
2311 2.9227905550701537e-06
2312 4.364158278510862e-14
2313 0.17039335638590028
2314 0.02633601312623821
2315 0.01604432295634036
2316 0.00392722162945631
2317 7.117721251242664e-05
2318 0.0024464970804833983
2319 0.00440897247160665
2320 4.988585423895975e-07
2321 1.3049957136260317e-16
2322 2.051357322400313e-09
2323 1.1941698634585048e-07
2324 0.17033168400693696
2325 4.229201592487447e-11
2326 1.3413801244826884e-07
2327 3.2849301862961876e-05
2328 4.0347059169231584e-08
2329 5.884363849936437e-05
2330 0.0026309324809600703
2331 1.5599272747476516e-09
2332 0.2273145265738118
2333 6.554458735239018e-09
2334 5.507068336848358e-05
2335 0.18173673513039362
2336 0.04140980829018587
2337 6.65696796250033e-07
2338 0.00243383953027194
2339 0.6289196402306374
2340 3.331747905782084e-08
2341 2.0542438500061966e-21
2342 0.00020568743328066595
2343 0.00012414286046131452
2344 1.7395140856567432e-09
2345 1.9079447723938437e-05
2346 0.003701674479072832
2347 1.210254436570479e-13
2348 0.00023194646177553162
2349 4.184043670479547e-09
2350 1.3841208416973711e-08
2351 4.009343246548941e-30
2352 2.7156806971700106e-13
2353 9.192868961071527e-09
2354 0.010866529597265666
2355 0.0005775675016350514
2356 0.29882792463794555
2357 3.522286697077666e-09
2358 5.093706908311305e-07
2359 0.6498345514157158
2360 0.019590699629889255
2361 1.1992131213387395e-08
2362 2.0483157550035754e-18
2363 7.38672207365116e-13
2364 0.0020466047661738063
2365 0.00036516089512964386
2366 0.0007639371952178945
2367 0.0064282254128748455
2368 0.10027290587661811
2369 3.267642805728559e-13
2370 1.4485891442264206e-08
2371 2.526524878933629e-09
2372 1.737522884740181e-10
2373 0.004240020338826818
2374 0.013941237147857388
2375 1.8578853910203578e-05
2376 5.161993211221204e-13
2377 0.0002893007099717064
2378 0.0014221644935092607
2379 0.0007719097146049749
2380 0.008069486573829518
2381 0.03132441516534922
2382 0.011270150982633476
2383 1.2712349860065979e-14
2384 3.4822055872168492e-12
2385 9.886530350762602e-14
2386 6.672524096384849e-08
2387 0.0016511797967803815
2388 0.001951579579326193
2389 9.709984121003917e-05
2390 0.005777947944411789
2391 1.10712431318513e-06
2392 0.46634638994379657
2393 3.804118026937067e-09
2394 0.0009104915072733101
2395 1.2423995612587328e-17
2396 0.0012953734685437937
2397 0.00021136587244362687
2398 0.00030956607319231473
2399 3.911041212980373e-19
2400 0.010192858537856953
2401 4.135812811562848e-11
2402 0.03194582497120937
2403 3.0620813728116064e-13
2404 0.051847953268289115
2405 1.597764861981925e-11
2406 0.5929312397127794
2407 0.0001785577382485329
2408 0.6320170050775532
2409 0.016214215693870757
2410 0.001650256038745845
2411 0.03675012508548067
2412 0.7224260644444964
2413 1.2390629174888283e-08
2414 0.013525989728369695
2415 0.023409789947905726
2416 0.008640694938930661
2417 5.302612770953558e-10
2418 0.00035847570681831555
2419 5.992565891008529e-12
2420 0.0022942923582528326
2421 6.17617444791738e-14
2422 0.0013032533935590134
2423 0.0015129714267519147
2424 0.8175339256584994
2425 0.8204188385429321
2426 4.393677709077868e-13
2427 1.5132215421653606e-09
2428 0.0004857017891295881
2429 3.787193644289623e-20
2430 0.0016146729969891322
2431 2.1410605529861438e-17
2432 0.006322266566134352
2433 1.0125497419206156e-18
2434 0.8543690834027143
2435 6.326196485232726e-38
2436 1.519846074293647e-13
2437 7.145755932473114e-07
2438 0.0004162895135253737
2439 0.00018788482914070792
2440 0.0062868840179830686
2441 0.001400949839965302
2442 2.416087765045523e-08
2443 1.552735601543087e-37
2444 5.625686755529697e-18
2445 0.00013353945423128432
2446 0.16161925657592163
2447 0.023588753101244173
2448 0.8273616662562951
2449 5.872693241534835e-08
2450 1.8780001305182195e-10
2451 0.7361570360436035
2452 0.7792093470025755
2453 1.8887864031530476e-22
2454 9.72406222625499e-11
2455 0.023230025745366846
2456 8.310854568229276e-07
2457 2.3564060149427433e-10
2458 2.7116100522163473e-18
2459 1.8966548756474203e-07
2460 8.13891252468351e-09
2461 0.22741441940404347
2462 3.9982134853961214e-05
2463 4.024376741462854e-08
2464 1.0210098744836069e-12
2465 0.01011763122460517
2466 4.703299395599229e-24
2467 9.263411619201723e-21
2468 0.00014424093536893935
2469 0.06709756715743426
2470 9.166745768444382e-10
2471 1.310801232720277e-19
2472 4.9678221946784235e-05
2473 0.0017298780319391228
2474 0.0014094876014338932
2475 3.968524789934443e-26
2476 2.997675746026933e-08
2477 2.591893968106808e-09
2478 0.008434508906338851
2479 0.006893741582986257
2480 0.024335185737605444
2481 7.800348756166546e-20
2482 6.078484866410042e-12
2483 0.03746264479780476
2484 1.5662848440089378e-21
2485 1.0085017296779673e-39
2486 0.14454799806860985
2487 7.794052648868709e-12
2488 1.2539827037985117e-09
2489 0.000270759645943697
2490 0.023400895415233363
2491 5.766274220750674e-09
2492 0.010473493518785095
2493 5.608717791663493e-08
2494 8.031206235787678e-05
2495 0.17094174483493985
2496 5.3465894871751655e-08
2497 0.18583043579126793
2498 0.0023262751774365833
2499 0.0005947897664268798
2500 4.2522739167251724e-14
2501 6.230303689962028e-19
2502 0.020228436580604508
2503 2.27859338419211e-25
2504 7.036319552839586e-14
2505 1.5144605176268274e-20
2506 1.702777101231812e-21
2507 4.156175708701613e-25
2508 1.559870646428689e-19
2509 0.031028956011313596
2510 5.22308702801096e-08
2511 0.011758509891577566
2512 5.001331141437211e-25
2513 3.511869053646118e-36
2514 6.67329612601189e-14
2515 1.0797439607266171e-20
2516 0.027352808889483885
2517 1.1116510052874937e-10
2518 0.0010070727877005106
2519 1.9820789954479577e-19
2520 6.491862891216431e-11
2521 3.3061280263435707e-21
2522 0.004203957577089304
2523 2.6001783229821896e-08
2524 9.52083657871889e-07
2525 1.7972500256102272e-19
2526 1.3728226783437112e-09
2527 2.9303463286956353e-09
2528 0.0032105779027216566
2529 4.863681717076331e-22
2530 1.3150164693983644e-15
2531 1.1563816822131603e-13
2532 2.9780538525079517e-05
2533 2.2534339926569354e-07
2534 4.9406568034075056e-40
2535 1.2588475952815508e-08
2536 0.0008463151845930263
2537 8.166141548863105e-12
2538 0.0010036343549340776
2539 0.00014520927219519893
2540 0.0002322862523517089
2541 0.010377822955534695
2542 0.00041227149936702947
2543 0.0012392317279010935
2544 0.35741263661198247
2545 7.84742529702016e-07
2546 5.758586707141123e-06
2547 0.00032772607179748015
2548 4.451511444721073e-06
2549 0.0035411124224836365
2550 0.19456579343923852
2551 0.00010404367400307424
2552 8.43884808127146e-13
2553 0.01487306238458845
2554 6.283920646413666e-12
2555 5.4386853891861844e-11
2556 1.0429949052287514e-24
2557 0.0074052511096574306
2558 4.967700921489882e-09
2559 4.375848891607105e-16
2560 4.778805239888424e-17
2561 7.125920763453589e-19
2562 0.00043641913629540623
2563 0.0004922278600774623
2564 0.040560165116660746
2565 1.52486047243447e-38
2566 3.8627372744987526e-25
2567 0.23598494690411412
2568 1.223327125915897e-25
2569 0.0036720284388381754
2570 0.12588911626876745
2571 4.500805624734356e-09
2572 0.0033013338405991845
2573 0.005950982189910778
2574 4.214545537301444e-09
2575 1.4411534784971204e-08
2576 2.419094300348734e-07
2577 0.000662741133134851
2578 3.9198467516904924e-15
2579 0.0014951400708681773
2580 0.00012709397758685557
2581 0.0003514483578700948
2582 0.0012302055405491413
2583 0.19644672074147362
2584 0.10880432075656388
2585 1.117619771870234e-12
2586 0.00010987487078816012
2587 7.682952585994101e-07
2588 1.4249019691228148e-19
2589 0.004746684805381693
2590 8.132371077004326e-27
2591 0.0009017235467374511
2592 2.734765526122108e-07
2593 0.3903839531248185
2594 0.002145137796521058
2595 0.42256499187006463
2596 0.0003085654414279495
2597 4.841315948975262e-07
2598 0.0003995550719031009
2599 0.01602195378686223
2600 7.241875242906861e-09
2601 0.0096657735651337
2602 0.0003717646273643483
2603 0.014889080836435729
2604 3.683894243192454e-19
2605 3.701629987161437e-20
2606 1.6998369118810785e-07
2607 0.000732461869128087
2608 9.105038688553092e-15
2609 0.008684781654875278
2610 1.5072883003067374e-23
2611 0.014718847841178918
2612 3.2345218547516324e-45
2613 0.00018829832520160414
2614 5.7897867154871045e-12
2615 1.336217239464637e-13
2616 0.15535844423550194
2617 0.005448374728349882
2618 0.1796412446262875
2619 5.00984192639811e-23
2620 3.2629656539985057e-31
2621 3.3676038205814004e-39
2622 0.005839656363770908
2623 1.2892623939748767e-20
2624 0.002988141526533901
2625 4.78093131315547e-11
2626 0.6880845326608128
2627 0.0005718850463277942
2628 5.255831626190254e-21
2629 0.7124857287491049
2630 2.6553124058067216e-10
2631 0.024546661941325775
2632 7.18051450976633e-26
2633 0.012927177219078831
2634 0.0006198855502394356
2635 0.0001463178511739153
2636 4.6337449473613475e-24
2637 0.6119615925544989
2638 0.0005567046331792721
2639 2.7176915050564945e-26
2640 0.31091168823131066
2641 2.1002164654798485e-06
2642 2.3526518577530955e-09
2643 0.0007716281437413759
2644 1.7056419744829433e-24
2645 1.4544672082946462e-06
2646 0.0029280190324536895
2647 0.40640026221643905
2648 3.829850419249322e-36
2649 0.0008940526984085558
2650 2.3718462856030347e-34
2651 3.312522149585306e-05
2652 0.17234425530231254
2653 0.004248612582124645
2654 1.1418311952985231e-05
2655 9.975760645768815e-07
2656 0.09429957617328097
2657 9.643170908876691e-07
2658 1.234677601400071e-10
2659 0.00038531723467389196
2660 0.22907614856307382
2661 0.1250783729143019
2662 0.2817613165634034
2663 2.0338346350913987e-05
2664 1.2218410246499316e-22
2665 8.06830619244209e-08
2666 0.46308742563525634
2667 2.24030706365601e-50
2668 0.009678548103960665
2669 0.2037079107307545
2670 6.808899389844804e-05
2671 0.04265620120367588
2672 4.25067489638636e-05
2673 0.41179956603672396
2674 0.023276141340732026
2675 0.47219643695069835
2676 0.09311920061937141
2677 0.009859364726147972
2678 0.07635952652006507
2679 0.006101644945114688
2680 0.33414191841525864
2681 0.2568829898747791
2682 0.0001101431755424028
2683 0.35832047283588364
2684 1.4213838254709278e-43
2685 3.5049332744542114e-05
2686 8.834537090586141e-13
2687 2.4994799335140384e-11
2688 3.7811041215466753e-16
2689 6.295934095533865e-05
2690 1.3978608373533395e-06
2691 0.18417526497075917
2692 0.009249995660874403
2693 0.3849047349321377
2694 2.2840494252801895e-17
2695 0.005950010689950915
2696 0.325493618113668
2697 0.3332671842313383
2698 0.06618544095729278
2699 0.0006031892534868791
2700 1.3550331780726002e-11
2701 0.028824869147301323
2702 0.0002244649472492901
2703 0.022077481569531033
2704 4.361787993652713e-05
2705 1.4054186025001183e-09
2706 1.363201871335466e-23
2707 4.162170898276469e-23
2708 0.01380975165328075
2709 0.6156920425570278
2710 0.02996779243300571
2711 0.00011568776951245506
2712 0.026387116556747785
2713 0.10788626919851474
2714 0.019897000240989816
2715 1.5174503918275124e-11
2716 7.115171356911667e-20
2717 3.6158861365763404e-11
2718 0.03196228108640281
2719 1.3121838807354822e-17
2720 2.548697611217502e-06
2721 0.00030562503585242494
2722 4.272009845407492e-10
2723 0.31950931986620185
2724 2.342672918952446e-11
2725 1.8800406107171062e-10
2726 0.009582108321251306
2727 8.404077231347827e-05
2728 2.702639753272555e-09
2729 2.607779509341218e-10
2730 2.516958887899398e-05
2731 0.32998222556446716
2732 6.454265384477995e-08
2733 0.13308504317199354
2734 3.320047468470245e-22
2735 1.899845963787699e-10
2736 0.060775773367718666
2737 0.0039131651355622426
2738 0.30307751021580975
2739 6.217800705734888e-15
2740 6.949519002492788e-11
2741 2.8346290240837023e-06
2742 1.9368899662733742e-06
2743 2.4086391861429223e-11
2744 0.0004044976208678048
2745 0.00013346146272464682
2746 2.5936389170889732e-05
2747 1.7907196396120148e-05
2748 0.38280625440927585
2749 0.4677481218917003
2750 9.555004854967338e-24
2751 0.5301479155059952
2752 7.444932778431101e-16
2753 2.209169608500943e-07
2754 0.003629637967363572
2755 0.06122912044839602
2756 0.008047133326855272
2757 1.786420503510284e-05
2758 0.00014080303204792142
2759 0.11337840952099563
2760 2.1634943943204982e-14
2761 0.005224327671920707
2762 0.07064690218296842
2763 1.7904028808242796e-12
2764 2.7150192768852397e-10
2765 0.31015809041257053
2766 0.36140874864830613
2767 0.00013327900392805928
2768 0.06573841621130783
2769 0.0003809391782033961
2770 0.04030296482290514
2771 1.2177630025945054e-16
2772 2.5544849184235338e-05
2773 5.96868210841025e-05
2774 2.0282390249722548e-16
2775 3.151791633755278e-05
2776 0.30670569633199385
2777 0.2376924357369089
2778 0.41135313504687626
2779 1.774501180255213e-05
2780 0.1728296633226748
2781 3.397624481243697e-11
2782 0.1365234869105604
2783 0.36636829652908565
2784 9.160088603619439e-06
2785 8.611352394017919e-05
2786 0.36633383910754636
2787 0.5293172459199842
2788 0.11595571808353514
2789 0.42568343075684595
2790 8.658975288917411e-16
2791 0.548449989782691
2792 0.410949314494957
2793 3.949968680929725e-05
2794 7.728009844485952e-08
2795 0.07289796545283128
2796 0.04148137674391679
2797 0.004772787551210698
2798 0.04360908284434542
2799 0.07170335348801793
2800 0.019265653894417766
2801 5.976426032616875e-05
2802 3.5491761191486844e-08
2803 0.031595963211587336
2804 5.4467798054203754e-05
2805 1.4637644166055917e-05
2806 0.04199292907018232
2807 0.1055525843704227
2808 0.00016501472150038857
2809 0.41536565114831553
2810 0.16271184533837443
2811 0.09523998931081705
2812 2.7479455765021667e-11
2813 1.163147749996281e-05
2814 3.881087659704912e-07
2815 2.843039940718002e-09
2816 2.748166026196298e-07
2817 2.4467229359622882e-05
2818 1.3671243397410361e-08
2819 1.7633352960606413e-08
2820 7.877006866251421e-05
2821 2.6671997245815894e-16
2822 1.9517855338646652e-06
2823 0.17486124702985673
2824 0.013660760044252982
2825 3.0915961417242025e-07
2826 0.2818373740760526
2827 0.12670493022872728
2828 5.5581743158234865e-15
2829 0.37703293688072853
2830 0.06439606392784186
2831 0.5447710426423266
2832 0.4689518254185968
2833 9.049323326960499e-06
2834 0.19621085786346815
2835 2.8894397580513462e-15
2836 0.5881704542133552
2837 3.867294984289478e-09
2838 2.2888832304569742e-05
2839 0.5887645833484985
2840 2.9712225503713734e-06
2841 0.5462770913913936
2842 0.15472760450259437
2843 0.17814390444362252
2844 0.47021364659240894
2845 1.4584880955808556e-09
2846 4.3340699920434965e-20
2847 0.013197841912678301
2848 7.50969857105796e-08
2849 5.051937331510852e-08
2850 0.002071401289657916
2851 0.0006387437416678462
2852 1.7384420731742267e-19
2853 7.812955731953228e-06
2854 6.2508014356389286e-06
2855 0.001878466441519833
2856 0.37427600526907784
2857 1.0624455036609405e-24
2858 0.08944569999060706
2859 0.0002818114360405107
2860 0.023590626556276577
2861 0.0002270238098679602
2862 2.2778004439184435e-09
2863 0.18444999501983184
2864 0.0015068151740641083
2865 2.8973972737970828e-15
2866 0.20882029484389802
2867 7.73437119564968e-12
2868 1.4372704386961015e-05
2869 0.00020916614261686162
2870 7.95260224470108e-09
2871 4.1972963817843265e-08
2872 0.11510900232427641
2873 5.114839598466001e-05
2874 4.016947309002875e-09
2875 1.9187015837889335e-06
2876 2.2867337455505957e-08
2877 6.180929171089619e-06
2878 5.907600159555915e-06
2879 1.7724005904249447e-20
2880 0.03188894875195917
2881 0.002285593861116657
2882 4.6328353527515016e-05
2883 2.5508148684389138e-06
2884 0.013628369572052585
2885 1.672623117839264e-14
2886 0.006789363002220342
2887 8.595679982110595e-22
2888 4.690095368668494e-06
2889 2.296474774686642e-11
2890 0.2993684275544723
2891 1.3719349118556987e-07
2892 3.873968012979712e-05
2893 2.2645331592860158e-15
2894 2.32945306355404e-07
2895 3.591071151720159e-06
2896 3.565824436586769e-07
2897 0.15991216057847457
2898 3.461219172771588e-06
2899 0.18689988851524772
2900 8.049540022074158e-05
2901 2.700096584068994e-09
2902 5.893018810799563e-05
2903 0.11819517113992986
2904 1.5007285341922288e-16
2905 0.009585287035123343
2906 5.746043938994972e-08
2907 7.339557042935446e-08
2908 0.06603865327523958
2909 0.33564321734085106
2910 0.018023445447663867
2911 0.26021605370596995
2912 0.0004427977423471508
2913 0.001635301358204226
2914 0.11120841665545915
2915 1.2938568887324826e-10
2916 3.011699371463871e-06
2917 4.864880100857989e-06
2918 0.2835066162934099
2919 7.994441742944583e-05
2920 0.00014231080050323118
2921 5.347224434415088e-21
2922 3.597385331805585e-07
2923 0.1694497993726407
2924 2.2863328827712149e-07
2925 0.01706286125362074
2926 1.6804655277018916e-05
2927 0.1281263225624257
2928 4.654886002869849e-08
2929 4.842917446007841e-15
2930 0.3567123805357821
2931 0.23837988887384542
2932 0.12558106945719968
2933 0.5565126172986582
2934 0.10249749301652063
2935 0.12091945396432613
2936 0.3422614180305371
2937 0.17098216237704045
2938 6.424269953646535e-08
2939 0.11611447189333327
2940 1.2237917898355898e-05
2941 0.6521545452452603
2942 0.09011996961969718
2943 0.3693881466117693
2944 0.049587139305614265
2945 0.21035298646835823
2946 0.5623858953626402
2947 4.3750922718499494e-05
2948 0.2960980069904151
2949 0.10496248292771367
2950 7.462203075270288e-16
2951 1.1995921789118943e-33
2952 0.1760383873894924
2953 0.08888900389491113
2954 3.3958023030096e-08
2955 1.5859057719027295e-07
2956 1.18317013929958e-15
2957 2.458821577625961e-07
2958 9.39986122403318e-08
2959 2.6784123824148143e-09
2960 0.0654423666789214
2961 0.3551718479016668
2962 0.012644406966272476
2963 0.2491830467364937
2964 0.07263943988881444
2965 5.8666525057984814e-08
2966 0.11824603058022876
2967 0.273686285998948
2968 9.473151513812254e-08
2969 5.36468713478433e-05
2970 9.745169579966796e-06
2971 1.820903566600064e-07
2972 3.20154692758214e-08
2973 1.9564414788269547e-07
2974 0.0959199619857568
2975 1.185969526569235e-06
2976 3.7774769774138534e-17
2977 0.2713820097620131
2978 2.148627623056877e-05
2979 0.05026062304306492
2980 2.07464903696494e-10
2981 1.1438948398588663e-07
2982 0.06441110837050087
2983 9.793032699518176e-08
2984 5.754824365242271e-08
2985 1.4252567020229527e-07
2986 0.1074696903641387
2987 7.563423962688875e-05
2988 0.0013408387312787164
2989 2.5736958453670355e-05
2990 0.003236947683664311
2991 0.17426817671180844
2992 0.15167335767977658
2993 0.008887553120774156
2994 8.361622346964851e-09
2995 2.507652184075466e-07
2996 2.3945780255120055e-05
2997 4.3331494372611234e-16
2998 1.1056089080375848e-05
2999 0.15311545296942214
3000 5.147166298153133e-37
3001 1.3477801682264786e-05
3002 0.00923563800540093
3003 0.0008655729283871587
3004 0.0010821646151418928
3005 0.003011177518596363
3006 6.615428759866745e-06
3007 0.00018002803584478937
3008 3.600427878277889e-27
3009 2.2493737895320698e-07
3010 9.17236770260432e-05
3011 8.027704870306257e-10
3012 7.430489226293236e-05
3013 0.0005833294945625403
3014 4.2759334137342735e-05
3015 1.2615441647019017e-05
3016 3.918220992900091e-05
3017 1.3494138723870613e-07
3018 0.5403663884130971
3019 1.2982552912444457e-07
3020 1.3368629407846918e-08
3021 1.9120946916167903e-05
3022 1.6132735851490202e-05
3023 7.77770999247034e-06
3024 0.019694894409757895
3025 2.5393595471895136e-06
3026 0.012355971785201331
3027 0.007049242405892554
3028 0.003770041454939294
3029 0.021987588973251048
3030 2.019652709869631e-35
3031 2.812066717728584e-06
3032 0.00378285315692806
3033 0.012088733571694415
3034 0.015446871400023453
3035 9.74099555223834e-07
3036 0.00849896739279784
3037 0.0022807128287533496
3038 0.03279867918059498
3039 0.0016913616586043418
3040 2.598789980371547e-08
3041 0.02825369879068454
3042 3.7139691498628524e-05
3043 0.002856742125128176
3044 0.4029184537734528
3045 0.01066468039969259
3046 0.004103182422105425
3047 0.00546748609128364
3048 3.3553760957356845e-08
3049 7.687007610685891e-27
3050 1.1183062201637846e-10
3051 5.940664159828151e-13
3052 1.0037840831751277e-08
3053 9.211199827847822e-35
3054 0.006272460939392026
3055 7.618089907650445e-06
3056 0.3911939181206341
3057 5.627121362655504e-25
3058 0.3154059153220694
3059 4.6383251096492245e-05
3060 0.4787753599110464
3061 2.2850090248133365e-05
3062 0.0034067243094340325
3063 5.783912367440014e-12
3064 1.9496308704262275e-05
3065 0.017142756661824902
3066 8.086845110042583e-06
3067 6.55994590752397e-11
3068 3.5638149079531273e-06
3069 2.0075838023996903e-05
3070 2.9202408055384738e-06
3071 1.4986300634348583e-06
3072 9.165115113246355e-07
3073 3.846319719675052e-07
3074 2.8713210963696987e-07
3075 0.014097912299600543
3076 2.1030249140980783e-06
3077 0.0019063573053689162
3078 1.7388828313637464e-35
3079 2.3991213091469404e-11
3080 1.4431079416510446e-35
3081 2.4527209139750773e-07
3082 1.894085447223436e-05
3083 1.1610817082762884e-07
3084 3.6966443413364037e-08
3085 3.0071178691182483e-09
3086 1.7022132468621118e-14
3087 2.2960175209217776e-09
3088 2.1504216868256943e-13
3089 8.301846890875719e-10
3090 3.4528731142157042e-06
3091 3.535082032359831e-20
3092 0.0022217051315483608
3093 5.7725898117012085e-11
3094 3.651136164849359e-11
3095 8.809458556654159e-29
3096 8.717021399337093e-14
3097 0.018999370719977773
3098 7.33881019546949e-10
3099 0.005875120145867847
3100 0.008674633360043048
3101 1.2138829041765652e-06
3102 1.869359621574336e-13
3103 1.8820664406266408e-12
3104 3.590678646327532e-08
3105 8.551200330099428e-43
3106 5.947812892014172e-10
3107 1.27667709734483e-10
3108 2.706246276037743e-07
3109 1.1589526669663258e-07
3110 2.21878346314862e-30
3111 2.3596594529920875e-10
3112 0.004052418682344708
3113 0.00840476441191171
3114 0.009074846904901441
3115 1.6165119705328406e-32
3116 3.229441187644729e-33
3117 0.00348149547503791
3118 9.465079240753107e-07
3119 0.006460545943585944
3120 0.0011302670298740166
3121 0.004853674310226536
3122 0.027691097621147735
3123 2.920635457924231e-08
3124 1.8207511607110876e-14
3125 0.0024578223077990177
3126 5.687504034618394e-24
3127 0.046065237710907356
3128 7.665975136806274e-06
3129 0.003301928226372014
3130 5.0577299369233225e-27
3131 0.00037181431352341533
3132 0.0006157308466320041
3133 5.13635928703629e-07
3134 1.688215315854534e-08
3135 1.833124827592102e-08
3136 2.3984319357402414e-09
3137 2.853610828917215e-07
3138 1.1512473962427218e-06
3139 2.8153711084111446e-10
3140 5.239961725929624e-26
3141 1.8998383678079913e-08
3142 0.00024884420987045464
3143 5.4775400423406934e-06
3144 0.008611335752605684
3145 0.001411520062040793
3146 4.52419975346938e-18
3147 6.279490416905021e-05
3148 4.423560007852372e-14
3149 3.664438700927359e-09
3150 7.732274946128328e-13
3151 7.56682996268266e-11
3152 3.7769449103841326e-28
3153 0.007910442255899906
3154 1.6666884496785406e-34
3155 2.6110178427938595e-64
3156 1.373100054895365e-05
3157 3.4998840558186895e-12
3158 6.19562465264505e-08
3159 1.0843710237684967e-06
3160 9.481701312284679e-07
3161 6.037995605025509e-08
3162 1.0862524394376101e-10
3163 1.774920686807296e-11
3164 2.068600232568917e-37
3165 5.253782223948413e-11
3166 6.99517580689706e-17
3167 1.4231766276507265e-07
3168 0.00018216759748856484
3169 3.000086335827455e-09
3170 5.535219688769279e-10
3171 0.004609554511912687
3172 2.2088129665346494e-30
3173 1.2046972752263168e-12
3174 1.758976008940211e-14
3175 2.5466909346765788e-18
3176 0.0010187442287043153
3177 3.400620868090622e-14
3178 1.0369895752437873e-09
3179 1.2210407519072565e-10
3180 0.009819916490005312
3181 0.00031557405263284415
3182 0.0001070716569445542
3183 1.0690068092262434e-05
3184 4.728669973744068e-06
3185 3.2900603163684674e-13
3186 7.165318946192288e-41
3187 2.0276992555092073e-11
3188 1.3549065748094967e-10
3189 1.876142937076474e-10
3190 9.169643471700338e-31
3191 5.5063292352127244e-12
3192 7.331255577793063e-12
3193 5.0587088026290354e-05
3194 9.5976028451328e-06
3195 3.871478297356719e-05
3196 1.0415034415406114e-10
3197 1.00504951326251e-05
3198 1.985287881046116e-10
3199 9.420179472730656e-30
3200 3.123942821617343e-26
3201 1.4461166013127239e-29
3202 0.004241732628321567
3203 3.2468027939377496e-15
3204 2.3680874690578117e-06
3205 6.864469509952405e-06
3206 2.0804259239024574e-09
3207 3.803160697285595e-09
3208 8.960124840859437e-31
3209 1.9760771108686435e-21
3210 8.766783235080342e-32
3211 0.0001675482205170592
3212 5.786877973271688e-12
3213 9.031609979304168e-05
3214 6.91682539814119e-30
3215 1.5224517991602855e-34
3216 3.382198359231898e-11
3217 0.0003302092302322547
3218 0.0028578293162922065
3219 4.50449197479046e-12
3220 1.747631555001654e-09
3221 1.7409261784912388e-07
3222 5.424173230405514e-28
3223 4.040801863957756e-06
3224 1.6565184654438617e-30
3225 1.8198623127430605e-06
3226 8.790126093433478e-10
3227 1.2255660131471697e-30
3228 1.5781748829555104e-10
3229 3.8553590068308585e-11
3230 4.4420293117764897e-10
3231 1.8097932719712857e-09
3232 1.0063499244444932e-20
3233 2.273632405285625e-06
3234 2.3767497989005423e-08
3235 1.2218367191013392e-11
3236 2.8081094119812595e-12
3237 7.576455478447342e-11
3238 3.3355611108447347e-13
3239 0.012199699958207036
3240 4.67764394174575e-09
3241 9.021488728502464e-24
3242 1.934746414203011e-11
3243 1.1357233489133388e-18
3244 3.3569426060013935e-06
3245 0.00039188635210202005
3246 2.3160052655580442e-07
3247 4.735068757092259e-08
3248 0.004100749747830701
3249 1.1678876029437188e-06
3250 0.0003123159967240832
3251 1.3272130934884024e-10
3252 0.0011484557589939055
3253 1.0022412297451671e-06
3254 0.0017565685156621768
3255 1.39367856501699e-12
3256 2.4721113448566298e-26
3257 9.607741883834488e-11
3258 7.068046871988532e-25
3259 5.541536561744513e-20
3260 2.3672111283189205e-31
3261 9.882867700692502e-35
3262 1.8524175295238914e-11
3263 1.8669157314587195e-16
3264 1.5391371011994524e-09
3265 2.5535455525957155e-09
3266 1.848553983569072e-21
3267 4.75814646058163e-07
3268 6.551898162877738e-06
3269 0.00021663659668598312
3270 0.00011329994651963822
3271 3.6465363375261535e-13
3272 8.153034120479714e-14
3273 0.0006673719897301131
3274 9.588416089498484e-12
3275 2.3336444649723004e-20
3276 4.793184781406171e-20
3277 2.3748044948197235e-08
3278 1.0603223119357578e-14
3279 3.7086281988316956e-11
3280 0.0010319467030942052
3281 8.783785302633837e-07
3282 1.649483426164133e-10
3283 1.077307736235804e-10
3284 3.550438676290729e-08
3285 4.861447348059834e-08
3286 2.0816530051336596e-10
3287 8.246061790133949e-23
3288 9.92452303500102e-10
3289 1.457256023627528e-05
3290 5.618055103301063e-10
3291 3.136542640180203e-08
3292 0.00013966517261540626
3293 8.054474640000652e-33
3294 1.890634868555291e-10
3295 1.247755497426933e-10
3296 8.020049857772525e-34
3297 8.167896470475248e-13
3298 1.299360265994361e-32
3299 0.0027145110137796616
3300 5.0806697303692625e-14
3301 6.471605365880366e-13
3302 3.553519062156287e-37
3303 4.4205344336989416e-11
3304 9.206069733314097e-38
3305 4.149287081787263e-17
3306 0.007490162929388778
3307 1.2881722394852212e-05
3308 2.5502250631648452e-43
3309 3.6267669893132696e-26
3310 1.2363093963454831e-10
3311 2.849660429271488e-10
3312 4.0531794830319355e-06
3313 1.2281191126020232e-11
3314 2.0913509953344334e-47
3315 2.712788555470684e-13
3316 2.3839036178925187e-11
3317 4.739265366659796e-34
3318 7.325413972486804e-11
3319 6.079084498409117e-42
3320 6.584046899440197e-15
3321 1.2923113849463737e-27
3322 9.785133767220626e-14
3323 2.4365887317298595e-11
3324 1.6976976252479602e-28
3325 0.011916984725090844
3326 3.755890927663394e-08
3327 1.2833172000355232e-10
3328 1.8531390421433707e-08
3329 3.1224555047999014e-09
3330 1.0928119176205263e-08
3331 4.263524508364635e-07
3332 0.0002542397168962263
3333 6.773306487909457e-08
3334 1.208585029890545e-20
3335 4.02477840892214e-06
3336 4.907703663202307e-18
3337 6.336966743629798e-05
3338 6.284870003590961e-40
3339 5.7455868388632426e-11
3340 1.0990169073062975e-06
3341 5.24329613168172e-05
3342 3.0298376144394867e-15
3343 1.9113258327530447e-29
3344 7.597241306557872e-10
3345 0.0009188211746962183
3346 5.661234028414553e-45
3347 5.787191838645088e-10
3348 7.29148412808638e-39
3349 5.536412472756799e-12
3350 0.006371691950467083
3351 1.1022998295263072e-09
3352 8.594369288160956e-14
3353 1.6870264171818134e-34
3354 0.00029758695920481824
3355 1.662282458395952e-10
3356 0.0005534465809967084
3357 1.4598105525757473e-10
3358 9.839662202489497e-20
3359 3.9612780691356457e-26
3360 3.7836981863240247e-10
3361 2.2921204051198067e-11
3362 6.788795425366421e-19
3363 2.0927236812679109e-10
3364 7.040396591507501e-07
3365 3.795047293367005e-12
3366 2.9811163540204786e-38
3367 2.5915654775246316e-05
3368 3.359954019635503e-28
3369 5.237255091722514e-06
3370 3.4763286799959824e-10
3371 0.0002605878136572907
3372 1.049137234262672e-10
3373 2.6841234034582586e-11
3374 8.49594798485622e-05
3375 6.142404216066291e-27
3376 7.2432910924845935e-06
3377 0.002700524320843182
3378 0.0025224497788125647
3379 5.590679324563201e-28
3380 1.0782897925145503e-36
3381 8.352441289434433e-11
3382 0.000562245389169773
3383 1.7439413166465076e-07
3384 5.9447246975877056e-46
3385 1.233902957246663e-06
3386 2.500285347165916e-12
3387 3.288753077789141e-21
3388 2.1383790221232184e-11
3389 6.112333342923127e-10
3390 0.00023885088201385874
3391 8.718802355285849e-09
3392 8.809186240934094e-15
3393 3.008442353289231e-08
3394 0.004030195674686289
3395 1.2577215368692705e-28
3396 3.5733641203548216e-07
3397 5.726547855893444e-12
3398 2.2151616140291276e-15
3399 0.0009203482483350121
3400 2.0596446787326206e-09
3401 1.9755591586245224e-09
3402 4.0135946635266223e-07
3403 7.137084791748478e-15
3404 1.865045672814228e-09
3405 6.261353673907769e-06
3406 3.024224685538554e-11
3407 9.202461693118664e-11
3408 9.66006413233311e-39
3409 2.0728811555462312e-06
3410 7.593751919121234e-05
3411 4.321002838203512e-13
3412 1.763165694368122e-06
3413 0.00018052895098219266
3414 7.784719576512707e-18
3415 0.00011230977602434412
3416 2.0501998904359882e-09
3417 3.5758337534182044e-11
3418 0.00016522889039910553
3419 3.921853913032011e-09
3420 2.7929104037390266e-06
3421 1.8556910267609115e-11
3422 4.579303431414366e-21
3423 0.0024960269052284184
3424 8.796100158536196e-11
3425 7.308233751294077e-10
3426 3.62120216468681e-33
3427 7.725177473988051e-21
3428 2.6019715396345524e-11
3429 9.01682148321498e-28
3430 6.292601284531711e-18
3431 2.89026799679091e-10
3432 0.008808485019882196
3433 0.0014993287991626615
3434 0.0033608044318806955
3435 1.4690737180906893e-10
3436 5.311988954513867e-22
3437 1.9670015357346191e-10
3438 1.6831777898244543e-22
3439 3.642539184602467e-12
3440 0.0012411830374375
3441 0.00011231673190309221
3442 0.004679055738141666
3443 1.7153956749832007e-08
3444 8.191210119253904e-23
3445 1.4932553318875934e-08
3446 1.130772867903959e-17
3447 8.10332293438343e-37
3448 1.2730256585168686e-21
3449 6.994725242058345e-24
3450 1.4778443669953054e-13
3451 0.005348461031166446
3452 8.050279097589334e-12
3453 4.6446614567689805e-23
3454 4.566921970927392e-21
3455 3.3475768330823524e-39
3456 1.40887111343914e-23
3457 0.0018696088381277192
3458 9.619157978556982e-11
3459 6.50339066943061e-22
3460 1.3709513233391341e-11
3461 2.123734462995889e-09
3462 6.50212569934067e-44
3463 0.004688684255947916
3464 2.557372479793742e-16
3465 1.3504051928153174e-41
3466 5.579232612902537e-13
3467 7.0992544211486396e-06
3468 0.00037904823077109743
3469 5.442300504148736e-17
3470 4.5113663543028926e-05
3471 4.372882895492029e-11
3472 1.779423100045018e-35
3473 6.393446614122447e-11
3474 5.21276360758592e-09
3475 0.0022089086212278286
3476 1.145612595010252e-08
3477 3.507803291481155e-44
3478 0.0008635890676527844
3479 2.3108324118595485e-10
3480 1.8450870996150205e-05
3481 1.7253538429894293e-29
3482 2.7639619927312856e-10
3483 2.62000959677713e-21
3484 5.053332323627659e-10
3485 2.6429736773480194e-13
3486 0.006666552666013871
3487 1.0656922651342623e-07
3488 1.3861867870748092e-13
3489 1.0338203283489125e-17
3490 0.003250850048831227
3491 8.169595869233302e-12
3492 0.00013144151311615034
3493 6.495221668716292e-10
3494 3.92511880162904e-11
3495 2.9546201267595815e-05
3496 1.2964984368063216e-06
3497 2.2105408817366015e-21
3498 1.378451412483162e-33
3499 8.598434850418972e-08
3500 0.0018382717539452414
3501 5.552059808342561e-19
3502 5.785688168889395e-10
3503 2.645168859138481e-29
3504 8.590043321335085e-22
3505 9.249665689442035e-05
3506 0.0011361465861324076
3507 8.528806689785165e-11
3508 7.663266675348664e-13
3509 4.60242366640727e-11
3510 8.096398358901595e-20
3511 1.8506689922145653e-10
3512 0.00010696562338643423
3513 0.0013808649577146006
3514 8.697461427637649e-19
3515 5.079506370972129e-13
3516 8.697749089616172e-29
3517 8.270643404078072e-05
3518 7.405837687164211e-27
3519 1.4350712487754378e-12
3520 6.097815844508067e-29
3521 2.2961478829080907e-05
3522 7.08816592590538e-30
3523 9.077112191705679e-27
3524 1.2526259674929196e-40
3525 0.002958220843581588
3526 0.00012596349617305012
3527 4.986409802424876e-43
3528 1.1857522073551448e-42
3529 1.4547263469961587e-10
3530 6.508332605446558e-36
3531 7.572926166370094e-10
3532 4.466795626086657e-11
3533 6.933988677573685e-05
