0 2.2991136248786e-06
1 2.0682793930362136e-05
2 6.004187023431179e-13
3 3.160667671745722e-05
4 2.3243332306272113e-07
5 2.3773078255202503e-07
6 1.8099189490881988e-10
7 2.490375111126719e-14
8 1.8137131391371578e-19
9 1.1512263607747782e-29
10 1.69456294207032e-08
11 2.718745635209038e-14
12 2.0214839784016433e-07
13 2.565462744550256e-28
14 5.386187837766735e-05
15 8.202050138688886e-10
16 6.147568923503798e-12
17 1.0587901502455708e-07
18 7.36836592177347e-14
19 2.727302083440917e-15
20 1.5291211290613732e-10
21 2.998192825925461e-11
22 0.002213194404279844
23 3.0055006915989367e-10
24 5.4682597587104234e-05
25 9.782223443464594e-05
26 1.9506562532274406e-24
27 8.081070754996567e-28
28 7.816733453313352e-07
29 2.018552687121108e-09
30 1.386962835117225e-27
31 0.0005853136218665638
32 2.5458334397855124e-43
33 8.094924435012263e-10
34 1.7050176402730856e-09
35 7.62058068146304e-14
36 4.007930858105139e-06
37 2.2698424552608197e-14
38 1.2743221592166152e-05
39 3.2921287816813336e-05
40 2.4277454481610602e-20
41 4.5037061922995345e-27
42 2.4003095863227874e-14
43 1.6520128431510037e-06
44 1.0614477406042488e-09
45 1.1721611809113123e-07
46 5.812436334871872e-07
47 0.000646112284337359
48 0.00041941704193327044
49 1.654722825386318e-10
50 4.155360478164244e-08
51 5.648037223832694e-13
52 4.3181409750717717e-13
53 3.1821063379696874e-09
54 1.0774905335205016e-05
55 2.089582308206602e-05
56 9.76346231697086e-07
57 4.8448644359092236e-26
58 1.2889276319418074e-07
59 9.993543159932986e-08
60 2.4442107339647334e-05
61 3.5590961904181077e-12
62 0.0005538838246170573
63 1.4434103917709854e-05
64 3.417622146406549e-08
65 8.939859699128727e-09
66 1.634985826134131e-08
67 8.238035314258035e-22
68 1.949696603736444e-09
69 1.0852692855354543e-06
70 7.531655753049e-12
71 0.0007311419594286435
72 1.0250486588665306e-34
73 8.199174390422539e-42
74 3.388411682541531e-14
75 5.389905179972218e-13
76 0.00015017256176228508
77 1.2696090989627271e-06
78 0.0005792777849840869
79 0.0027575642118553337
80 6.827881107969783e-11
81 3.2383248547335854e-13
82 6.045985097174975e-11
83 8.271910078305284e-39
84 8.020116340487914e-12
85 7.286295054478263e-08
86 3.1678171558648185e-08
87 1.5313638996027096e-05
88 0.00025811863475570183
89 0.0002977698142095006
90 6.419639602774544e-11
91 5.208821484454637e-11
92 6.363895965112266e-13
93 0.000333131056822509
94 2.4338645267450713e-30
95 2.4207456064037265e-26
96 6.055130556306248e-15
97 0.0001516667411267441
98 0.0005023427807121306
99 0.00018856163166384386
100 1.9159351321224006e-07
101 0.0005419892585653836
102 0.00010312774606629848
103 0.0004759982764456629
104 5.0736031604911025e-12
105 2.435895939550874e-27
106 3.475869620188017e-16
107 5.6986286433406154e-05
108 1.611814232201192e-14
109 1.6845897624988804e-07
110 5.9453938473606645e-08
111 3.1381677213297956e-34
112 0.0005920338712503061
113 2.3382959155470875e-20
114 0.00010864116684758248
115 2.9192489172622654e-09
116 7.778885698256382e-12
117 2.9141627301772466e-14
118 1.0955933946627307e-11
119 6.994232433168922e-06
120 3.381539009359337e-07
121 2.7242818411413363e-12
122 3.292403673446644e-12
123 1.8228100076300717e-13
124 1.9210764172315588e-10
125 7.822069611917669e-07
126 2.9226937942821286e-06
127 3.664481690784195e-05
128 0.000131988244250592
129 3.313758025566704e-06
130 8.486854902412488e-05
131 5.790357288763103e-43
132 2.2906601488671566e-06
133 6.1077407355025415e-09
134 1.374632133523167e-13
135 5.9848101450467374e-36
136 8.647628915582846e-11
137 2.256462992272387e-19
138 6.316838218812969e-25
139 1.8239657487957497e-05
140 7.77532189425993e-06
141 1.5352952863231293e-06
142 2.1569533438502974e-05
143 5.52037332822704e-13
144 0.0003954750282653461
145 2.0504880142549193e-06
146 5.3117359342514356e-05
147 0.00047266442528205607
148 5.849331449504156e-19
149 9.145058924652177e-09
150 9.653570985799726e-05
151 0.00010484386142103487
152 0.00011041351448740041
153 4.485763197505865e-21
154 4.89235460930884e-09
155 4.901746641468792e-06
156 0.0008157347541605963
157 2.148651288665951e-07
158 1.0848959657254666e-06
159 0.000546030787947464
160 6.765377342237862e-05
161 3.5667768539795462e-12
162 2.3434981679677587e-34
163 8.191713018456317e-05
164 1.0102311894766407e-08
165 8.59725090006503e-05
166 2.5278258308629824e-09
167 2.8659586537743694e-06
168 2.2178373302359885e-23
169 2.141547771459881e-09
170 1.9123502709569217e-07
171 8.377727948308657e-27
172 7.834191533990643e-10
173 4.378822186919899e-08
174 7.220260009970521e-05
175 3.9024269597838765e-07
176 3.6326151336176604e-15
177 0.008509273100808349
178 2.0174649470699536e-12
179 8.043087378623177e-16
180 0.013055252098601186
181 5.912602857176123e-31
182 1.3257877443762375e-05
183 5.883353951979521e-09
184 2.481031050220961e-06
185 7.485880033939169e-05
186 6.099083706187362e-08
187 5.221271758505955e-07
188 4.351567136940409e-07
189 1.6132065301472316e-05
190 3.912044155827048e-06
191 0.000689789305633318
192 0.0003388772172186578
193 1.0584807725360353e-32
194 4.923847225917467e-13
195 1.076935345893196e-07
196 4.008138538062501e-08
197 2.0853252538835904e-12
198 8.500796952871143e-05
199 3.653137652829611e-15
200 3.2048657657650882e-06
201 3.751301935003188e-08
202 1.1028599409210185e-06
203 1.3084386911550904e-19
204 5.519088960792326e-15
205 1.6880771274139504e-09
206 1.2161835230016537e-08
207 3.4920322918583546e-11
208 9.418365520077297e-05
209 7.064365350285144e-06
210 4.742925451146501e-20
211 0.003564344251451482
212 3.1217410022276116e-07
213 1.7105345933232223e-18
214 0.00017095705784550617
215 5.920771158468784e-10
216 2.2089617708873e-25
217 2.0886117074972537e-09
218 1.611609784269804e-05
219 2.9286455208166934e-05
220 5.187045291747639e-15
221 6.186747862833738e-13
222 3.2813882533035746e-06
223 8.893420781004649e-13
224 2.174995284470568e-20
225 0.00016072667409630515
226 0.00019040379383069008
227 2.0506351952540124e-27
228 1.407806093457551e-06
229 1.3811306863307866e-13
230 6.983056673334807e-13
231 5.963198402947862e-13
232 0.0004609369654524963
233 1.2763258613020389e-06
234 9.676190823644357e-12
235 3.3100598392632563e-32
236 0.00040917111317381895
237 5.944321043496242e-27
238 1.1480796723543013e-07
239 2.473660765230652e-22
240 1.1600248353327838e-05
241 3.1444712024127666e-05
242 2.416979651094227e-21
243 6.506155905847303e-06
244 0.0003129647471052201
245 1.750344049276371e-22
246 2.0405237388054546e-25
247 1.5968586541716726e-05
248 2.614561188044689e-43
249 0.06277550512616933
250 4.466161709825261e-07
251 8.527558042014614e-42
252 0.0005771120312617764
253 1.3454463942314077e-06
254 1.2308974530496637e-23
255 2.6228560038176516e-06
256 8.972733319605717e-12
257 5.489705084515588e-37
258 6.4662237848594194e-12
259 2.5588477008531166e-25
260 1.6429851583561562e-11
261 4.3758432188923437e-11
262 0.00022626933956837293
263 0.052540656333395226
264 1.025945683670889e-05
265 0.053348888429166824
266 4.728480082011878e-16
267 0.0002656818133626122
268 0.0007143294110915577
269 0.008861460596444302
270 2.53617477692466e-06
271 0.009052172302927328
272 0.0069684558874107344
273 1.494968389468805e-17
274 0.1969680819155964
275 6.317979564702139e-12
276 0.1866374995291244
277 0.1740196100567337
278 1.320825173710548e-12
279 9.862316895719113e-28
280 2.9389289704926238e-09
281 7.766073392807546e-05
282 0.002242140872976082
283 1.173155018479471e-35
284 6.146063566067875e-06
285 0.013375378076542951
286 0.022327627057097187
287 1.49854124348445e-14
288 3.0764872276820025e-31
289 0.0010256809822858154
290 0.020150382020657755
291 0.000800084896659637
292 0.2614289190625517
293 1.1253917560256399e-07
294 9.602925336001107e-30
295 0.00018878608444737873
296 0.04138372192986136
297 0.0023547636339684114
298 0.0009290403589977129
299 0.03158454721583946
300 3.320799630989307e-06
301 0.020816576184263306
302 0.00013711839138549022
303 5.458286106351877e-24
304 5.121077953267452e-07
305 2.772835762013449e-05
306 3.4164742554249794e-06
307 0.00013944173332531738
308 7.472544362646188e-06
309 0.14961548188743726
310 0.062131648634139065
311 0.1707886677981676
312 0.09426012061345788
313 6.945155621614051e-06
314 1.671680750413343e-08
315 9.207659239403225e-07
316 0.10446694627308051
317 0.01851187673928016
318 0.18401281480646353
319 9.498591459881628e-13
320 3.2244678244353316e-09
321 0.09425134667534656
322 4.297398677840796e-06
323 0.08571666355133255
324 0.0003913915362166224
325 0.06776690318182489
326 0.06401173978264374
327 0.09569699425512554
328 4.116282385555076e-11
329 0.07139183582408491
330 0.06538636810791443
331 0.00028168130733794393
332 0.3882134469774215
333 0.008280984948418543
334 0.620367590187319
335 0.1153004077236177
336 0.049898280390343996
337 0.6271324687128386
338 0.6952895470974676
339 0.03962141897134292
340 0.7255484667351051
341 0.005439257018915487
342 1.6469387555676074e-08
343 0.043140539526016604
344 3.223070858934604e-11
345 0.054399099021825596
346 0.06919575204584788
347 0.015717571567151877
348 0.7741750971816904
349 0.722237011677228
350 0.0853861733756447
351 4.217077233208331e-11
352 0.00016371113312678968
353 7.882022579596464e-07
354 0.6152843199791587
355 0.6917361214448614
356 0.010625012065552645
357 0.7665469854996071
358 0.08732796515454133
359 2.726505220600692e-33
360 4.966034304847536e-19
361 0.2567851747812344
362 0.0009273311576268706
363 0.12396234731043754
364 4.207809815682401e-12
365 2.2946249361973823e-10
366 1.1554341667629745e-19
367 0.0014479755184501125
368 0.0026370270285265437
369 0.7009941147654173
370 0.003744709254283106
371 0.0010202073822134072
372 0.004535631436730516
373 9.251482945352666e-06
374 3.297297707428681e-06
375 0.5083534284890093
376 0.0015085391199518544
377 5.107508033040231e-13
378 0.0003411456967221728
379 0.5980474162402686
380 0.4699302802849528
381 0.0005693650350855634
382 1.2384421186081046e-11
383 0.036136964961277315
384 0.17094253203169962
385 1.186161176515048e-19
386 0.3544628015502291
387 7.17896239903548e-07
388 0.0024587772510074367
389 1.1046726784620707e-10
390 0.19611939558427263
391 0.11019045770689877
392 0.03433159814933822
393 0.07738827951532348
394 0.1934866504662801
395 0.1015558185963972
396 0.25177708681792094
397 9.611146228682152e-14
398 0.08468981904933136
399 0.006708156924508458
400 0.0026227682716365216
401 0.06543932723185049
402 5.566389204163505e-19
403 0.013686941865222018
404 0.18472199936212025
405 0.005467235450428566
406 0.2276775614232998
407 0.14445545880139293
408 2.163298767317972e-05
409 0.0017969034973172164
410 0.0031302312476664757
411 6.870242038043764e-11
412 5.140908900774594e-30
413 0.11644735845251505
414 1.739741018974955e-22
415 8.904485927848056e-26
416 0.1242594060063
417 0.14772966734026075
418 1.1203977718332589e-06
419 0.19600497172478545
420 0.057900915537047376
421 0.07007907771349457
422 0.02564874875545766
423 1.3558878296983675e-18
424 0.0893504678321774
425 2.398916511121361e-32
426 0.057422730362538005
427 0.1265480487799112
428 0.1473280685662172
429 8.536668874167992e-20
430 0.16714387581253234
431 2.838178392689553e-20
432 0.001232882866574067
433 0.0008282656407800584
434 6.057319331710754e-08
435 4.251037173361702e-05
436 0.2823019367853389
437 0.04055266972197594
438 0.06151936889995875
439 0.008333573348714655
440 0.16261446560337078
441 0.0020658581452315155
442 0.007944885022217692
443 7.965966286334743e-10
444 3.3385965079799375e-20
445 0.00853315126345437
446 4.4593399803332545e-06
447 0.18525694123708653
448 2.7589112817926495e-17
449 0.007730690179885077
450 0.008189778731330574
451 3.920886854473446e-19
452 2.1973728751266816e-11
453 4.836730080704187e-07
454 1.5922548429545792e-36
455 2.290628721461085e-05
456 4.517019773867305e-06
457 2.334060410572643e-10
458 0.21908458545265624
459 5.2183573246136444e-05
460 1.8666459897892134e-09
461 0.006945651133483096
462 9.976161976041508e-19
463 6.382429889046225e-06
464 0.1725415889896109
465 0.0003042615074371842
466 0.009019759606322399
467 1.2263830527610805e-05
468 0.015741125178116523
469 4.401310046137691e-27
470 0.007403668664852901
471 0.009153122182633868
472 0.21953163995038175
473 6.221937540089668e-05
474 2.670521828200148e-35
475 3.052599810081357e-08
476 0.007191407519432207
477 0.005962787283998894
478 1.4006024466426356e-06
479 0.061328221227980595
480 0.48308550268315953
481 0.379615125005246
482 0.02220851668786844
483 2.293956905550966e-06
484 0.11958973604144925
485 0.6306120011339216
486 0.10857101712529954
487 0.6510458495075053
488 1.894501557402836e-14
489 1.723840539749263e-05
490 2.9979736187782528e-06
491 3.053084222131933e-06
492 0.0031657026958233285
493 0.0010948585074776881
494 0.3780650766785323
495 5.027621193946301e-09
496 0.01134601090715948
497 8.135062786760314e-06
498 1.699661352859817e-06
499 0.1625188110555869
500 0.0008118755021985333
501 0.00764985997991411
502 1.9888631758270303e-06
503 0.34896927887783724
504 0.34492775939903947
505 0.2782826418965369
506 0.06382459589193677
507 5.965717777876993e-07
508 4.1495233317662467e-07
509 4.4987984872813706e-08
510 4.421549964543859e-33
511 0.06286903537833564
512 0.0088594553879109
513 0.008056768264824392
514 4.121644543905206e-09
515 0.013239683439120199
516 0.005814650042641976
517 3.745520668425316e-12
518 0.001977902626513172
519 3.1673995515128184e-07
520 1.6742152574664316e-07
521 4.521219246747555e-10
522 6.800957865230618e-15
523 0.0913879656661614
524 0.0002129885626045053
525 7.657168797563601e-14
526 8.963264261704843e-06
527 0.006401520179588995
528 9.993893060902984e-18
529 0.016828906473147838
530 1.348320160799495e-07
531 1.5229890390915586e-05
532 2.4441542153652654e-11
533 0.0870518874601048
534 4.6629527125633885e-08
535 0.10136609010447815
536 0.015487110203861764
537 7.264554651863559e-11
538 6.282932237963899e-08
539 3.727549547704715e-08
540 2.6825853900829963e-24
541 9.661565299761076e-38
542 0.014769437869397306
543 0.024590714258924062
544 0.8440824443941903
545 0.024384676677738
546 0.0013529541796580152
547 3.632544166443834e-06
548 0.013175961192314782
549 0.010643009723598117
550 0.1107134105683547
551 4.950452052724486e-13
552 1.2346535618821275e-26
553 0.012196260907299519
554 0.013958014310831162
555 1.1226385905370664e-06
556 0.08462669508601284
557 0.005856499051239848
558 0.10756398314142374
559 0.010022011347018783
560 0.03817924567513555
561 0.010402627158828103
562 0.0024054466985257155
563 2.0931335553248508e-13
564 1.0101812585978916e-11
565 5.655486077677042e-06
566 1.3705119456739405e-11
567 1.0333847227755567e-09
568 4.454060359679735e-25
569 0.00020395852735068638
570 0.12911861254925136
571 2.4361006195624422e-18
572 0.012795765797594512
573 0.0005694819156617977
574 2.002931396482308e-30
575 0.007425147956435599
576 6.53087401352801e-12
577 3.7232736282795235e-06
578 4.2446886779655444e-05
579 0.0015993145887971056
580 1.7451569591309837e-07
581 3.3602076548173307e-10
582 6.610446642150622e-08
583 0.026007505652331047
584 0.009132318410583979
585 5.570599231204845e-13
586 0.1531534850545494
587 1.6644478603413113e-33
588 1.309225850732203e-05
589 3.5567005451774023e-14
590 0.13223442496209326
591 3.534756682221382e-05
592 0.0026509339397173307
593 7.5653876920120205e-06
594 1.1839505192957149e-05
595 0.00017415578345029607
596 9.754391358901312e-41
597 4.2952840331806046e-17
598 3.0542512390316567e-12
599 4.877046239936464e-36
600 0.00015199394805797602
601 0.0004185396888263988
602 1.5722027988752617e-09
603 2.2664802071296328e-11
604 0.0037162440509338614
605 0.0029672744741973916
606 0.008052341459896615
607 1.4874970528676887e-10
608 0.002388638244663639
609 7.084292491389412e-08
610 1.4246896462839944e-08
611 2.5987354757915725e-05
612 0.020246478916363518
613 1.7787168733652783e-08
614 9.367121657365235e-13
615 9.096743441269532e-05
616 0.0009454600229824723
617 0.007081722195239778
618 0.006798277117340942
619 0.003097127042975204
620 0.00040474393597937907
621 1.0011385274319799e-23
622 0.002560457158424402
623 0.10117525005983295
624 3.494543548279079e-13
625 0.17349059323623342
626 0.1973409696140733
627 0.004153014691454422
628 0.02121741224528064
629 1.846762078835103e-12
630 0.007233891924740567
631 7.084907739126395e-13
632 3.5573997458292858e-06
633 0.1273860815506721
634 2.249605034083397e-23
635 2.6324601593328355e-28
636 0.012837268537241911
637 9.828353033590509e-31
638 1.3183319604609815e-05
639 1.1134915169113873e-15
640 0.007734635376959262
641 0.16309506777598395
642 0.024782839053922187
643 0.0018691891646077324
644 0.000813988505905895
645 3.690060181503142e-15
646 0.0020892029559599298
647 0.0015336638126853938
648 0.8441796065457008
649 6.574795979703775e-15
650 6.157807430111248e-07
651 0.9056811122658265
652 0.16267531358952503
653 7.47294288075211e-18
654 7.920533986785949e-26
655 1.1056182754791147e-31
656 0.018471797499997666
657 1.9660456915818373e-10
658 9.658153198395109e-19
659 2.661491745216512e-15
660 4.940198220560011e-07
661 1.7729953471020604e-31
662 1.3827988227812016e-06
663 0.8102635406401121
664 2.2887686549756015e-09
665 1.3387989392784807e-08
666 6.624886184610245e-05
667 7.010394721083567e-07
668 3.6865445025028835e-06
669 0.005621467475601402
670 0.018083503321221096
671 0.00020027688664785094
672 1.3561300353919907e-10
673 2.5477091170052454e-28
674 0.0014693705307674359
675 0.034861359111306146
676 0.016298852511707117
677 0.02670820101730274
678 0.03110149406268119
679 0.015217182346857077
680 0.0018503337242981742
681 0.0006901839029893682
682 2.42134354602241e-29
683 0.00019375645195793173
684 9.663590948389555e-09
685 8.84007254141257e-16
686 4.0636338602020825e-06
687 0.00010614795416141909
688 5.321875395890709e-13
689 0.0010356438131712286
690 5.551301605499584e-05
691 0.018511830473918196
692 2.070073213555923e-13
693 3.362150776138077e-10
694 3.499883793489365e-24
695 0.00022934743722722786
696 0.0002578042619597635
697 1.0520674679194466e-22
698 0.20253841299676661
699 0.00042303793912328047
700 0.0014766432485851968
701 0.00014018449859357386
702 1.6889991264536475e-05
703 0.00024039201681398735
704 4.161064070387303e-09
705 0.003653135477187221
706 1.6554293695121924e-08
707 6.623042517495278e-06
708 3.429228245355231e-19
709 9.316360240398017e-25
710 2.7058583726010153e-11
711 4.431129466969759e-06
712 0.5658525913948066
713 0.012098868233786959
714 1.7449913879891254e-16
715 2.8405660902794066e-22
716 0.02215039216473979
717 1.8684018211923964e-08
718 2.2147096690969703e-09
719 0.005745003759985267
720 0.00015240521909712604
721 0.00038793190996517634
722 6.62715975363597e-05
723 0.213016079867352
724 8.126041765417628e-06
725 4.380113944828251e-23
726 0.00016461974163998615
727 3.2508655774522772e-09
728 4.7217836277774424e-21
729 0.4258675395984384
730 0.0010132717221932048
731 1.1106694388695104e-14
732 0.026878358270560194
733 3.7260640276816896e-24
734 2.3040148384787472e-29
735 2.1853247751245463e-15
736 0.4783520849736772
737 0.07363974486586962
738 1.1345007171045877e-21
739 4.5621085482911805e-23
740 9.77453676663317e-05
741 1.6615307422730334e-22
742 2.3242926100456246e-15
743 9.652702190222024e-05
744 0.00011751405774277158
745 3.2655250630794947e-19
746 0.029782681670650492
747 2.1372820777155601e-07
748 1.3647389202165375e-14
749 0.7622213562493487
750 0.09813995359378679
751 3.871094016142156e-06
752 0.01285818938799025
753 0.01186885139178834
754 4.044419755206681e-16
755 0.0009097470362558294
756 0.0009820871236716577
757 9.409385091634556e-09
758 2.0821057226819445e-23
759 0.0018008609461327054
760 0.7420183915480434
761 0.4145728391614768
762 2.2750706549386382e-18
763 0.00015976616658199745
764 0.0003453147341758773
765 7.286183445467082e-06
766 0.005525847882370646
767 3.488513893751077e-29
768 1.7915676892464508e-22
769 0.004835465544627587
770 5.133325457079309e-12
771 0.003621409673569203
772 1.3718931536928324e-05
773 0.026322411946131802
774 2.9236908570140114e-15
775 1.178338350972264e-05
776 0.008860767091530488
777 0.0001275569320141052
778 0.36669121598049476
779 0.00010886122693378139
780 0.0011191867013855062
781 5.303829741889644e-06
782 3.428736864783097e-20
783 4.811332097608776e-08
784 2.082162590735712e-16
785 0.0008719672941177411
786 3.4866533896770886e-31
787 1.3051815365025021e-19
788 0.0007180061401580864
789 0.03285379607887675
790 0.08788994952670172
791 0.008001123201954419
792 8.063622459508542e-16
793 0.0006060128065166511
794 2.596577127661774e-16
795 0.0003180784004904135
796 0.07056014525419509
797 1.1110858551313346e-13
798 2.8140773516055333e-11
799 0.4375080366704872
800 0.00021856972154589603
801 0.001773446519613726
802 6.838020763470138e-22
803 0.0001373799476009051
804 9.9865522692738e-19
805 2.863150693664982e-19
806 7.95093853073388e-14
807 1.8134442539924106e-13
808 0.4770424582129396
809 0.0006716864873470335
810 0.0022685215023015197
811 1.0229208707592894e-07
812 7.308512160891565e-12
813 1.8818341692643495e-09
814 5.748237522542144e-08
815 1.3155332668215679e-20
816 0.2592037808556248
817 1.0186471804428358e-27
818 1.2009508675376314e-05
819 1.4490504438286396e-07
820 0.012787026334127718
821 3.022290869232688e-08
822 0.00016424377108062655
823 4.7439220988473064e-27
824 0.03519251953960223
825 0.3101745932444544
826 2.5371739203349175e-13
827 2.2117588858391974e-19
828 8.75740825793258e-09
829 7.38843327942534e-10
830 0.036153407162343984
831 0.00048006211547524396
832 0.06551528805009105
833 0.20529021041758339
834 0.0016378703329487344
835 0.18047962151098598
836 1.2793676502106327e-13
837 0.7444846346649329
838 6.250589963874057e-07
839 0.0013864223135877003
840 0.15462624719000734
841 0.0038399071491751193
842 0.020056686558686684
843 0.0016827444647186094
844 0.005425811960893967
845 0.0030769377244233946
846 0.003335847865160712
847 0.5156806441835176
848 2.1716911972514237e-25
849 8.249672465275399e-18
850 0.02978892860746731
851 0.0012374327775846901
852 8.286934536847667e-05
853 0.003093481560146583
854 1.3865834752582804e-21
855 3.5048148223629033e-14
856 0.2737650674532942
857 4.9730307318693866e-30
858 3.044800802140377e-30
859 0.0018005183180921326
860 2.378919747706252e-13
861 4.9255915749744375e-09
862 1.2636586932421693e-06
863 0.0002830861885079465
864 0.1943569455727507
865 0.33788333387757863
866 1.630551787158706e-14
867 0.00012559991225972748
868 0.03118714822213098
869 2.538274267900173e-10
870 7.30351507800109e-11
871 0.006099864894854747
872 6.553544030906515e-10
873 3.459899864082487e-06
874 1.1482809004187818e-05
875 5.2089392732304373e-17
876 0.0007621059614595292
877 5.4082674963950435e-05
878 0.003070097545297996
879 5.042473328745355e-05
880 0.17948307845813263
881 0.0041163654345398
882 1.8326745821506359e-06
883 3.235311589913089e-08
884 2.527569591020563e-06
885 9.088230077371056e-07
886 0.3273349153296523
887 1.8510573074917657e-06
888 3.8933712744903245e-20
889 1.307054282018628e-09
890 0.02178803191419984
891 1.5920557349156648e-12
892 0.06707453368946512
893 0.00018243333074296217
894 1.0660525218271532e-09
895 6.460946248600441e-12
896 1.9195424331260926e-09
897 0.41096071295854353
898 3.8263683152496055e-12
899 0.045286245151705797
900 7.636649647326055e-13
901 7.718283090479779e-14
902 0.25485231408967024
903 0.01741533380198719
904 7.087491325897025e-14
905 0.005711327654206274
906 0.004473753608352598
907 1.6099062326509613e-39
908 0.0014124692665695602
909 0.0003084508534845917
910 0.006956361193034853
911 0.00040466048578612453
912 5.0062084500320885e-17
913 1.637563190911263e-23
914 1.4412775619878935e-08
915 0.04965169366763042
916 3.2773257137989887e-09
917 4.65024459118448e-10
918 1.4868321742072464e-11
919 2.9217704696507945e-21
920 0.2308915417718759
921 5.695980849486226e-06
922 0.00013284927316846852
923 3.005122567548845e-06
924 0.0002581639741028773
925 9.24881633340619e-24
926 4.085917731191141e-20
927 1.5407331418105924e-10
928 4.067642360159723e-05
929 1.2794142941463065e-05
930 0.05372811863669499
931 0.000392683358497012
932 3.9984296174748465e-09
933 1.2002186982118538e-05
934 0.5992064367519748
935 5.721761291257573e-05
936 1.2177096193741864e-06
937 0.0007295970268564368
938 1.2929500515953712e-20
939 1.3084872991225086e-15
940 0.11599506969984102
941 0.015995146334567473
942 0.417390899507275
943 1.1319572829629104e-06
944 0.01082395885852761
945 6.794179552303464e-07
946 0.21968017277047186
947 8.912845308116134e-06
948 1.059416475911653e-06
949 9.220324895680684e-07
950 8.789725072347129e-07
951 0.14675896359630045
952 1.569821157998591e-06
953 0.5435388088248309
954 5.819363831324601e-07
955 0.0009638621741803374
956 1.395371941545608e-07
957 0.012863092894786939
958 0.03410151387218363
959 0.00018482476264173795
960 0.0002145081198298908
961 4.620686757268525e-05
962 0.6964849558518189
963 0.038750102867481796
964 3.0866394098978924e-28
965 0.001341318000169439
966 0.13164653432192785
967 3.3824773834827645e-13
968 1.0318795249577952e-17
969 0.036453892519925556
970 0.014472053964256095
971 1.808229176842462e-12
972 0.00013142163021792662
973 3.321760044596071e-05
974 0.0017936228583438783
975 0.0018405439302394094
976 0.0006016376727363205
977 4.973459052844422e-05
978 9.343033172996966e-05
979 0.02411416685273371
980 2.2162345170125006e-15
981 2.9590279000430377e-05
982 0.00031944020393078176
983 2.191704175013399e-20
984 0.00010978521667308076
985 0.045475571685279215
986 0.0060238952045018525
987 0.0005159290938998959
988 5.49159465444373e-17
989 0.11860107647759893
990 2.0614405592087074e-14
991 0.00045166206792161796
992 0.014846227714758688
993 0.0010686282132150778
994 4.212153983312603e-15
995 0.06868434032200742
996 4.205104338426324e-05
997 6.128891560667976e-10
998 0.2528205266023549
999 0.1304253657546874
1000 0.6384517053714556
1001 0.00047880575697328734
1002 2.763399318001874e-06
1003 0.01254123347588588
1004 0.08542304621141442
1005 7.798570459910997e-09
1006 7.405606537543485e-05
1007 3.4914695854688924e-14
1008 8.492359888558067e-08
1009 0.012941463313339363
1010 0.0012692744345552765
1011 7.856892662128931e-13
1012 1.095725003903472e-15
1013 0.00011703107632144485
1014 1.253644356442315e-09
1015 0.0003052080949669151
1016 1.0485412086651977e-18
1017 6.064097912287393e-05
1018 5.724007490740928e-06
1019 0.004478811081748524
1020 0.17278676934571344
1021 0.0003201755422209302
1022 3.6012684891034256e-07
1023 0.023725899748901207
1024 0.001322417575499074
1025 1.7436602263809554e-08
1026 0.005820074411797611
1027 0.0034004302838199544
1028 0.0006782556661040668
1029 0.07193754510836216
1030 0.0003962227982003408
1031 0.6475709752793997
1032 0.028921553667300162
1033 0.01224591922981666
1034 0.0004068350350510986
1035 0.003570712626781793
1036 0.06262959742781357
1037 5.567641598434618e-05
1038 0.00806984166579793
1039 0.2427801341790075
1040 0.0004559310119902549
1041 0.003998855614135399
1042 5.011419710422924e-06
1043 0.002525571965858981
1044 1.0371028637585875e-22
1045 2.322298156273991e-13
1046 7.298759050796947e-09
1047 0.5998765561356715
1048 0.0046027858684137245
1049 0.017825618064356945
1050 9.778149998052726e-07
1051 2.0166843864383626e-09
1052 0.00141234942875482
1053 0.0009286382802430696
1054 0.0008971430031335503
1055 0.00339342963073521
1056 0.00014995088398745614
1057 3.600860450820109e-05
1058 0.037139328810140884
1059 0.18806176798798563
1060 0.036373248814610695
1061 0.0004217918662763715
1062 8.331495350597803e-08
1063 0.0001386944880164106
1064 2.3789751431145818e-17
1065 0.04557267251769219
1066 3.329093597388128e-23
1067 0.06042329187248793
1068 1.047598133153191e-06
1069 0.03026078086073464
1070 9.983603082127206e-11
1071 6.411532183019776e-05
1072 1.421992975644388e-05
1073 0.00017254551784542872
1074 0.0007585543567133416
1075 1.5972018860630326e-12
1076 0.019254873520291274
1077 5.641519982694117e-06
1078 9.288146302551754e-15
1079 0.05364354324571632
1080 0.02586174017820337
1081 0.0048336496615933615
1082 8.944815120155003e-08
1083 0.02489356573684242
1084 0.05929408464427886
1085 0.09961945458655116
1086 0.043361274915587215
1087 1.3571666769691948e-15
1088 0.11884147373252545
1089 3.1184760436724674e-06
1090 0.03514935874229088
1091 0.006912265062546593
1092 0.22077708855452396
1093 2.336720438788329e-05
1094 0.0032505162617378134
1095 0.03515781888830792
1096 0.0003712034431677328
1097 0.0006715668837281113
1098 0.04489226074543862
1099 4.2210004631513615e-05
1100 2.171887682669207e-12
1101 0.02736880041965805
1102 0.361379063010128
1103 0.025958352057944025
1104 0.0022103636517598344
1105 4.901896969571979e-16
1106 2.391667783852268e-08
1107 0.29470076475962537
1108 0.013916116190495785
1109 1.8244697934042173e-10
1110 0.16296542746820256
1111 1.582231564291799e-09
1112 1.0544395237379717e-06
1113 0.10566498210335971
1114 0.004410210810474291
1115 1.0749138979873864e-07
1116 0.0019686991409462273
1117 2.9052315005764564e-08
1118 6.810380753937744e-21
1119 0.08846017017179708
1120 2.418610302864608e-06
1121 0.0006144304138895935
1122 0.00015657767969664185
1123 0.00010379107151854134
1124 0.0013466296115904664
1125 0.23297955151720673
1126 0.0007917946691040364
1127 0.1075558063999535
1128 2.967791103758946e-19
1129 8.026804557329465e-11
1130 0.25694928270120504
1131 1.2583047735870327e-12
1132 0.4983039940521075
1133 0.03817416472134366
1134 4.7530087403695346e-21
1135 0.00015283102586448539
1136 0.0014425890401179593
1137 2.3427239945991508e-07
1138 0.053887579875412664
1139 4.542305445087893e-08
1140 3.929068292966005e-07
1141 4.526340581947098e-16
1142 4.006110621235131e-18
1143 0.0031555027984628437
1144 3.1405634512549717e-07
1145 3.5060404499653435e-07
1146 0.02860654388098623
1147 0.0499122197762145
1148 0.00010486938508131612
1149 0.05272530873687787
1150 0.48524260698335997
1151 0.00023874713050284308
1152 3.2396292774033525e-05
1153 0.05004660211938812
1154 4.138579881712334e-08
1155 0.018244262241525706
1156 0.04906292084138598
1157 0.19033538401548133
1158 0.01928226788669195
1159 9.269906313415856e-05
1160 4.197314759293178e-15
1161 0.06079462869137914
1162 1.715418028013661e-09
1163 0.08470419753060188
1164 0.004156632661150233
1165 0.06435677985497353
1166 0.27816643579789824
1167 4.996947973223877e-06
1168 0.0011103737281071314
1169 8.731837160543323e-05
1170 0.3272650604738503
1171 0.0018556382522717876
1172 0.19573856753576627
1173 0.002035444080125207
1174 4.391617400036634e-09
1175 0.5425153226677428
1176 0.005748812632543706
1177 1.676413985563121e-07
1178 0.0006980903007887464
1179 0.035782168749535
1180 1.226792608601347e-05
1181 0.017351712420602933
1182 0.01521260049873797
1183 0.49366943655383805
1184 0.00029171131759359546
1185 0.30061527239760605
1186 0.05770810991459218
1187 0.038070654463219486
1188 0.018757888559697546
1189 0.006267671572598766
1190 0.0002675744266531289
1191 0.0036723705646854793
1192 0.0019650760017439735
1193 0.35585135095509296
1194 0.00107516832792581
1195 3.2240910050684727e-10
1196 0.3986673707850827
1197 1.7829745387182995e-12
1198 7.100224861977514e-05
1199 9.639425806655834e-09
1200 0.0009022689240803384
1201 0.0037880150970589573
1202 0.009432669032948692
1203 4.6468665032837285e-14
1204 1.1124621871479725e-08
1205 0.09597338800279387
1206 6.982318615675217e-07
1207 0.0004880757367130486
1208 8.305301457558917e-06
1209 4.538572564720096e-12
1210 0.006712798945796834
1211 0.09560663176599661
1212 0.15319976934702131
1213 0.03458613457048608
1214 1.5022877502694257e-19
1215 0.002393617228108206
1216 0.0002439162855072136
1217 2.467650528351046e-16
1218 1.760925167944875e-05
1219 1.8085380744047104e-05
1220 0.5808625511289061
1221 0.003900725941045201
1222 0.00010911961248574358
1223 0.00468221525974727
1224 8.547972966930242e-08
1225 0.003691228501985758
1226 0.03318206612328888
1227 5.506377687118565e-05
1228 0.012768585981443176
1229 9.116151208880479e-14
1230 0.021204163134772736
1231 0.020884539722053553
1232 0.26034414274218215
1233 0.00021368556474938875
1234 5.626217288351091e-07
1235 0.15411291478614145
1236 1.418260625410663e-15
1237 0.016954529775651712
1238 0.0006749698875454319
1239 0.12331386988257824
1240 5.6069201272107e-18
1241 8.905419724047595e-08
1242 1.7932577287597212e-05
1243 2.4809187042965428e-06
1244 0.0004636099204721299
1245 0.03385580095582622
1246 0.006455878251981419
1247 1.484933865373689e-08
1248 0.0005754677943464686
1249 0.3799399378826177
1250 0.39354802836437314
1251 0.0016075696868913588
1252 0.5157052475955035
1253 0.024697435454566805
1254 0.4190108484397101
1255 0.012983196794310233
1256 3.3440296706192687e-06
1257 6.0558319160687e-09
1258 3.853338115779298e-13
1259 0.000637148654967848
1260 4.646189749578562e-12
1261 1.417316574676506e-05
1262 0.6383131604124036
1263 4.714234193325351e-06
1264 0.4660074937933804
1265 1.3761312064043264e-05
1266 0.021786429697844008
1267 0.017702680843283452
1268 0.001957000300672128
1269 8.174259888793711e-07
1270 0.0012606677309925536
1271 2.111643652211452e-06
1272 0.002884326362291331
1273 1.7462424133477572e-15
1274 0.4153544865514548
1275 0.13986662324143917
1276 1.9564635500879103e-07
1277 0.004132436469367226
1278 0.25250461026942356
1279 0.11125108455054755
1280 0.0001019335171920261
1281 0.000934216284543734
1282 0.4841292825752859
1283 3.817124327410245e-09
1284 1.1576717320154765e-05
1285 0.16810576631533156
1286 9.043218070679675e-09
1287 1.8002530060041258e-07
1288 0.0028496587077306377
1289 0.00014080430494043005
1290 0.3092956634631644
1291 0.2333614081667897
1292 0.2344541928561209
1293 0.3697329032035802
1294 7.315479838092028e-07
1295 3.5580830887649414e-07
1296 0.3709434056798237
1297 1.133451169888442e-16
1298 0.007809512915938521
1299 0.4664105463775734
1300 2.934631454029645e-07
1301 0.003017998898822208
1302 0.0019120779939854077
1303 0.3528616411759063
1304 0.06060791151430919
1305 6.315872180898653e-11
1306 1.1531409184968015e-13
1307 2.3819945513754432e-07
1308 0.00041799076486617823
1309 6.16621154498312e-06
1310 0.27076415406787335
1311 0.013165024522024725
1312 0.001114956865402717
1313 0.45525185783765043
1314 8.019774628787387e-05
1315 0.004144573616064066
1316 0.001333539235215782
1317 0.0003114696298608806
1318 0.46835818830434744
1319 9.565470510702744e-05
1320 0.008845009605047199
1321 1.3535206083427587e-06
1322 0.0851724925317473
1323 0.0001692809515059565
1324 0.0023606088951675713
1325 0.34480023396956716
1326 1.1078489798023992e-23
1327 0.009434932742746007
1328 0.6013303688628449
1329 9.071209772298707e-06
1330 0.12728360046167503
1331 1.046115114074823e-11
1332 0.002128867720491925
1333 0.0013033415806775906
1334 0.004976146157649483
1335 0.011867085889843367
1336 0.00027774523165304265
1337 0.00020302559419518905
1338 3.487834261017384e-06
1339 0.05850531726238107
1340 0.007605905392714352
1341 0.03119573942296046
1342 0.252846625314136
1343 0.011516468859721643
1344 0.021979142534370024
1345 0.5059382094261909
1346 0.34093737319178646
1347 0.006047112311611016
1348 2.8681987782136534e-05
1349 0.00019502245277894088
1350 0.004304479818325131
1351 5.166538521839064e-08
1352 0.010586293036271356
1353 0.007381751223890651
1354 1.4984802315385505e-09
1355 1.069996297058848e-08
1356 0.0003236741600669869
1357 0.010924638355624305
1358 0.017180719902623074
1359 0.571691524363207
1360 1.4182199100625805e-06
1361 0.0009142640888913441
1362 4.868286957560526e-06
1363 5.775735658043832e-09
1364 2.3305525449169938e-07
1365 0.0004901223889777877
1366 0.3458019136711431
1367 0.3216018577839571
1368 1.3367169241753574e-14
1369 0.02835551775567738
1370 0.4759344771329389
1371 0.010393679617108591
1372 0.012900638671154001
1373 0.0028646615366119416
1374 0.0012727218854769711
1375 0.012312334203490188
1376 0.001046369862367258
1377 4.3774081146811274e-07
1378 0.46417349943468045
1379 7.249339677448726e-13
1380 0.1104476629569573
1381 0.00750536787142885
1382 0.11901374205632112
1383 0.004649563737719413
1384 1.922371088834351e-09
1385 0.010254232422116354
1386 0.009321791763400759
1387 7.575880313851064e-06
1388 0.8213599318057607
1389 0.2856972575523063
1390 0.0015382666307895494
1391 4.037286081167577e-05
1392 2.909784300446813e-06
1393 3.252087278124976e-05
1394 9.063937577423417e-06
1395 3.68163726982945e-11
1396 4.728498669784318e-05
1397 0.2929773253959788
1398 0.19219244830648632
1399 0.6695752974362261
1400 0.5471378430828767
1401 0.01973522913228152
1402 0.00019747824274361303
1403 3.306147611720823e-07
1404 5.010938906984839e-07
1405 4.914725255254306e-07
1406 6.838551235065376e-08
1407 0.03465213810064871
1408 0.03612654989186357
1409 0.0001277878932226898
1410 0.00181101667883679
1411 3.655845938585453e-09
1412 4.794885554819162e-05
1413 0.0001510494752398421
1414 0.040706105479076694
1415 3.706849056744422e-08
1416 0.0005248616725293566
1417 1.2363291806184536e-12
1418 0.00010805020988572556
1419 2.508813115128686e-07
1420 1.3913752396850212e-06
1421 0.12140666557063229
1422 4.5791248338448507e-10
1423 0.7239067217404221
1424 6.990366228016449e-05
1425 1.514137059505422e-06
1426 1.5792833514391848e-14
1427 0.027569116572027857
1428 1.1578794484468982e-05
1429 0.00032323848658833397
1430 0.5584391060135342
1431 1.6907901502787305e-07
1432 0.00017043382617254335
1433 0.016976277230048017
1434 0.26643134020586323
1435 0.004758993078740923
1436 5.671727534830666e-07
1437 0.03894405954889839
1438 0.018922613269486126
1439 0.024160227797374798
1440 7.263241687989103e-08
1441 0.00019450277373596513
1442 5.633113986744679e-11
1443 7.277999941551092e-08
1444 2.0632703519521205e-05
1445 1.582652581551652e-08
1446 0.0003777039712727961
1447 2.841924967630426e-09
1448 4.326866408749452e-12
1449 5.352274922654684e-09
1450 0.0036904489796758108
1451 0.548068513796347
1452 4.1895217144650884e-05
1453 5.330305218747479e-05
1454 0.009118922686322426
1455 1.8739237203117102e-12
1456 0.48078130723184315
1457 1.9040937779147648e-06
1458 0.06754525265555526
1459 0.01850224960907762
1460 4.871751363178505e-07
1461 0.0006176234226700714
1462 0.06979985460569915
1463 0.6039192860288695
1464 0.07918428657480278
1465 6.483161975384868e-05
1466 2.6512804590266345e-12
1467 1.2446620060615221e-08
1468 1.90570135688158e-12
1469 0.0006040826259280645
1470 1.6845825806014288e-07
1471 6.090172413051266e-11
1472 0.00010706222547838141
1473 3.950863382396007e-09
1474 0.0032776835019430743
1475 0.12905576548973519
1476 5.85064950926743e-05
1477 5.0236837505039296e-05
1478 2.767010961550131e-10
1479 0.0010624139146870946
1480 3.213876094950436e-07
1481 0.00010490334586351927
1482 7.172514914742692e-05
1483 8.664912863628998e-05
1484 3.1253665645829475e-12
1485 1.038584561524604e-05
1486 8.201688672381235e-08
1487 5.088307291552252e-11
1488 0.00037232787051114287
1489 0.051072611957042845
1490 1.878094184599699e-15
1491 5.097189451781763e-05
1492 0.2035096270280568
1493 0.0005204777176532974
1494 0.01704956767517175
1495 3.672467967228144e-10
1496 0.46176974827510325
1497 4.119459007681304e-07
1498 2.6594143599355655e-07
1499 0.0018021999712487706
1500 3.944450601565938e-11
1501 0.0004591149739483425
1502 0.00011133361410844651
1503 6.406337765561586e-11
1504 0.16822495851740824
1505 5.3850647696674215e-05
1506 0.6705834793885673
1507 3.061082789528332e-10
1508 0.007950072195143544
1509 0.0047603584630064085
1510 0.32606593083470725
1511 0.4011940404661729
1512 1.1841383507667442e-06
1513 0.058832633596156814
1514 0.0001591223296720286
1515 0.24192020603280864
1516 5.632174715096653e-10
1517 7.611058054295299e-07
1518 3.0862662230531585e-08
1519 0.001770787730374604
1520 0.0091824629597015
1521 0.009611080679076827
1522 1.1152173694643131e-06
1523 5.0556996857909026e-05
1524 0.008990087481281024
1525 0.015403654442219144
1526 1.1823522247706124e-10
1527 0.012808889820887863
1528 1.7094449731531227e-12
1529 1.3850490733259968e-14
1530 1.4107138618720237e-08
1531 0.0016667238962677882
1532 1.0736488039863299e-12
1533 0.10441344340553242
1534 0.008200188102136905
1535 5.061933511898014e-06
1536 4.780566738171748e-13
1537 2.653204298881934e-13
1538 4.8887588994490985e-05
1539 2.9695129581872945e-05
1540 0.3550870293193723
1541 1.1289843842175475e-06
1542 0.0005430931062401516
1543 0.03683443487753936
1544 2.7868725443097576e-12
1545 0.06927551806224674
1546 0.88690982139
1547 6.122901297775104e-12
1548 0.00013533773008104756
1549 0.053882699482187144
1550 0.006648041300639662
1551 1.1020844107273936e-16
1552 0.01927477193956277
1553 2.4353766637277887e-10
1554 0.00010681001827182874
1555 1.728115541420225e-12
1556 0.061116444331862155
1557 5.3659098181668535e-11
1558 1.3691188342124926e-16
1559 3.1995880965778145e-05
1560 0.450809009726727
1561 1.8015994635119014e-08
1562 8.083536655821939e-09
1563 3.638170933837984e-06
1564 1.8566284800288484e-10
1565 2.878049313636278e-10
1566 2.2710287562793182e-05
1567 1.7310193923293187e-09
1568 3.340309579694138e-16
1569 1.9731820681858574e-07
1570 1.2917967835428802e-13
1571 8.970703199486369e-10
1572 0.09978881432703651
1573 5.629896258282898e-13
1574 3.580709722308794e-08
1575 0.0001048648080773734
1576 0.00013669955210429943
1577 9.504692379887933e-10
1578 2.3036546676709415e-08
1579 3.2697367179675904e-10
1580 3.962678843619112e-07
1581 2.7572377084053723e-05
1582 0.015268863172733642
1583 2.3698282565277977e-09
1584 2.1301725446645882e-08
1585 0.008274140324847842
1586 0.02006838826533773
1587 0.00895178637527989
1588 5.113156596444036e-09
1589 0.011687245055660763
1590 2.455839505989888e-05
1591 2.23200387079878e-12
1592 1.0165560780677487e-09
1593 0.00046615710055959806
1594 0.018528207790998695
1595 1.0085776365945023e-06
1596 2.7192602690689165e-09
1597 3.251805305309985e-06
1598 0.0004835523407156304
1599 0.01850371528386996
1600 8.038720208831077e-05
1601 7.995696492161098e-11
1602 0.015216831965956447
1603 3.76250474859997e-14
1604 4.6747807934259475e-14
1605 7.135321105845142e-11
1606 9.44959781252562e-10
1607 1.3131679983135313e-06
1608 2.1963811667141982e-08
1609 0.05650610825951596
1610 0.20212642184827367
1611 2.0013422038092955e-13
1612 0.00023260479596898744
1613 1.5593407744760013e-11
1614 7.425392340926995e-14
1615 1.8164687176149094e-08
1616 0.0008475258865751039
1617 2.104112277756505e-08
1618 0.0003851684784241105
1619 0.00020178653957713064
1620 0.0995074056248833
1621 2.4672572966514543e-12
1622 7.333734106207021e-14
1623 8.567521954649218e-09
1624 4.33048524603322e-05
1625 2.0483204022899615e-15
1626 0.2547631243875695
1627 1.0348515436930823e-06
1628 0.000128625620888788
1629 1.3306483370490586e-07
1630 1.1587651023495805e-11
1631 2.7057647875276843e-10
1632 0.03299054907878316
1633 0.010732511090166937
1634 1.4582575628109923e-08
1635 4.0071873468096993e-07
1636 0.006523693574108729
1637 2.0201819502889682e-10
1638 0.00391823081496503
1639 9.538822436455964e-07
1640 1.3210091042180192e-13
1641 8.5305555243311e-14
1642 2.26078644884369e-13
1643 7.218335193541514e-08
1644 2.0355396903672088e-08
1645 2.4845423644226935e-07
1646 3.6209715667650245e-08
1647 1.6407529761975631e-06
1648 0.09612095729846643
1649 1.9638543174826534e-11
1650 0.0014820365691773755
1651 0.09676818915894062
1652 3.578594464370496e-09
1653 7.74737605582176e-10
1654 7.891829424779221e-13
1655 1.3305159225501294e-06
1656 1.9689000797315675e-13
1657 5.238399395535822e-13
1658 0.0010220082345717696
1659 0.2372628894771207
1660 0.00018611353284041717
1661 0.0013392539112477245
1662 1.0566133471244e-08
1663 2.7611055912920536e-08
1664 7.910217107113246e-08
1665 1.6646452290235557e-14
1666 0.0016876920941928215
1667 9.868007858631643e-13
1668 1.1683560242629086e-12
1669 3.0714847528354154e-13
1670 3.1760445906300623e-09
1671 2.671178101023585e-14
1672 9.142446920889366e-08
1673 1.0322435299067022e-08
1674 3.7402469185192866e-13
1675 0.2508229325251279
1676 0.0312193823739868
1677 2.5801611443531627e-15
1678 7.300876962176551e-13
1679 2.9704374305006617e-13
1680 2.1217700025405413e-13
1681 0.08603119627562876
1682 3.921967595081667e-15
1683 2.694471605256014e-10
1684 2.0038063174761362e-13
1685 2.083359029091361e-13
1686 2.3365188113749442e-12
1687 7.244558756265406e-13
1688 2.8872207919688716e-14
1689 4.578169259071894e-14
1690 1.0851157969530093e-14
1691 1.7423332155642054e-13
1692 7.295882254564158e-13
1693 1.7222947396438575e-14
1694 6.244765532167418e-15
1695 6.0077946010362616e-15
1696 0.027561135955061985
1697 0.5607365998264919
1698 1.4551617113697835e-09
1699 3.338598874072923e-05
1700 2.7310413172258435e-05
1701 0.0005800270608879376
1702 2.0924210787593647e-06
1703 0.00505961458473147
1704 4.852318586712703e-14
1705 0.0011472467594804557
1706 7.801819641910233e-05
1707 0.09850598745589863
1708 0.07171268619742967
1709 7.183661740289101e-11
1710 0.008513171583918152
1711 4.242537153952528e-09
1712 2.5603189148879027e-18
1713 3.852836780431816e-05
1714 6.451519133892309e-07
1715 2.8803377607942407e-06
1716 0.05593721431087677
1717 1.3925400178468824e-11
1718 8.916463111557798e-07
1719 3.092256451873194e-06
1720 6.625732784015515e-11
1721 5.6871403294173435e-06
1722 0.0025470909222644724
1723 1.7077375347228423e-08
1724 7.644240101313472e-07
1725 0.015114464430801285
1726 0.040675710061132096
1727 0.021910484725385967
1728 4.04138745718161e-09
1729 0.0005458883846731635
1730 8.615755058894409e-10
1731 5.2933181553789095e-05
1732 5.835680284274685e-11
1733 3.1010731127381436e-06
1734 3.911486162620046e-05
1735 8.539311119304066e-05
1736 7.748117076263189e-09
1737 0.025221425328925934
1738 9.927753884882148e-10
1739 0.004830474259171674
1740 0.0035960370531395286
1741 1.0972798152194706e-11
1742 0.026467114674259683
1743 0.0003975624160316163
1744 4.3049210584677274e-05
1745 0.23358327978692345
1746 4.025209353950926e-05
1747 1.3297224100450835e-11
1748 9.768771858399751e-06
1749 1.5662635785065225e-09
1750 0.03348485558090424
1751 0.027541518933530122
1752 0.00020964114681761142
1753 0.0002773384225821052
1754 1.681313855647982e-11
1755 0.3035273578067531
1756 0.0004166470235469627
1757 0.21124154903863376
1758 2.432776980084697e-05
1759 8.884318195368211e-12
1760 0.028653669779439984
1761 0.00014848950778371175
1762 2.000733554513387e-07
1763 0.15450647647175883
1764 0.36543928213497506
1765 0.33348944894982435
1766 9.960132556952725e-12
1767 0.00046596230054067427
1768 0.017265748171529077
1769 2.489712335291128e-15
1770 1.5097328810409746e-21
1771 3.116187370443064e-11
1772 0.010507895555411083
1773 3.22125480313732e-11
1774 1.5655255338332958e-05
1775 0.41396035313219964
1776 6.980846616696092e-09
1777 7.570837825553179e-10
1778 0.010966384301332401
1779 3.999364034542876e-07
1780 0.0059918681079870004
1781 0.002914025202393587
1782 0.01749010763117771
1783 4.956579730352794e-12
1784 0.010091550683843166
1785 5.593626196319005e-08
1786 1.0140875106264765e-06
1787 1.150977181622687e-08
1788 5.285384152652262e-05
1789 0.2681805378915295
1790 0.014229640653592106
1791 0.016599330124982013
1792 2.1670386534166683e-09
1793 7.42651184345643e-11
1794 3.5972870918719494e-05
1795 0.4296492071419243
1796 0.016539602703376777
1797 2.1892904421641196e-13
1798 4.74619571957204e-11
1799 1.4158213354119447e-08
1800 2.8185431475174653e-11
1801 0.00013244462463971472
1802 0.32864930223391725
1803 1.1598804533453592e-11
1804 0.02234566402708138
1805 7.89300062128635e-12
1806 0.016194324046296154
1807 6.552028535749124e-12
1808 3.5929799731898454e-07
1809 3.0831558384173344e-12
1810 3.78748385924214e-20
1811 0.55640035335498
1812 4.516537469999315e-22
1813 0.007047430924585933
1814 3.68138857766626e-05
1815 0.41386464406891077
1816 0.00762964057219728
1817 0.31231348637460044
1818 6.757042398374099e-10
1819 5.810296087552696e-09
1820 3.963333464367585e-08
1821 0.08011999254070677
1822 0.23715093846625182
1823 0.01767983693023614
1824 8.245475251599726e-07
1825 0.6819841311167579
1826 7.528393280330337e-08
1827 0.5324926515297851
1828 4.205434951224857e-06
1829 0.00738251880375003
1830 4.583948412181134e-07
1831 2.7411044853093885e-12
1832 3.523524235346428e-06
1833 0.8090787205174952
1834 0.5342409798993926
1835 0.007853041022365012
1836 7.072407437214771e-09
1837 4.4153829311028665e-27
1838 0.00032072195708342287
1839 5.719227179220775e-11
1840 0.000263845748428397
1841 1.8280405321761272e-11
1842 0.006082331902063763
1843 0.00010547980611923911
1844 9.041037925363319e-10
1845 0.0064045043746978215
1846 7.78953409173912e-12
1847 0.3715797938590896
1848 1.7043006009734725e-06
1849 0.8886006872500443
1850 0.6263015421200324
1851 8.51783588409728e-10
1852 0.16879262653576227
1853 3.0121219054984114e-10
1854 0.01968720031041947
1855 5.846363574242798e-11
1856 2.0867582235026544e-09
1857 5.205362092851363e-06
1858 4.5642933643066756e-09
1859 0.08826465974267575
1860 0.0002552907972900802
1861 4.3539856140197587e-13
1862 5.21788805712493e-06
1863 0.06335919309767735
1864 1.673598715151767e-05
1865 3.485108918413724e-07
1866 0.031886956394438844
1867 2.805177917633817e-11
1868 9.980643905817898e-11
1869 7.121531162842622e-10
1870 2.713968310057181e-09
1871 0.0066829237351529605
1872 0.9040550146774036
1873 0.2023303488453919
1874 0.3116445589945874
1875 2.4763297492370574e-10
1876 0.0003546618872522622
1877 1.7103889930559436e-05
1878 0.512104268668954
1879 0.0006485021273638331
1880 0.0844129031398356
1881 4.086074830315253e-09
1882 1.5666875424745344e-08
1883 5.017770833464186e-10
1884 0.004061049313672382
1885 0.30892455391197704
1886 6.67506042587088e-07
1887 0.8510231907479522
1888 0.001279978855721781
1889 0.0001308227165219774
1890 4.091206794771652e-05
1891 4.964195392582122e-09
1892 2.2887432929411384e-06
1893 1.7310521995482444e-06
1894 3.137575781718837e-12
1895 0.002869083796637952
1896 0.029599627902456304
1897 3.888422127988335e-05
1898 0.5185732922582685
1899 3.1530348574425407e-09
1900 0.011201228250632137
1901 2.785018796241682e-10
1902 1.887359647195402e-09
1903 9.776951002407366e-10
1904 2.2360249082491375e-09
1905 1.4627932662943194e-10
1906 1.506504250978077e-10
1907 0.04147203249710682
1908 0.005723780347134927
1909 2.6367307338349757e-10
1910 0.0780634491057466
1911 5.2679086689477195e-09
1912 0.0034818657763582006
1913 0.0003499874625715173
1914 0.0003461974683973058
1915 1.079342018214344e-09
1916 1.0820187922629536e-07
1917 0.35237369431352417
1918 1.487676678875353e-14
1919 3.2728040453527893e-12
1920 1.1983082223299423e-08
1921 0.0005490386523720118
1922 0.00015307639867484692
1923 0.23430693090656718
1924 0.7379592262924036
1925 7.0282597907405214e-09
1926 2.2313968639234248e-07
1927 0.027837156102093752
1928 3.171527951902447e-09
1929 2.796804487192202e-23
1930 2.2485934340348925e-05
1931 5.3148460711688194e-05
1932 0.0004693541253346802
1933 1.0287838298879328e-08
1934 1.3620119625805392e-08
1935 3.4151610594860646e-14
1936 5.79225196446689e-09
1937 4.0229144246059505e-09
1938 0.0693239959810099
1939 0.00035596548835821864
1940 0.003563715978148043
1941 0.0034617169675158804
1942 0.0003616354742219209
1943 4.2489594748658734e-11
1944 0.11155032369597045
1945 0.0025189122907579883
1946 0.02247289944552159
1947 0.001415061337572144
1948 0.12969748470574544
1949 0.306018612556963
1950 0.319134746098796
1951 5.787026140196317e-05
1952 0.439377592791135
1953 5.017605364199803e-12
1954 9.652647905984523e-11
1955 8.821763118851999e-09
1956 0.0410854792230045
1957 9.469917347733611e-07
1958 0.0395727285891032
1959 2.147288452112628e-16
1960 4.3333924655911264e-08
1961 0.631453135769138
1962 3.134814752190282e-08
1963 1.30398325157529e-05
1964 5.04992695920047e-07
1965 2.1608994024326998e-08
1966 2.0742715587897124e-09
1967 0.5903816200933506
1968 1.0846332892378033e-06
1969 0.07803233192600882
1970 0.00017383201559477724
1971 0.02107264526793565
1972 0.21518936970888056
1973 0.27706991886135013
1974 3.8558191875687823e-10
1975 2.52823025051673e-07
1976 0.00020798953425929124
1977 1.146124707921623e-06
1978 0.0011204769626212993
1979 1.0209037655978988e-10
1980 1.6252876286848116e-09
1981 4.646716871325048e-08
1982 0.01696326321858104
1983 1.8718833718785433e-32
1984 5.365149150009281e-12
1985 0.16586513874735176
1986 0.23605085051648167
1987 4.623410438563785e-10
1988 0.17664429305003526
1989 2.1096110861830444e-10
1990 0.07236431544690522
1991 0.0001450628327206439
1992 3.586623932454799e-10
1993 0.00042546154528802467
1994 0.25018610309606865
1995 5.187518925538998e-05
1996 1.7736697610219398e-06
1997 0.037845588532558136
1998 5.41674326658829e-09
1999 3.8067348132047744e-11
2000 3.030239575648802e-08
2001 0.0623889269448822
2002 2.742722118201728e-10
2003 0.050259088232310664
2004 0.03169551254834021
2005 0.2939902942036879
2006 2.214915124586368e-05
2007 5.984229632275352e-11
2008 1.476305119324182e-09
2009 0.0003087381604541401
2010 0.0010150272319621925
2011 1.872349949739643e-05
2012 1.575503526411885e-10
2013 2.583080963493624e-09
2014 5.3771688978962566e-11
2015 9.864925529412564e-09
2016 2.782740921883334e-07
2017 6.785392097303667e-25
2018 0.0001642164350876378
2019 0.34262957772176683
2020 4.905110655454519e-08
2021 0.026573450874620208
2022 0.001424046925245251
2023 0.3412656800198401
2024 0.022808525785652803
2025 0.08622791798573318
2026 1.4798615635229814e-10
2027 0.6132961730245491
2028 3.4935129388728694e-07
2029 2.6460440842585337e-08
2030 6.555514213013128e-06
2031 6.825705216540401e-09
2032 8.916044590756686e-08
2033 0.0001289012160428288
2034 0.015882338811905154
2035 1.4567807945476517e-09
2036 1.6732958504036605e-07
2037 0.46564058654347523
2038 1.2280240585815322e-07
2039 5.892011945778813e-07
2040 5.973493061314494e-05
2041 9.886887268663224e-10
2042 4.383612310358912e-07
2043 1.4943905374047698e-05
2044 0.03887839280946732
2045 0.7487485372238412
2046 0.0034257175179982103
2047 3.2117757638812145e-05
2048 0.11666641691810505
2049 1.4130083109158061e-05
2050 1.7868186517274207e-07
2051 2.7066880575294842e-15
2052 0.0002520333458630992
2053 3.355712249344924e-07
2054 0.37010479091811777
2055 0.017339114620501125
2056 3.3453547433788205e-07
2057 6.51556646804024e-11
2058 1.91497401551118e-10
2059 1.0047999144758504e-09
2060 1.9744027659756673e-05
2061 3.6126596144694156e-09
2062 1.490261716594183e-10
2063 0.014842400296142174
2064 0.010518394337031252
2065 0.00015883992621892033
2066 0.8461662239514468
2067 1.479163213653731e-06
2068 0.00010784750403782896
2069 0.0005120378772031078
2070 0.0007582944850273179
2071 0.005942013929592139
2072 3.347559188347254e-08
2073 2.0226627803082995e-06
2074 8.350248060212072e-10
2075 0.0007258223599379252
2076 0.10802838712617864
2077 4.102314254370104e-05
2078 6.003398127434756e-10
2079 1.521731836294695e-09
2080 1.5713389591597276e-09
2081 0.002124339926665475
2082 7.589537918482962e-13
2083 0.36894229742350393
2084 7.419430564592363e-11
2085 3.5506724543941684e-07
2086 7.817296437994168e-05
2087 0.8859729423385643
2088 0.0007613836821603934
2089 1.2169745363292129e-08
2090 0.0637647892610047
2091 0.026363163490677355
2092 5.001115774204906e-10
2093 5.855705344804907e-07
2094 6.386826304498989e-06
2095 1.9695114528314132e-10
2096 2.966437460350362e-07
2097 4.899371591805961e-06
2098 6.445729824765058e-07
2099 3.5958071970414996e-05
2100 1.2411638445782521e-07
2101 0.010296006951555399
2102 0.00018449560984851908
2103 3.594566484401324e-10
2104 1.2236910495548456e-06
2105 1.6477911930782888e-08
2106 0.013646746052988394
2107 0.25408249935281174
2108 0.026313404263383664
2109 0.03847580950685457
2110 1.6012856388840822e-05
2111 0.047449469713276744
2112 2.332491840567723e-29
2113 0.03494375068174741
2114 0.44339014873508853
2115 0.3424167614591466
2116 2.9800842151369185e-05
2117 0.8587132589683396
2118 9.201904432180359e-11
2119 1.9158774803552933e-11
2120 1.9010881537248237e-05
2121 4.594033889153812e-06
2122 1.4811620820611025e-05
2123 9.124810787856332e-06
2124 6.026989677651919e-14
2125 0.1610064714353956
2126 0.005795071685700849
2127 0.0008570665035472804
2128 0.030403417377645552
2129 0.06565631100448976
2130 0.4390547608931589
2131 2.19544164856301e-06
2132 0.07905238375685603
2133 1.0093264310527912e-07
2134 0.3801554447722512
2135 3.723868248481289e-17
2136 1.1646313818302121e-05
2137 1.8285937084964355e-08
2138 0.00020855082969212387
2139 0.7199499771275291
2140 0.01945099736024184
2141 4.8437071351224395e-06
2142 0.00023131545991632538
2143 1.8011871863191495e-08
2144 0.0004263748476494458
2145 1.1350289792981057e-08
2146 5.677821721611927e-07
2147 8.975409185846156e-39
2148 1.1821201799073192e-09
2149 8.269014795324544e-06
2150 4.565973370847165e-09
2151 4.6554112277831226e-05
2152 0.014173150464409496
2153 0.00032459735334134965
2154 0.032264480121548214
2155 3.511123514564748e-07
2156 2.916545201342448e-07
2157 0.23589425153395327
2158 0.7675143772347315
2159 2.6096876803114037e-05
2160 1.1786349378356308e-10
2161 0.011701889264905679
2162 6.629303824355558e-11
2163 1.4701264619934787e-10
2164 3.574200112225214e-07
2165 6.225993667599093e-06
2166 1.4345165185387317e-08
2167 0.006093333226761053
2168 0.06415773111078318
2169 0.12290387469440085
2170 3.72473345698537e-05
2171 3.1762897989906287e-09
2172 0.15529024061158617
2173 0.0002974273147386694
2174 0.000484864558528741
2175 0.0656084754227913
2176 0.1762150174380946
2177 0.00010192322124187045
2178 6.009364359031655e-08
2179 0.0018829515975895747
2180 0.000258480100421802
2181 0.8615428800672408
2182 0.29523727472533845
2183 1.5250573353775102e-06
2184 1.5663009785186493e-10
2185 3.1069106700357716e-10
2186 7.243517703980752e-07
2187 0.0003244663231975339
2188 7.819895664893926e-05
2189 0.37237158946565546
2190 0.7655294124652777
2191 0.00010417819485181242
2192 1.5222934501086756e-05
2193 0.3997171797470897
2194 7.950432982815073e-05
2195 1.8301123515368627e-13
2196 1.3960442994118286e-07
2197 2.7271142304498485e-12
2198 2.8493350668431357e-09
2199 1.3789035127592938e-06
2200 3.472191508904214e-10
2201 0.0007245493967307151
2202 0.7019109408974453
2203 0.000949975432262362
2204 0.0022037510640045225
2205 0.002435415672243449
2206 1.2835049472479617e-07
2207 4.733611882839692e-09
2208 2.4622370268486997e-06
2209 1.2014798287876078e-11
2210 0.7580138503201598
2211 6.371831175895636e-06
2212 1.4949812966644285e-07
2213 3.374664198144078e-05
2214 6.8743390725583496e-06
2215 0.5461161307634853
2216 0.6323388321352019
2217 3.5382329480929204e-09
2218 1.3735778097691562e-20
2219 1.2444271764020999e-05
2220 3.70333346008885e-10
2221 0.0005815862027840223
2222 0.8182902676813164
2223 4.5099409982669385e-10
2224 0.5427424919974824
2225 0.0012455046435931548
2226 0.0016634352456464736
2227 2.862981130413843e-20
2228 0.00010266532259256431
2229 0.2333587586030899
2230 7.718373766449888e-05
2231 0.04079054634678559
2232 0.387391483868097
2233 0.002840750518825697
2234 4.107799412274572e-06
2235 0.04810259237341945
2236 1.3159163214921671e-09
2237 1.5365489578215327e-30
2238 0.45711477166125114
2239 1.9361976538375082e-07
2240 0.602128533819282
2241 0.0013570125556062959
2242 0.00018073138907447904
2243 0.596084382689267
2244 0.003584656273724353
2245 0.00727550951384625
2246 0.10312373656527665
2247 2.3716724734600438e-11
2248 4.047593335085198e-11
2249 0.0005476583475655944
2250 0.020310315261727798
2251 4.666717609336876e-07
2252 0.0002974279315592288
2253 2.1059951152561713e-07
2254 0.006136602675967356
2255 0.033689148202612866
2256 0.36326493963813616
2257 6.602339797938118e-11
2258 0.004762366714269337
2259 1.662956555761446e-23
2260 0.03202348057676593
2261 0.0029729724969617486
2262 1.9519430239874076e-05
2263 0.4782633453528785
2264 7.45610263681116e-08
2265 7.831177898898078e-06
2266 4.0976752729608267e-07
2267 0.04262801715530607
2268 0.17043971727862076
2269 0.004370266524827655
2270 0.001660005215929276
2271 8.153335863217597e-07
2272 0.00022874428181732806
2273 1.5220094350964574e-06
2274 0.43586292665356413
2275 8.618441646226945e-08
2276 1.5035837326702406e-05
2277 0.0007443353872075482
2278 3.557777741790067e-09
2279 6.5328345911879144e-06
2280 0.263438048301759
2281 8.809330243170766e-08
2282 1.340785112365677e-11
2283 6.773351041964704e-08
2284 0.0033922088698652157
2285 2.328710649478976e-05
2286 0.32902681948595935
2287 0.002907092593217288
2288 5.5359492956718545e-11
2289 1.5986142976962846e-10
2290 0.02120389988013501
2291 2.6599845587487107e-06
2292 0.0015058779085628882
2293 0.3144110556620238
2294 1.916384590408822e-12
2295 0.00792092983452871
2296 1.822461520510091e-08
2297 3.270043274323396e-07
2298 0.012246332019492566
2299 1.1349545885875927e-05
2300 4.746236189544501e-07
2301 0.1058653895712361
2302 1.7447613191053616e-12
2303 4.9123050629776234e-05
2304 0.2960401528223272
2305 0.27510673772611516
2306 2.2231931792663393e-13
2307 0.00035883404932573435
2308 0.48011828944513546
2309 0.2035622241927391
2310 0.41456272777319847
2311 4.33144648203535e-06
2312 6.857414721216068e-12
2313 0.03995859831218812
2314 0.010669648034123807
2315 0.016200376511379243
2316 0.047006839502378904
2317 2.5097977962518006e-06
2318 0.00014298973852452622
2319 0.0004334393728922533
2320 1.68804157087452e-07
2321 2.7300737861327235e-13
2322 1.334890498517208e-08
2323 1.8213152764624957e-08
2324 0.11550583943490256
2325 9.732774001150265e-11
2326 2.2692731196238387e-08
2327 0.000735234602800448
2328 6.185432762168576e-10
2329 0.00022438560637060256
2330 0.0014416664284635362
2331 1.6690183281884235e-08
2332 0.057320103037711234
2333 1.0003977953305957e-10
2334 4.0332605775424285e-06
2335 0.04582786935496456
2336 0.005631419503715919
2337 6.934922643771658e-07
2338 0.00021438561528229033
2339 0.31950094442462573
2340 5.295099830828787e-09
2341 1.8386279743950106e-17
2342 9.110638099857625e-06
2343 1.5444671716736185e-05
2344 3.0204912331556247e-10
2345 5.466765002361587e-05
2346 0.00023905350126321578
2347 1.0352114099054446e-11
2348 7.233895590670531e-05
2349 6.926226497320919e-10
2350 1.8458062183032022e-10
2351 3.5602507943868253e-25
2352 1.2846260974453331e-11
2353 8.121190913457558e-08
2354 0.0012108345442672698
2355 2.4575037148448577e-05
2356 0.6667670478259479
2357 2.5094939301952906e-10
2358 3.883350439927585e-07
2359 0.8534621239648356
2360 0.009118182968679344
2361 6.578021636571575e-08
2362 3.604482023823088e-16
2363 8.712799635617372e-12
2364 0.03746025601346533
2365 1.6927988710574264e-05
2366 0.0005775160659393549
2367 0.0016759091419989666
2368 0.07184637324649057
2369 8.585621453139522e-11
2370 1.1070926664806011e-09
2371 3.285867783099932e-08
2372 1.6280660164797072e-10
2373 0.000389498138034751
2374 0.008030831845869262
2375 8.513053469143308e-07
2376 1.0531789721554143e-11
2377 1.085777605981161e-05
2378 0.00034465362341061447
2379 0.0005336590217825345
2380 0.0015845055662463896
2381 0.004524014589146966
2382 0.0015601758189195485
2383 1.6867300822210972e-13
2384 2.8486025314750465e-10
2385 1.2457785807449046e-12
2386 1.197559053535976e-08
2387 0.00023501599693625353
2388 0.000261411870400616
2389 3.7941284053894376e-06
2390 0.0013897222400322282
2391 1.408321351634461e-05
2392 0.2566032013219752
2393 5.773361342452678e-10
2394 0.0001169983995288183
2395 3.717803807287154e-14
2396 0.00011651346477022993
2397 0.002757198390643366
2398 1.3281658768583541e-05
2399 6.54637716097732e-17
2400 0.0010144672044951181
2401 5.123440262724513e-11
2402 0.005174314237854887
2403 1.1007794351930603e-11
2404 0.0401397573086774
2405 3.427137655032156e-09
2406 0.5055257957028474
2407 7.324049215192283e-06
2408 0.5868296910150114
2409 0.001971226454849919
2410 0.00020332010938498945
2411 0.015084213238509109
2412 0.6405889534604806
2413 8.599037719905163e-10
2414 0.0072289756979284775
2415 0.003915360630995314
2416 0.005300399855677123
2417 6.286121032274162e-08
2418 0.00030451676556373465
2419 3.877247718502736e-11
2420 0.027680280187795208
2421 7.2409653261421245e-12
2422 0.00020747273690001615
2423 0.00015941525840757707
2424 0.7479297990301246
2425 0.8178143239245912
2426 4.297520840864264e-11
2427 2.0932822567194595e-08
2428 0.0023533655589380044
2429 2.1683695951489865e-17
2430 0.0001595851226206078
2431 2.664374019168799e-15
2432 0.0026223814032802187
2433 2.4189078677551274e-16
2434 0.8132174493313772
2435 1.444145053923288e-31
2436 9.787387481607962e-12
2437 6.430605337194301e-07
2438 1.610191235263048e-05
2439 0.00011889376017966306
2440 0.003550431391727766
2441 9.549664350233305e-05
2442 2.6724888888811207e-09
2443 1.3884041437032401e-31
2444 3.631282776490519e-15
2445 0.0001660958033628893
2446 0.10130310437480622
2447 0.020262334089088133
2448 0.8166783514628843
2449 8.048674932121889e-09
2450 1.4679094814062378e-10
2451 0.7596298124835338
2452 0.8409930381698064
2453 7.442569061796084e-19
2454 3.163575573709076e-08
2455 0.004336129151262261
2456 1.762039316067439e-06
2457 2.347487793682224e-08
2458 3.604444739379683e-16
2459 9.032533329658981e-07
2460 6.586057154027565e-10
2461 0.061527449636987155
2462 5.2705470640680505e-05
2463 5.790309718720368e-10
2464 9.31201536953638e-12
2465 0.00989050161144512
2466 8.169603346012842e-21
2467 9.899577413587377e-18
2468 0.0001585947077964101
2469 0.010427675243094625
2470 8.501083136554566e-08
2471 8.057797370314207e-16
2472 7.530576527878831e-05
2473 0.0015274806433126118
2474 0.00027583422058655285
2475 2.8423023437724414e-22
2476 4.356843409938414e-09
2477 1.9905974701396982e-07
2478 0.0016680565794900246
2479 0.0006567645159211326
2480 0.003620714264610425
2481 3.051881179176255e-17
2482 2.4122231968790445e-11
2483 0.005256156473700008
2484 3.1670117331856835e-18
2485 9.278445603449439e-34
2486 0.3671279457095732
2487 3.964081206551595e-11
2488 5.918601110077192e-09
2489 0.0006698005226520423
2490 0.018286421541303548
2491 5.965077681546309e-10
2492 0.0010326550740068457
2493 3.512991855148901e-07
2494 2.506920808209039e-06
2495 0.43968167135641373
2496 2.700100550838414e-07
2497 0.4140669124568911
2498 0.0004958826634271949
2499 9.772970233024068e-05
2500 1.6161827080491122e-12
2501 2.670259252615372e-15
2502 0.0023946381172935513
2503 7.574738703222396e-22
2504 1.526100038894452e-12
2505 1.2129369621267166e-17
2506 5.04627284580513e-18
2507 1.614547436973205e-21
2508 4.578077885723782e-17
2509 0.003908346019654656
2510 6.530513753510284e-09
2511 0.0012529908410228619
2512 3.3408092519598873e-21
2513 2.2306810457491146e-30
2514 1.930617862176989e-12
2515 7.122580708475484e-17
2516 0.0035495926552581015
2517 3.3011644110017205e-09
2518 0.0001807116095290838
2519 4.515914181629046e-17
2520 2.577286855071707e-09
2521 4.944939613956224e-18
2522 0.04475774277506734
2523 2.292056713401309e-07
2524 2.4752333369667812e-06
2525 1.0787221674053278e-16
2526 1.3106623003439156e-10
2527 1.8695059027232208e-10
2528 0.00227936262442787
2529 1.3819187308417283e-18
2530 1.4309951396841689e-12
2531 8.843115927645635e-13
2532 7.655461462118892e-05
2533 6.988887726419988e-07
2534 1.2678986740274392e-34
2535 1.4743521560780632e-09
2536 0.0006596654135500444
2537 3.789721140336562e-10
2538 0.00027820611016645547
2539 0.0003000614236855481
2540 9.116877253946483e-06
2541 0.009080985745781202
2542 6.222025806698146e-05
2543 0.00030022674789291764
2544 0.6329851282841882
2545 1.1510950185735821e-06
2546 1.4678361311157698e-07
2547 3.125675390323946e-05
2548 1.0295011316326571e-07
2549 0.0035720259935793437
2550 0.04590117493477527
2551 0.0002354296156868246
2552 6.096164372112175e-12
2553 0.0028714068442646772
2554 3.8784466973243524e-10
2555 2.5653075548976945e-10
2556 2.9802263950133987e-21
2557 0.0005588025304625008
2558 3.0322408129071365e-10
2559 9.697646104927777e-14
2560 1.007679826283252e-13
2561 4.836527419454441e-16
2562 0.00010170857192301801
2563 0.00011427767986075734
2564 0.005864160319773941
2565 1.1382584460984169e-32
2566 1.0198387451554083e-21
2567 0.061667506490570935
2568 6.411298566733944e-22
2569 0.00026990787523666955
2570 0.2590437138878329
2571 1.7258417115119155e-08
2572 0.0037601406175699894
2573 0.004948237176071541
2574 2.339420719321741e-10
2575 1.8724212138711633e-09
2576 9.327605361295005e-07
2577 0.0008688853363028068
2578 3.0948081593372252e-12
2579 0.0021838126123995766
2580 4.148125506115009e-05
2581 9.477317344686858e-05
2582 0.0020376934402500093
2583 0.04810489262109885
2584 0.020291263147210664
2585 6.252898887499058e-12
2586 3.778950510693453e-06
2587 2.4590859342958685e-06
2588 1.7226217907065e-16
2589 0.000978888706715378
2590 6.43591965358071e-23
2591 0.0001314483169782301
2592 6.948466148277015e-07
2593 0.7109718547990341
2594 0.00037272970754692093
2595 0.7765804712932023
2596 0.0021851117208359135
2597 2.0002378385449642e-06
2598 4.198194259838253e-05
2599 0.0027663244595269674
2600 9.727156546772406e-10
2601 0.001706871742787921
2602 3.328813607109986e-05
2603 0.0015190192108474026
2604 3.340805122041542e-16
2605 4.152096050130247e-17
2606 9.700205561674885e-07
2607 7.389387792681856e-05
2608 1.1098107071817698e-12
2609 0.003111653070537413
2610 8.017416247280967e-20
2611 0.010981187112056428
2612 5.127274395211427e-39
2613 6.821453641640333e-06
2614 1.9585772248373208e-11
2615 1.3307863836866135e-12
2616 0.034096858013305684
2617 0.0009935637605385233
2618 0.040847799166274325
2619 1.9415874960317603e-19
2620 1.1880697771706998e-26
2621 7.988725153962554e-34
2622 0.004358414316425999
2623 2.0019279501864312e-17
2624 0.0005682387236593262
2625 3.516159029462588e-10
2626 0.904145287964894
2627 0.0008277325864926139
2628 1.1335648080413371e-17
2629 0.8962124683191894
2630 8.948970098541886e-10
2631 0.002683271891178473
2632 3.1980992232862697e-22
2633 0.0050878152640434614
2634 0.003570548536768658
2635 1.0558778112705184e-05
2636 1.6957260680470794e-20
2637 0.8430022452561883
2638 7.467596254409894e-05
2639 1.6390263893828009e-22
2640 0.6503151730739315
2641 1.1181400465281277e-06
2642 9.484057443019999e-09
2643 9.10847887907283e-05
2644 8.541153763368286e-21
2645 3.841913093512349e-08
2646 0.0007394939815619786
2647 0.7623687990681828
2648 1.4090275844045075e-34
2649 9.917534801286427e-05
2650 1.1952333816296153e-29
2651 3.357058834344984e-05
2652 0.11270761631776134
2653 0.0020272851614484707
2654 5.201691865251032e-06
2655 2.1823796568667188e-08
2656 0.019292590472590382
2657 1.7151849722365268e-06
2658 2.8429743942522424e-09
2659 0.00011480988374345184
2660 0.511785993693619
2661 0.02648399207507625
2662 0.56325062863249
2663 1.1951770272904067e-06
2664 3.3788436824817194e-19
2665 5.439886390123315e-08
2666 0.738788246591051
2667 1.9724504040916435e-43
2668 0.004759617895749208
2669 0.04951882325427885
2670 5.514778298696023e-06
2671 0.014289045019385518
2672 2.2256598565610816e-06
2673 0.6246870972370591
2674 0.0026470024118944086
2675 0.8113626344982373
2676 0.016141427575727604
2677 0.0008229053248261401
2678 0.026695118148130262
2679 0.0031942166807319193
2680 0.48687425904795517
2681 0.5827845184836671
2682 0.00010822950489370723
2683 0.7217857231684169
2684 1.2830548044187246e-37
2685 3.141544427505817e-05
2686 1.7768079846369528e-12
2687 1.3475508221403679e-12
2688 3.229641319897562e-14
2689 4.311166140101437e-06
2690 3.42761614693967e-08
2691 0.35667338750138633
2692 0.004214166315007556
2693 0.48445580907916463
2694 8.308649006230133e-15
2695 0.0022825830340599674
2696 0.6562093140752311
2697 0.3696893133405531
2698 0.013066942587344262
2699 0.00015451488803656225
2700 4.778333081939983e-10
2701 0.0032713163053593414
2702 6.150262910996331e-05
2703 0.01040279605971003
2704 5.029359504475471e-05
2705 3.755065520566478e-10
2706 3.725435233957691e-20
2707 7.207059836424978e-20
2708 0.00591634257310679
2709 0.886697276495928
2710 0.00354060013314599
2711 0.00010146047372288558
2712 0.00483009339904181
2713 0.17839506593674956
2714 0.0021076959829308245
2715 4.1388779588764137e-10
2716 5.884892479989183e-17
2717 4.438959633220811e-10
2718 0.003870600934774963
2719 6.393135286735846e-15
2720 4.9565773612211306e-08
2721 2.508489263497214e-05
2722 5.578102039600672e-10
2723 0.5064707362482915
2724 4.896810887703026e-10
2725 3.3285204724602653e-09
2726 0.0007875750259533727
2727 6.631692753851436e-05
2728 1.3816070204137093e-08
2729 2.160551172644142e-09
2730 2.0108447936525885e-05
2731 0.6911458730227376
2732 1.3273055602256708e-07
2733 0.030144915480348
2734 6.854609807266661e-19
2735 2.6327002325514123e-09
2736 0.009796195388445873
2737 0.0013705110458323458
2738 0.12157389343154396
2739 1.0320627157455355e-12
2740 7.180942542023536e-13
2741 0.00026699299157486906
2742 6.14220456818861e-08
2743 3.9165722581611455e-10
2744 0.00015162471179015944
2745 4.46724756153168e-05
2746 1.849407013424898e-05
2747 8.882597962445773e-07
2748 0.6331051726604935
2749 0.7711321636141416
2750 1.225775554219986e-20
2751 0.8035912831762607
2752 2.825773387312443e-14
2753 3.082944433921446e-07
2754 0.001173935912690384
2755 0.022587019055660535
2756 0.002664477309000461
2757 1.0143174067900386e-05
2758 1.28270855259918e-05
2759 0.14777543939045618
2760 1.4622524512075798e-12
2761 0.001585171157039976
2762 0.08404151490446855
2763 5.057190246161044e-12
2764 2.916339241005503e-09
2765 0.375512038079806
2766 0.6861964838442511
2767 1.0316610821297865e-05
2768 0.013863816047994078
2769 0.00013145090905159322
2770 0.005115336262464531
2771 4.905889745187812e-14
2772 1.6635688941817316e-06
2773 3.793596271324349e-05
2774 2.3254243096228713e-14
2775 5.602895168493537e-06
2776 0.09897947474107918
2777 0.07398555667043456
2778 0.14267923212857303
2779 1.133502360442404e-05
2780 0.05210024617576785
2781 3.280276072422739e-10
2782 0.2563139692859104
2783 0.1221587180709755
2784 0.0005848804395693874
2785 6.112752281158255e-05
2786 0.14109638463309532
2787 0.8600138667682209
2788 0.03360721832742599
2789 0.15263899454765295
2790 1.4443215419245755e-13
2791 0.8584981976780884
2792 0.15301664243200355
2793 2.0392362056962326e-05
2794 1.9718776068866262e-07
2795 0.02039099373697151
2796 0.008420707527772256
2797 0.0013365378533363322
2798 0.008329437602157546
2799 0.04730605660324899
2800 0.0027953271895856903
2801 3.438572381334056e-05
2802 2.0378701011373866e-08
2803 0.0037136366628022625
2804 3.1582829148040583e-06
2805 6.116588719753934e-07
2806 0.005503655382191682
2807 0.047734538882553086
2808 1.410207507567886e-05
2809 0.7267323446643417
2810 0.07039386984696305
2811 0.17179529702902155
2812 1.6904636236912144e-12
2813 5.923984429318511e-06
2814 1.7189732481647615e-08
2815 8.225628023331082e-11
2816 4.6885971010860496e-07
2817 1.0311101519488359e-05
2818 4.735672993405193e-08
2819 4.376494584584436e-09
2820 3.391971793008687e-05
2821 8.044971778818303e-14
2822 5.739526712710621e-08
2823 0.23719374421170142
2824 0.0012444234932729393
2825 1.4764957258429223e-08
2826 0.10961947724440821
2827 0.04587807390522119
2828 2.1774508931441767e-13
2829 0.1516949364433111
2830 0.0971690011213881
2831 0.2347011689697731
2832 0.19480511351819244
2833 7.812623727131764e-07
2834 0.07380690495288637
2835 6.572137573144782e-13
2836 0.26270334450211347
2837 9.105999714557064e-10
2838 1.2589883690439792e-06
2839 0.27242515332841316
2840 7.114858738108243e-05
2841 0.2619103701064678
2842 0.26794105337948254
2843 0.2072708070374174
2844 0.23452603061393776
2845 4.4673098952337215e-10
2846 2.038207220567144e-16
2847 0.0012346636464638232
2848 1.2656828511371423e-07
2849 4.021122055442969e-08
2850 0.0005574691751610087
2851 0.00030314744728893937
2852 6.031387627233546e-16
2853 3.4359100553464446e-07
2854 2.3073142369298063e-07
2855 0.0007842366937666535
2856 0.19422714217103643
2857 2.06572171270056e-21
2858 0.06914755389260026
2859 0.002561737260548303
2860 0.0027297387031288284
2861 9.169883809539558e-05
2862 7.192030994685299e-11
2863 0.104098237754288
2864 0.0004668648343713446
2865 2.0015750569153538e-13
2866 0.14900295490073442
2867 1.4398762073628824e-11
2868 2.091708010477352e-06
2869 0.002293018960251562
2870 2.634111932324986e-10
2871 2.7756540133154053e-06
2872 0.06818924680749495
2873 3.200632917038214e-06
2874 3.2126916275391387e-11
2875 5.685019109850799e-05
2876 1.918177556285509e-06
2877 2.4773471351655336e-07
2878 1.069758679968423e-06
2879 6.129615212474685e-17
2880 0.021634769752074744
2881 0.0006728644494722143
2882 1.6456868636346692e-05
2883 9.001094635708719e-08
2884 0.0020651928428452367
2885 1.5281626072757457e-12
2886 0.0005347516067590783
2887 4.18773809337542e-18
2888 1.4546834939128243e-07
2889 5.527126320121568e-11
2890 0.587700000646441
2891 9.788884803318356e-08
2892 1.8191272141893055e-05
2893 2.109294119772754e-13
2894 4.883686263511986e-07
2895 1.0144967162497919e-07
2896 2.0372966133008694e-07
2897 0.2544685104530052
2898 9.139295675527973e-08
2899 0.2029538696989621
2900 1.3506871972551221e-05
2901 1.0706751090822381e-09
2902 1.1681091450504528e-05
2903 0.16681303041704806
2904 2.2936982414277797e-14
2905 0.000829311476145824
2906 8.048080399725826e-08
2907 2.0313399112045567e-08
2908 0.08500328749342778
2909 0.6025969408150945
2910 0.0018488519919104749
2911 0.4866646131669772
2912 0.00033661737097708926
2913 0.0010005506110093059
2914 0.12480302807334422
2915 8.732600353536988e-13
2916 2.461758580777711e-07
2917 1.6360535433578297e-07
2918 0.4865647321272305
2919 2.4322106093991077e-05
2920 5.235297702978166e-05
2921 2.408951673192234e-17
2922 1.8229665910486277e-07
2923 0.17014334634547468
2924 1.0128144792917143e-07
2925 0.0018209798908474313
2926 0.001037479164013316
2927 0.09496778429460895
2928 4.474531288941023e-08
2929 2.54771806740752e-13
2930 0.15218073687593228
2931 0.06999409423978624
2932 0.03441198671808026
2933 0.2535649754174283
2934 0.0990597113956358
2935 0.14676527949949567
2936 0.10779742498912236
2937 0.06799958629597933
2938 7.480992219839047e-08
2939 0.12153841121548335
2940 2.71246615880938e-06
2941 0.31999412031762775
2942 0.17832244952150564
2943 0.12491688366260617
2944 0.01260284839806953
2945 0.3758815276149897
2946 0.2967584329502489
2947 1.4239842671741497e-05
2948 0.10753730189026665
2949 0.09460829188556677
2950 3.6715040212465394e-14
2951 5.55398198469957e-28
2952 0.260133677832977
2953 0.07416888973019686
2954 2.313516267331713e-08
2955 2.262299400216753e-09
2956 1.485244828075753e-13
2957 2.8895504995221173e-07
2958 4.951533266668215e-08
2959 9.325694637838495e-10
2960 0.10760119910220878
2961 0.20332738137157064
2962 0.0012390478640527248
2963 0.14880978838842507
2964 0.051830028633201866
2965 2.3450186967318612e-08
2966 0.048148781143574904
2967 0.14814752180794585
2968 4.395581060045391e-08
2969 6.966016530233792e-06
2970 7.119004332420591e-07
2971 1.8120768104123001e-07
2972 9.001969517603314e-09
2973 1.6640374091694953e-07
2974 0.06338292656881656
2975 5.5999184070443015e-08
2976 3.577779858044678e-15
2977 0.1850749733220222
2978 4.4909961419779065e-06
2979 0.035698794551092955
2980 1.809394698386995e-11
2981 5.714404501159971e-09
2982 0.04053659420008276
2983 3.708534947566423e-09
2984 2.0537957696414834e-08
2985 8.8234066366275e-08
2986 0.16434020134213637
2987 2.981991444416263e-05
2988 0.011720200257014552
2989 7.607758153863584e-06
2990 0.00021327362385673498
2991 0.1633480744869
2992 0.1313976807537319
2993 0.0008011699299123699
2994 2.3558269868999743e-10
2995 1.1221099337496692e-05
2996 6.485312140369769e-06
2997 2.8489097136974285e-14
2998 0.00022536013267221804
2999 0.12369147809512351
3000 7.227611047779703e-32
3001 3.2974722646849807e-06
3002 0.004202064829071765
3003 0.008931375823219496
3004 0.0004228327518032797
3005 0.0019290771962534275
3006 1.324310626462708e-06
3007 0.00019131435980590338
3008 2.608307902220149e-22
3009 8.93279008312858e-08
3010 1.6956020975110776e-05
3011 3.986399752002091e-10
3012 2.0755728449870327e-05
3013 0.0046637110417681255
3014 1.0866540588565381e-05
3015 1.6799596927672116e-06
3016 9.131674759549988e-06
3017 4.723551885700447e-08
3018 0.5141151570028626
3019 4.1091533244784986e-08
3020 4.450536150366052e-09
3021 6.165650480518906e-06
3022 1.8209167592805711e-06
3023 7.873760905311637e-07
3024 0.11002660693432395
3025 1.894124083485081e-07
3026 0.10076728879755167
3027 0.07816826072906159
3028 0.052972436400523425
3029 0.1428051994129709
3030 9.00319914345813e-34
3031 1.7823230205109728e-07
3032 0.05146343061944741
3033 0.07254701131715544
3034 0.12379453086631728
3035 4.936565655287486e-08
3036 0.07370749538985295
3037 0.00012297882593875593
3038 0.14741723229298925
3039 0.029898328819553645
3040 1.0895005277678007e-09
3041 0.1514840969909289
3042 5.124687102330486e-06
3043 0.03961814879048501
3044 0.3721426507532289
3045 0.005338148095570397
3046 0.045923402805631355
3047 0.050160691519225246
3048 1.0604850601202946e-08
3049 1.6080829572492068e-24
3050 9.638231251274052e-13
3051 4.244970101063035e-13
3052 3.7178587885576356e-10
3053 6.88528372651281e-33
3054 0.04826809178759032
3055 6.00770197811266e-07
3056 0.3924835146211603
3057 1.1346159828491342e-22
3058 0.2784574220980025
3059 5.5185260142605426e-06
3060 0.5023306278965151
3061 2.4384858695969294e-06
3062 0.0002603381918710907
3063 4.5861255117471374e-12
3064 1.9035040029332143e-06
3065 0.009188405118946436
3066 5.393918967357344e-07
3067 3.741850926674537e-11
3068 2.118640315078826e-07
3069 4.590106371748601e-07
3070 1.582565981572307e-07
3071 3.009992082963407e-08
3072 5.485705475626295e-08
3073 2.0454827561767025e-08
3074 1.64121153164305e-08
3075 0.009553120251179797
3076 7.620651268201875e-06
3077 0.00010016895163209689
3078 6.397545685572033e-34
3079 2.5100401297815085e-11
3080 8.355233311636147e-31
3081 3.2703527940247876e-05
3082 2.362554922276557e-06
3083 1.5812624404196985e-07
3084 1.2336896765543057e-09
3085 7.415002395956227e-11
3086 1.3360451651292574e-13
3087 6.034222296365903e-11
3088 8.118334640229667e-13
3089 1.9262617351939025e-11
3090 2.42856098780657e-07
3091 7.674020735015809e-18
3092 0.019581086919283206
3093 3.174294783438431e-13
3094 3.9807478576005545e-13
3095 1.0292949679471992e-23
3096 3.994718308378979e-11
3097 0.011184982512573912
3098 2.010933013684598e-11
3099 0.0007079862369237649
3100 0.0011229406856124678
3101 6.841702201330429e-08
3102 6.897200765900672e-16
3103 9.08307182852344e-15
3104 1.421674251816969e-09
3105 5.8598393827790626e-37
3106 1.4800829460495357e-11
3107 2.8156887605833038e-11
3108 1.0539546548177513e-05
3109 2.0846474308685962e-05
3110 7.5333125082104385e-25
3111 3.565147385110741e-11
3112 0.05803933327945236
3113 0.09045082008722631
3114 0.09674942693936388
3115 5.689817387776683e-28
3116 1.1692803135089987e-28
3117 0.00021073688691824118
3118 3.1624036928261378e-06
3119 0.0005352918822186538
3120 0.021305784714066918
3121 0.00035367929973291365
3122 0.17387083582281143
3123 1.050387001805505e-09
3124 2.6451715549130232e-11
3125 0.029864916277572148
3126 1.403379289807975e-21
3127 0.19911626954013234
3128 0.0002231035788130673
3129 0.027966399190529085
3130 1.5910010174996237e-24
3131 1.298532538964277e-05
3132 2.4927461070916954e-05
3133 1.898353098783109e-05
3134 1.2522501531146345e-08
3135 1.5060422494352726e-06
3136 1.1849233034261364e-10
3137 1.8764025913217093e-05
3138 2.126908836684933e-08
3139 2.3224399172982239e-10
3140 1.562735106682069e-23
3141 7.441586768772245e-09
3142 0.002194802491481967
3143 1.0002854153351895e-07
3144 0.005492996259795455
3145 6.87561974715011e-05
3146 4.691159234958127e-16
3147 1.8062582149548514e-06
3148 6.68729317449582e-14
3149 3.005786835611133e-11
3150 1.2457151638453157e-12
3151 5.094290634482821e-13
3152 1.1195444548311323e-25
3153 0.004572165980809108
3154 1.1679025542922906e-32
3155 1.5590666403722995e-54
3156 3.91852074148251e-06
3157 3.2253417836897055e-12
3158 1.0802145682867951e-05
3159 2.804284957490548e-05
3160 3.285774699941999e-05
3161 7.687988034828034e-10
3162 2.029723205811656e-08
3163 4.054143381834919e-12
3164 1.283375652506155e-31
3165 2.3523510281702982e-11
3166 3.956785529336766e-15
3167 2.42508941892385e-07
3168 3.5843250500242195e-05
3169 2.2009364210780262e-11
3170 3.3582082823390597e-12
3171 0.002504312743639429
3172 1.0343327231194428e-25
3173 3.6729510059961186e-12
3174 8.075790576551723e-14
3175 1.1278653115459427e-14
3176 0.00011746222410019357
3177 1.373859641951099e-10
3178 5.789556242092466e-11
3179 1.160820486022492e-12
3180 0.027213023541422496
3181 3.139064103800595e-05
3182 1.9642958697255143e-05
3183 2.2048846741099866e-07
3184 0.00010003461772208552
3185 1.3730271334641183e-15
3186 3.078340903605293e-35
3187 1.3380831725908879e-13
3188 3.499058438692279e-11
3189 1.524072869112225e-11
3190 1.0727226947967502e-26
3191 6.342396105338504e-14
3192 7.75446770701465e-14
3193 0.0012279436759786214
3194 0.0003525014516032156
3195 0.0008246414020845916
3196 6.526561706248004e-13
3197 4.2841727202814866e-06
3198 8.654329144583373e-12
3199 8.361994362485523e-25
3200 2.8487307138217876e-21
3201 5.1405286711150096e-27
3202 0.008731792870761371
3203 3.0907477369547114e-14
3204 4.135343631650166e-08
3205 1.5038747754003257e-07
3206 6.869435862752604e-07
3207 1.347861089297055e-06
3208 2.2505485633811263e-25
3209 1.8025690870728047e-18
3210 3.6386185500616593e-26
3211 4.194784181639979e-05
3212 1.980111186909265e-12
3213 0.0018366492078444225
3214 1.3033319987134978e-25
3215 7.385506396314119e-29
3216 1.7038008313027824e-12
3217 0.0043322273137788355
3218 0.00016662097769643006
3219 2.113064288618483e-09
3220 1.2317626809993837e-09
3221 2.3957823886125115e-09
3222 4.790336658436277e-24
3223 6.7835661854912e-08
3224 3.1926299889746312e-25
3225 2.786468621629629e-08
3226 1.2660696595453116e-10
3227 3.469009991783386e-26
3228 9.307433643235326e-12
3229 1.5879894201647063e-12
3230 4.3004979768909556e-11
3231 2.2567667504511447e-10
3232 2.2252619513839466e-18
3233 5.080172874699011e-08
3234 2.678572480326841e-10
3235 5.313533755966556e-14
3236 1.0810401334926192e-14
3237 6.722205147347347e-12
3238 1.3469114107688492e-10
3239 0.0019413404371435442
3240 1.1064186599443323e-08
3241 4.5624287607367916e-21
3242 1.4124173436108692e-08
3243 7.660036928764227e-17
3244 7.135921721898082e-08
3245 4.855475630294252e-05
3246 3.6959627524823233e-09
3247 2.615633055087467e-08
3248 0.0006905144276228276
3249 2.484700204010778e-08
3250 1.1161777657210161e-05
3251 1.6533561836171891e-12
3252 5.3134882459372e-05
3253 3.5356887258877424e-05
3254 9.458064610911573e-05
3255 5.647155847406209e-10
3256 7.45854746228259e-23
3257 2.4657869312383607e-12
3258 7.088521759111162e-20
3259 9.78314506997372e-18
3260 1.408892378769661e-26
3261 8.862687392263429e-29
3262 4.931622307253172e-12
3263 2.7591242407810218e-15
3264 6.556280611955054e-07
3265 1.0565886937505324e-10
3266 2.1491456545735832e-18
3267 2.3418327902585623e-05
3268 8.65794168019008e-06
3269 7.477025843217472e-06
3270 1.3354129077103797e-05
3271 8.480252066351846e-16
3272 2.462508151434012e-16
3273 2.6430261187163473e-05
3274 1.9341819361034314e-11
3275 7.240296436243222e-18
3276 3.7014021807372566e-16
3277 1.4525668542697359e-06
3278 2.606256537366145e-11
3279 1.0201043417405991e-08
3280 4.654671943594575e-05
3281 1.4918682217707092e-08
3282 2.7084626364649727e-12
3283 1.325076310743573e-11
3284 9.352324111588433e-06
3285 1.5979777240577116e-05
3286 1.5652884809644509e-12
3287 1.1837671400982638e-19
3288 6.282319195603131e-07
3289 3.2967765900252596e-07
3290 4.021509699144784e-11
3291 3.874293663825606e-10
3292 4.63381177700595e-06
3293 3.3891295807201092e-28
3294 1.249696912306614e-11
3295 3.0528328345658046e-12
3296 3.5041539334373767e-29
3297 3.7681187275744995e-12
3298 5.8242087705727124e-27
3299 0.00015414898780511177
3300 6.147128092960647e-11
3301 1.3448332945859047e-12
3302 5.173799219634322e-32
3303 1.371699465835213e-11
3304 2.0272061445557573e-32
3305 3.083617173702444e-15
3306 0.0012270219120661494
3307 2.674392164518102e-07
3308 1.82765602918185e-37
3309 8.787899078517865e-23
3310 3.594884710328294e-12
3311 3.0643296963416846e-10
3312 9.477524185348113e-07
3313 8.441483351170396e-12
3314 7.09490344092102e-41
3315 1.7453420657496663e-10
3316 2.5712232336524575e-08
3317 2.423335529405446e-28
3318 1.4567880078822335e-08
3319 5.509000672026437e-39
3320 1.2135514298347938e-11
3321 2.2767174403932653e-22
3322 7.169289776217412e-11
3323 2.401356550822542e-08
3324 1.3487691019518222e-24
3325 0.0016866591543708597
3326 4.352722816297265e-10
3327 9.62835083637495e-08
3328 3.009776754439917e-08
3329 1.6319105535030054e-11
3330 6.592293985866446e-09
3331 9.618422758252117e-07
3332 2.9195184415676985e-05
3333 3.4923130453658024e-06
3334 4.903454121466682e-18
3335 0.0001278454564734818
3336 4.1413704926430206e-16
3337 1.6400322633389078e-06
3338 1.9209882176556378e-34
3339 4.112830430123014e-08
3340 4.0198689608430924e-05
3341 9.023100320055332e-05
3342 1.8205598147864302e-14
3343 5.653460707420862e-25
3344 4.623687830466788e-11
3345 3.970918081527356e-05
3346 7.412783105800288e-39
3347 1.689592199456194e-11
3348 1.835670518805804e-33
3349 9.750054643552975e-12
3350 0.02154517261370847
3351 6.06970052198045e-07
3352 9.608061410030292e-14
3353 3.803665968327317e-29
3354 0.003061111212968115
3355 1.7694534676839135e-12
3356 4.4791016528226235e-05
3357 1.062901908180159e-11
3358 1.2993558996023109e-17
3359 5.954134362545267e-21
3360 1.5738132032062947e-07
3361 1.684057178643384e-13
3362 6.065429970133982e-17
3363 4.6110968185201205e-10
3364 3.168234810465081e-05
3365 3.926789201383728e-14
3366 5.86931349944808e-33
3367 0.0007536723546205709
3368 2.0179672141040123e-24
3369 1.981144603885152e-06
3370 2.2409076199626125e-12
3371 5.6200921346404224e-05
3372 8.046756244038497e-08
3373 2.048063592610032e-08
3374 0.0009967934495445192
3375 2.830717361756504e-23
3376 1.5208069600977178e-07
3377 0.005425807087889068
3378 0.00017058418277177283
3379 1.472790059802889e-25
3380 1.5331219988103935e-31
3381 6.001801533168507e-08
3382 2.1169659588823853e-05
3383 6.585673057465827e-07
3384 8.256944494671139e-40
3385 4.6120039047508213e-05
3386 9.226412077293969e-10
3387 2.5426116252740966e-18
3388 2.8283060654619286e-11
3389 2.1497634260434644e-11
3390 0.00387177014363715
3391 4.3848587420080974e-09
3392 5.656240983022178e-11
3393 5.8738799563449195e-08
3394 0.0002567450173532284
3395 1.5097720764318076e-24
3396 1.6344062599040814e-05
3397 1.6951218034493758e-12
3398 1.764330255490287e-14
3399 3.889188902252743e-05
3400 2.851675466341286e-10
3401 7.810041481462514e-07
3402 6.303920456955943e-09
3403 4.3782463577168384e-11
3404 6.399660632058655e-09
3405 7.771389434200836e-08
3406 1.358066270972882e-12
3407 6.342355513548937e-11
3408 2.2622365441079765e-33
3409 7.181240823982046e-05
3410 2.1046049889369506e-06
3411 8.16679453477418e-10
3412 3.908409610721282e-07
3413 1.9234145669385502e-05
3414 5.133059781436203e-16
3415 2.588849064280189e-05
3416 9.2868837395016e-11
3417 2.9763453046823966e-13
3418 5.27522437153783e-06
3419 1.8175111560748397e-09
3420 6.845731552786906e-08
3421 5.775045518148886e-14
3422 1.443129435756901e-18
3423 0.00038821194205141644
3424 8.765351876604881e-12
3425 2.3959917633663832e-11
3426 1.659335856387242e-27
3427 4.2717180275906265e-18
3428 2.7056123358835883e-11
3429 4.095602815157258e-24
3430 3.329178997900551e-16
3431 5.020879564916903e-10
3432 0.0012999720923439065
3433 7.255862372347693e-05
3434 0.00023567104236196334
3435 2.03458758812136e-12
3436 1.1916395171912006e-17
3437 1.1465636689615407e-12
3438 4.485651538729717e-18
3439 1.2001233044856007e-09
3440 5.689687212355132e-05
3441 0.0019350929716880883
3442 0.0006209363389143678
3443 4.3291106290025035e-08
3444 2.00217864010032e-18
3445 1.528381584136901e-10
3446 1.7675762481804875e-13
3447 4.346154695784804e-31
3448 2.5315529467540177e-17
3449 1.9572431230257407e-19
3450 5.027333318992574e-16
3451 0.014914974696609793
3452 2.027201405994611e-11
3453 1.2752048395550743e-18
3454 1.9946940906859075e-18
3455 1.1513442095203369e-33
3456 3.9195308418464715e-19
3457 0.00026974574360092264
3458 3.898891233077135e-11
3459 1.0639913726456732e-18
3460 5.487647298764886e-12
3461 7.994525157098611e-11
3462 4.771419474184517e-38
3463 0.00035816774259544434
3464 2.9725989364463777e-15
3465 1.25265450242692e-33
3466 1.934685704318857e-15
3467 0.00017791675069149065
3468 3.361286169013935e-05
3469 8.482171445896141e-13
3470 9.227553962312726e-06
3471 4.051513086044692e-13
3472 3.4854913698963704e-30
3473 3.360402505828685e-13
3474 4.77455479827836e-11
3475 0.0070692628048945085
3476 1.0803597990345157e-10
3477 2.626870795017096e-38
3478 3.603694057881292e-05
3479 4.266974534422053e-12
3480 2.3132433991452433e-05
3481 2.0624037721466084e-24
3482 2.333095181319228e-12
3483 4.981512316202861e-17
3484 3.669817552903594e-12
3485 2.3073257182827542e-10
3486 0.0009102037129591811
3487 2.8025856150748983e-05
3488 9.041598451603037e-13
3489 3.679963682299622e-13
3490 0.00012115773053594813
3491 2.3001555173302017e-09
3492 3.8458658630290586e-06
3493 5.1220752821928035e-11
3494 5.327496501460545e-12
3495 7.544773066830374e-07
3496 2.269673780892433e-08
3497 1.2702931053523115e-18
3498 7.866067708131782e-29
3499 1.2246253747221193e-09
3500 9.329590038937824e-05
3501 7.486666480251134e-17
3502 2.342316378474628e-11
3503 7.136564390961965e-23
3504 1.6746469269564274e-16
3505 0.0012934716071869702
3506 0.00015057095737108447
3507 1.2416022798057076e-10
3508 2.962974899035813e-15
3509 9.1976153738008e-11
3510 6.170797012397385e-16
3511 1.1874708503565002e-12
3512 3.269928668297732e-06
3513 6.49526902187306e-05
3514 9.397550257937354e-17
3515 1.207321701608143e-09
3516 4.952670551459626e-25
3517 1.7546715982634903e-05
3518 1.232976991185948e-21
3519 3.5465351009395778e-12
3520 6.117491666457526e-25
3521 0.0005543778419983231
3522 8.839418657281559e-25
3523 3.5309912471771627e-23
3524 5.465545677880272e-35
3525 0.010460880243392997
3526 3.725008442519976e-06
3527 3.090801680308649e-37
3528 7.334821785783284e-37
3529 8.633319967299301e-13
3530 2.88625843117047e-30
3531 2.9838205600604406e-11
3532 1.619204013099015e-11
3533 0.001369460706497297
