0 4.472944676494441e-05
1 2.215734182103208e-07
2 6.021118659943862e-07
3 3.997945362616149e-08
4 1.0035286593115752e-08
5 3.760897589367191e-07
6 2.630356530287437e-05
7 8.685019784154911e-08
8 9.724275220224521e-19
9 5.661478428683094e-24
10 0.0011897096868173028
11 1.4224689799440564e-16
12 1.48969219084232e-07
13 3.3568923070896244e-23
14 0.04635660000951666
15 0.0007613868321950821
16 6.543315988472715e-06
17 0.003642997701902495
18 7.890341175672196e-07
19 4.060607413371298e-07
20 6.946753972882818e-05
21 2.2734490920205525e-05
22 0.005663922301145652
23 0.00014489147075404774
24 1.319504883973843e-09
25 3.308686911225659e-09
26 1.38194440728552e-16
27 2.775411849892177e-23
28 0.01295978322400069
29 3.99498816979327e-10
30 9.258131683567507e-19
31 1.2639377852945208e-07
32 3.0715204272640448e-30
33 8.034762353384044e-05
34 2.203437699304118e-10
35 9.005565986878742e-08
36 4.004556474618008e-05
37 3.55910944339552e-23
38 2.0930486837843008e-07
39 0.0279997313176991
40 3.031335239750409e-19
41 1.3248559264442244e-22
42 2.1593621675199396e-16
43 0.006444996648257735
44 5.320451184651722e-06
45 3.805367645827508e-09
46 1.3260212163621322e-08
47 0.10790012758705882
48 1.0782580438410691e-07
49 1.4122064157546227e-14
50 2.350865810243283e-14
51 3.996577391873851e-06
52 1.1680249983094272e-12
53 0.00021487997384598114
54 0.015017340771026556
55 2.136990536749427e-08
56 0.029772247240448003
57 1.594739075363051e-16
58 5.725348783646718e-07
59 8.335793669117886e-14
60 4.752961951139597e-08
61 1.7562193267220632e-19
62 0.03068850760263189
63 1.2457820895943552e-07
64 0.0005522312129000183
65 2.964642025587806e-15
66 7.390509069377531e-15
67 2.2698362111850948e-13
68 5.079636568821129e-06
69 2.548720336382665e-12
70 1.2826488486817779e-19
71 2.3025761827014643e-07
72 3.374201015624371e-23
73 8.954966801005341e-29
74 2.6065666499183933e-14
75 6.3390837708733764e-21
76 6.052521669517391e-09
77 4.352593208037851e-05
78 2.1967569585927257e-07
79 0.005100532736929074
80 1.1813861363186106e-14
81 3.308681037730712e-21
82 7.464942678600926e-15
83 3.7272090898296295e-32
84 2.331443453379633e-18
85 1.6899355810358361e-09
86 5.816885946534457e-10
87 0.01726511968190305
88 5.1754060047093716e-08
89 0.2692947887115286
90 2.9128203168661035e-16
91 1.7057648487777305e-16
92 5.8138803338655103e-08
93 0.029418511779261757
94 7.049221493772725e-24
95 4.0041509682490225e-18
96 6.755067181944411e-07
97 1.9406666059824775e-08
98 0.0016038174658546604
99 0.06833484470834926
100 0.015388505242861299
101 0.19590380662488038
102 2.3746122854236584e-09
103 0.00381804028172222
104 7.327130578153057e-20
105 2.673966374121406e-19
106 1.780365690091832e-08
107 0.12891448228293562
108 2.1080906126076717e-23
109 5.433575008936092e-10
110 6.735180673669447e-07
111 2.4582998038918404e-23
112 0.14832417791850866
113 2.072900116894729e-12
114 0.00014234062605211919
115 0.003343667848522689
116 5.480834460824273e-17
117 9.53435085427551e-17
118 4.597667745400463e-18
119 4.2775148172533614e-11
120 0.0006312312228354686
121 1.0622011182891268e-19
122 3.766272065328129e-12
123 6.568782039904124e-08
124 2.3835008888077508e-14
125 1.5489106125027498e-12
126 0.014730556220049608
127 1.2970141977661926e-05
128 0.12669984697379147
129 0.00986021910038146
130 4.176972215171659e-09
131 3.16489154576464e-30
132 0.021611356765169135
133 2.6266732863594564e-05
134 4.2292228171055436e-22
135 1.6194614868376148e-25
136 5.032689504469421e-15
137 3.4429072579304255e-18
138 2.780921617166975e-14
139 0.03748685449822633
140 0.1358370998580385
141 1.3317101267835089e-08
142 0.00016998626322836587
143 5.131587144094723e-13
144 6.86508748430927e-08
145 1.1395590114240995e-08
146 0.21057823460159186
147 5.479205593619293e-07
148 1.2157382077284553e-11
149 7.847153098993529e-07
150 9.78516787425908e-09
151 6.789266457004976e-09
152 0.1613947641409384
153 2.1939867423569235e-20
154 2.389974182355678e-06
155 0.1564093447137353
156 9.569964660068993e-07
157 1.0786730650592165e-09
158 0.04774831240090465
159 0.25689750897493185
160 0.27707759908134305
161 6.569701700371761e-16
162 1.835049193950722e-24
163 0.19176725668566635
164 0.00047799964342414497
165 0.00018797164212647454
166 1.9137953219553946e-09
167 3.182432789265078e-09
168 6.1482884926513995e-12
169 4.250308033887633e-09
170 0.0339384804527991
171 1.5617267925246168e-14
172 8.052445907403105e-06
173 0.03490162671485155
174 0.1634316361049268
175 0.09497810406271578
176 1.2806192481688662e-08
177 0.04256887945215283
178 9.71426869043454e-20
179 1.2671010439391092e-08
180 0.03919310232406793
181 1.2680645879438878e-20
182 0.00015632249975547092
183 1.4829069464659588e-06
184 7.695621332729595e-09
185 0.03250524461376869
186 5.544730828409744e-10
187 7.719999646997516e-09
188 0.05490885966600331
189 0.24638360017629646
190 1.9070794970369393e-06
191 0.042825855756313896
192 0.0016066661480746234
193 8.410496662261076e-21
194 7.271817761033109e-21
195 0.0006094187567489151
196 0.00024673849993783173
197 5.817687958941733e-07
198 8.200753401441236e-06
199 5.15927926384239e-17
200 5.676415985165576e-09
201 1.0250298108774057e-07
202 9.742305684359002e-07
203 2.1853059964743824e-12
204 4.5614917477695246e-24
205 0.00030167256182333434
206 2.1146722925177102e-05
207 7.748022602630724e-06
208 1.3263259217825488e-05
209 0.20160369575288387
210 1.4408818904268692e-11
211 0.0037375333720580076
212 3.5098137309760555e-09
213 4.320762891191241e-09
214 0.28453419866216045
215 0.00017891955139515316
216 1.0779264059064045e-17
217 2.683086897922124e-05
218 1.531795309690408e-10
219 0.21731835760995522
220 1.0351870682700767e-07
221 7.404152844914944e-16
222 0.09189698966148062
223 1.8253362429999845e-20
224 1.0641127490624567e-19
225 0.09345074020315312
226 0.21947795235810358
227 3.7781333525560014e-22
228 3.5399984699297945e-09
229 1.5932504310652936e-16
230 5.0346401370793285e-21
231 3.688869023570317e-21
232 0.21230137598274956
233 1.7262437134284318e-08
234 1.0367852477055873e-16
235 8.442561503131651e-25
236 0.2354291374450644
237 1.3619425935546822e-16
238 2.868388135456282e-06
239 2.18806054867998e-21
240 0.12384167593898975
241 2.049942086015961e-05
242 2.95386089692002e-20
243 5.052858514644855e-09
244 2.944891385936182e-07
245 1.1467731492281823e-11
246 7.793806660804016e-22
247 0.10506171920572424
248 5.58471114774418e-29
249 0.20694711828270468
250 1.067025488222839e-09
251 1.6501332650959117e-27
252 0.057762918903836745
253 0.17253479450573855
254 3.0560078872942453e-20
255 0.00680556748461722
256 2.5720676057620136e-15
257 1.6317752831359422e-24
258 3.3076326839780314e-17
259 3.651132942623629e-22
260 4.094754211280092e-05
261 3.71521352480894e-15
262 0.01975918571643032
263 0.023485167126564687
264 0.011591540224331134
265 0.018546632782584678
266 6.116559783705052e-08
267 0.003417771727460139
268 0.0019293390398604263
269 0.010860151469365273
270 0.006497736877913339
271 0.028091712214012132
272 0.029326907367391682
273 9.738793360742171e-09
274 0.9703318606930069
275 3.364163351671519e-16
276 0.031419610560246974
277 0.02363401482724335
278 3.8196052233452835e-20
279 1.517174906516503e-17
280 1.1494914393306735e-09
281 6.959932603308398e-05
282 1.7321738828424783e-06
283 2.041849529180264e-24
284 0.007213901885370885
285 0.13126605756098658
286 0.13575886818999877
287 1.0591406974132209e-06
288 6.156492340459425e-19
289 3.280872258594749e-05
290 0.01449073317310816
291 3.796451980308519e-05
292 0.022095131090152695
293 1.2590891668088183e-09
294 1.2448832898550863e-18
295 1.572409967239164e-07
296 0.025913251022426496
297 6.0344184951095065e-05
298 0.0017508547957532056
299 0.09357292516122237
300 0.13289360749137477
301 0.0009278878581795394
302 7.760862243803992e-06
303 1.4433910426379188e-13
304 2.017123784711605e-09
305 0.1649093686013149
306 2.2858500691403315e-08
307 8.874422135506238e-09
308 0.13252766227547735
309 0.9607543783035384
310 0.8252570492394292
311 0.038000273864995805
312 0.8794151607914095
313 8.917258958148886e-09
314 2.927168916172466e-06
315 4.509653839694185e-09
316 0.9192624839916669
317 0.0011500289059402154
318 0.018860920715609457
319 1.0897470156963905e-20
320 2.899582468127828e-08
321 0.6383362191192576
322 0.21402256465035224
323 0.3772842426160708
324 1.6522333713403298e-05
325 0.6177452421632011
326 0.01641449546534924
327 0.5106162215984109
328 0.002703139237184614
329 0.5032760110397784
330 0.3781865981064042
331 1.848415164628392e-05
332 0.01643384203383529
333 0.02240975834563157
334 0.08000184419489517
335 0.023649998555694513
336 0.16089084245815086
337 0.1055138306418048
338 0.0746393880434682
339 0.16696528779331773
340 0.10175335583082869
341 0.0314745933601669
342 5.609003076519529e-10
343 0.2060163507175313
344 1.0071539550600114e-17
345 0.26264885132531757
346 0.2576327434789306
347 0.015931261997968314
348 0.09041212858625934
349 0.0652148089848583
350 0.002172288198124403
351 1.8423927478762238e-17
352 0.009917627679849548
353 0.15963786090778284
354 0.0380481743178253
355 0.05159568161800798
356 0.02520601518429838
357 0.07511412229719702
358 0.003024246042332078
359 4.4662453230896015e-21
360 1.9378122207334698e-13
361 0.02883954981707838
362 4.57731769279573e-07
363 0.002114854532513585
364 3.5643962321422844e-07
365 1.38083933490928e-06
366 2.1037074305427804e-13
367 0.0057651224171229
368 2.9311506606880895e-06
369 0.05687009461435697
370 0.013248932697905355
371 0.0013748846054476445
372 0.011670503646949259
373 6.042729683848092e-08
374 0.06381170764779694
375 0.026049880308049556
376 9.152958876334092e-07
377 2.830328574267516e-13
378 0.0004749061943456534
379 0.04053159360014752
380 0.026261919100719604
381 0.002339045068539586
382 2.1079634075396022e-06
383 0.001325455832859336
384 0.002520090941807273
385 1.773568863505575e-14
386 0.012180323285275385
387 9.074046669090735e-06
388 1.1469553616106127e-06
389 8.200095669173971e-06
390 0.003936520328868835
391 0.5726949894365585
392 0.0017271909844010491
393 0.4412383234410497
394 0.004048601176567529
395 0.027525276101187296
396 0.007052626501697302
397 5.307173375138502e-06
398 0.790392560568747
399 7.225614614721783e-06
400 1.1156281760214036e-06
401 0.6791405505230721
402 1.7918233385066102e-12
403 2.617200126867024e-05
404 0.0018821633194555625
405 4.681521180096001e-06
406 0.00317643297597299
407 0.9478500596219501
408 7.418942686154767e-05
409 0.004962606210998297
410 1.9042757791451855e-06
411 4.502591802845713e-16
412 7.067707788584972e-17
413 0.002475818235615353
414 5.003835196234566e-21
415 9.344990972644362e-22
416 0.003610049862478165
417 0.0010293980880562085
418 8.022095039178562e-06
419 0.0018789423911899348
420 0.0017749526515252005
421 0.010524083033197467
422 0.09975834492282026
423 1.4405528453073043e-13
424 0.00041243206275826805
425 3.1603562032109657e-19
426 0.002378740721031921
427 0.0008114349474153294
428 0.002622386742965259
429 3.394742919335387e-10
430 0.0038571123182408592
431 2.5685755815694967e-13
432 0.00121150207779073
433 1.4584285299306578e-07
434 4.331117319731308e-14
435 1.0705463562601967e-07
436 0.00738334060073835
437 0.00012150589402176014
438 0.00025776044804944406
439 0.005304763337488268
440 0.003911191103099956
441 6.914274291280823e-07
442 0.00396386976367448
443 3.981068356745852e-08
444 2.4728310047601527e-14
445 0.0033938828012005408
446 3.275217052981436e-10
447 0.002293249349045684
448 7.413322076998277e-14
449 0.002407939012859574
450 0.00020112222685752127
451 1.5536507838430896e-14
452 3.848229329867209e-15
453 1.1907858926101521e-05
454 1.4916741295535612e-23
455 5.536292510641204e-06
456 0.007597973046870155
457 1.0521821756775476e-09
458 0.0036737275773870547
459 2.9576538725359982e-08
460 1.6800854640853905e-13
461 9.582038234484875e-05
462 1.9881555193038016e-09
463 4.5288576081998503e-10
464 0.001465575250142189
465 0.0006274444764025494
466 0.07811590925257372
467 2.0207778456021787e-08
468 0.0027817663145517945
469 1.0126902797329897e-17
470 0.0061057167261356435
471 0.00015981238790268792
472 0.002532391553991986
473 2.172046379460534e-09
474 1.7958823206263087e-21
475 1.4279487525500635e-10
476 1.0901805375319752e-05
477 7.141075691363234e-06
478 5.841019809579158e-06
479 0.01245291688909143
480 0.06061728394648159
481 0.04385221247636108
482 5.99038702920934e-05
483 3.404998048449461e-06
484 0.0006858315312289341
485 0.16971124448748412
486 0.017853144132723958
487 0.13627294989286695
488 1.7502039551448287e-11
489 9.810465748391263e-05
490 2.8515497971081274e-06
491 1.863817036273734e-06
492 0.00241290181995426
493 2.5262772866345737e-07
494 0.12368585183075312
495 4.49809961923399e-15
496 1.7246191150689235e-05
497 1.8401046481824197e-05
498 1.1545397382925055e-10
499 0.001276262392743213
500 1.2702931512950895e-07
501 0.007515507852776528
502 5.017470799699712e-06
503 0.03270121198333696
504 0.01603330438409353
505 0.009864892430804467
506 0.0012066678917732763
507 7.828705867828621e-12
508 1.4196671276989354e-06
509 6.956300008265334e-08
510 2.884189339800565e-22
511 0.00023556150669221332
512 5.1333771308004145e-06
513 0.002003777671396997
514 3.947026342521097e-15
515 0.0018433564463036574
516 2.688536092888665e-06
517 4.032798336441548e-15
518 7.218287887841989e-05
519 2.033649873743237e-06
520 3.235495214404663e-07
521 1.293772163853579e-06
522 2.096985664933933e-11
523 0.0004713397590118865
524 1.1393528793091702e-07
525 1.8126767343903712e-22
526 1.3092808330041382e-05
527 3.442198197495727e-06
528 8.817680105290152e-14
529 1.5065329009021427e-05
530 4.7033317090047174e-07
531 3.017960354800056e-06
532 2.1041556995200677e-06
533 0.0022015164576583025
534 3.153918119306478e-10
535 0.0018824889754468273
536 0.003445141018891025
537 1.6665867186788069e-09
538 5.8072594758050663e-08
539 1.0514690343447192e-07
540 7.515601045768706e-18
541 7.561029092048586e-24
542 1.2352509541694784e-05
543 5.937493415424165e-05
544 0.3555530676467209
545 3.244185414595687e-05
546 2.0130348411498654e-07
547 3.748874099202381e-10
548 0.0014808400994521871
549 0.000927785924210094
550 0.1887275658485484
551 6.459971494425199e-11
552 2.0912403364544942e-19
553 9.982216837741346e-05
554 0.019837730222737167
555 2.8053407081488924e-07
556 0.19587381858933736
557 0.0006714845439471312
558 0.37471634781669166
559 6.722538639724031e-06
560 0.00012777904180583344
561 0.0007248729616922287
562 0.00022700967656245807
563 7.824478911777123e-11
564 2.189554906910341e-10
565 2.1470951478455533e-05
566 1.3998724808320696e-10
567 3.4089469310186874e-11
568 4.056908445547932e-21
569 2.0211631540354133e-07
570 0.3576291048565984
571 1.6147582775591042e-12
572 9.349443203203228e-06
573 4.4415590611890686e-08
574 6.606889245562413e-26
575 7.270633891971475e-05
576 3.0237710188083345e-12
577 1.5208158309220353e-06
578 3.3729262410549713e-06
579 2.875144935421643e-07
580 7.055008622996496e-05
581 2.8188726642850308e-11
582 3.7213099286050126e-08
583 3.334218662875476e-05
584 5.999218239355152e-05
585 7.81815456809128e-18
586 0.34496477334054443
587 2.1554732649412222e-29
588 1.8307708595630207e-06
589 1.1640515043769986e-11
590 0.17133098794732612
591 1.9933392770539e-06
592 8.294556475621183e-07
593 4.4829904201180934e-11
594 2.939716254008636e-08
595 1.3316427968561257e-07
596 1.7923114174174945e-28
597 4.4079815354095366e-10
598 4.4557508569923613e-13
599 3.3593713004189945e-26
600 2.589549652166826e-08
601 0.00041517995478068843
602 1.0096081622052754e-11
603 1.143196283004455e-10
604 1.5582719802312736e-06
605 0.0003697361308348149
606 0.00042782686102736667
607 1.1857078158833141e-07
608 0.00017948832936448534
609 7.381399572706446e-05
610 6.866938555653551e-09
611 0.013863340719756945
612 2.1120265676377038e-05
613 2.434657380607039e-10
614 5.879223611414127e-17
615 6.273208838014936e-08
616 1.1274851744368361e-07
617 0.0010681716741880185
618 3.155836137439899e-06
619 0.0031871292580815096
620 2.522477118160308e-08
621 5.6377821856661205e-18
622 6.731498120443123e-07
623 0.3038725999062111
624 1.4048785339812187e-17
625 0.3151031333305376
626 0.29459901874227934
627 4.902487676760512e-05
628 2.3493354520754255e-05
629 9.188891439551556e-17
630 0.007874823005808116
631 9.379869399251015e-18
632 4.16237073725647e-07
633 0.6583094074563067
634 5.695399305809179e-15
635 2.660876544667578e-24
636 9.23736686899499e-06
637 1.0391453061194742e-21
638 3.8468539778320775e-06
639 4.9319585557786736e-15
640 0.00032558763962916833
641 0.6582089936759552
642 5.725614893911343e-05
643 3.354431984491477e-07
644 8.007959698825142e-08
645 2.4875192889447298e-12
646 2.9833746422694494e-05
647 1.7515304000802905e-05
648 0.28255365050612785
649 1.617130460171928e-12
650 2.0885211434504046e-11
651 0.2928942522518287
652 0.16155816042633991
653 1.1880653178318777e-12
654 1.6440421202256873e-19
655 1.717966967904204e-26
656 1.9781371265460076e-05
657 1.2858818953288873e-11
658 1.0590480381705856e-14
659 2.27619653452761e-18
660 1.2726323973538357e-11
661 3.5082913848051576e-27
662 7.091702804309302e-11
663 0.4201001289837577
664 2.2409821033687687e-11
665 1.1256373939576073e-08
666 0.008118145625371257
667 1.089681164343208e-07
668 3.0159215454166044e-07
669 0.010776848627511772
670 0.012627004224717547
671 0.028225800104498006
672 5.232834133806596e-12
673 1.5503377183721856e-20
674 2.947017266403329e-07
675 6.580876498721282e-05
676 0.014402707866806547
677 5.141853148398628e-05
678 4.864044130666432e-05
679 0.05515474781519717
680 0.00010663745316538403
681 3.120394390048683e-05
682 1.84676517547267e-20
683 0.05969636805449144
684 1.2431459042783599e-11
685 9.014761582484576e-15
686 7.265238552129275e-07
687 3.182234692237662e-08
688 1.1574941691327228e-17
689 0.23993709536113839
690 1.944979776492659e-06
691 3.441543374234594e-05
692 9.084924877398982e-18
693 1.0109932743113451e-07
694 1.3572566910046307e-18
695 1.1153126448164953e-08
696 1.8497938216651367e-07
697 4.81574775625633e-15
698 0.6530708795775976
699 0.0003019118895094286
700 2.1818176320826007e-07
701 9.269335567390099e-05
702 8.054827143756011e-07
703 1.3973834926437092e-07
704 9.156571144939112e-11
705 6.135910168740365e-05
706 3.0558198489154854e-11
707 0.0005388430137877177
708 2.085116576705046e-19
709 1.8885815414403073e-18
710 6.944714326802206e-11
711 2.9043693101496918e-05
712 0.028544346711981104
713 0.0001393093178204964
714 5.950942427019748e-13
715 6.486075199763564e-16
716 0.1677481560996913
717 5.543773036611132e-09
718 2.843912927075203e-13
719 0.0001824479213897546
720 7.045161918314343e-08
721 0.000152611777433077
722 1.5901078516427176e-08
723 0.25672504780322875
724 8.168310301528063e-07
725 7.704396843237281e-17
726 6.343142858717322e-09
727 4.288029281730147e-11
728 3.401466454822911e-16
729 0.013055272285995524
730 0.11321245288407435
731 1.5199902137252519e-09
732 4.348716747518662e-05
733 1.1830352511391144e-15
734 4.446521868483794e-25
735 1.659366091229495e-09
736 0.046036315746081566
737 0.00103475713770317
738 4.2578297243548256e-16
739 8.310298343095015e-16
740 0.0002084321225338351
741 6.3392127728604e-17
742 2.5684317527881188e-18
743 1.288797687972015e-08
744 0.008215746159054531
745 7.450228428442796e-20
746 0.16739417133212675
747 3.726703886080085e-12
748 1.3360064457358414e-12
749 0.2705525348059721
750 0.01902733784433258
751 3.249500591949671e-07
752 4.9797733956937664e-05
753 2.5266611732230157e-05
754 5.44936459509585e-18
755 5.504102932743277e-05
756 1.704104334269956e-05
757 4.893175458113682e-11
758 3.54420678958149e-14
759 3.948052850048145e-07
760 0.20863965873101226
761 0.011571767416558033
762 1.4609551746854678e-19
763 4.366487380860867e-06
764 0.09405352459820975
765 8.52792289124543e-11
766 4.3299013927880476e-05
767 9.789225926026918e-26
768 3.3553336922369535e-14
769 0.00010248450109720184
770 2.678574502018395e-10
771 1.3631047650252813e-06
772 1.2191674370192713e-10
773 0.0005455216051659672
774 8.306220465289001e-17
775 0.0005168136157655893
776 4.103966128641864e-05
777 2.8341287222756127e-08
778 0.14821932880195093
779 4.635548683867052e-06
780 1.3969479175021027e-07
781 4.9427994656412015e-11
782 8.055117074883442e-20
783 2.63814096446868e-10
784 3.361379704992227e-10
785 8.350496397474459e-06
786 2.576959434804508e-22
787 1.7513428605604871e-15
788 9.904307935563752e-06
789 0.021653417960530972
790 0.001093563144152389
791 0.002445445023317797
792 3.238696462769173e-13
793 2.2263261078092205e-07
794 1.6898177390051863e-18
795 8.166903587101008e-08
796 0.0007068694219820813
797 8.562064493784657e-18
798 1.5279156297876156e-16
799 0.034151230251746635
800 5.568269429888997e-08
801 1.3955519900115927e-05
802 4.580444261070506e-15
803 0.00013252823016703826
804 8.086333652287663e-11
805 7.651948258041201e-19
806 3.601631025175794e-17
807 1.2765257643529149e-17
808 0.018321030317428523
809 2.4003374621296394e-05
810 4.970663381335772e-07
811 1.3827099937640797e-08
812 5.658763384566056e-16
813 1.796875812146722e-12
814 6.67476269528505e-13
815 3.0271049840731552e-15
816 0.9416214454740419
817 1.1109131823330045e-20
818 6.060994760066964e-07
819 1.823856604627214e-08
820 0.02355988366674559
821 5.583379666450977e-09
822 7.844557952325416e-05
823 3.422361367524289e-24
824 0.01890633761266273
825 0.7617039898034289
826 4.83739862633135e-12
827 2.930127057632128e-19
828 8.476895132489219e-12
829 1.5475319800735384e-11
830 0.0009998746338059955
831 0.38377769769351733
832 0.000738835030062336
833 0.9824199720333712
834 0.08370558564016307
835 0.9053894421633364
836 6.080175200309084e-12
837 0.1715418894979567
838 5.795037979358617e-08
839 0.45261105096359294
840 0.154490190401379
841 6.985088928398178e-05
842 3.10247858505133e-05
843 0.17289992916673824
844 0.00013554393674081882
845 0.29355549977768897
846 2.1961191654153382e-05
847 0.1295007423329938
848 1.0813255969738586e-19
849 7.53769687470345e-11
850 0.0008802331227056753
851 0.0008995370350036257
852 3.684172607399587e-08
853 0.09298195702235557
854 3.38186213384273e-14
855 9.830492102668357e-18
856 0.2143713360600575
857 9.746955564171335e-22
858 2.1972095838973381e-26
859 0.1665722874352203
860 6.871423654485052e-09
861 3.4295543852242264e-12
862 1.9879474266792184e-09
863 1.170333633139978e-07
864 0.9394541136942808
865 0.973060364075949
866 1.0361667643647249e-08
867 4.91538429154944e-07
868 0.0006670309032711373
869 8.73365446561273e-09
870 1.4673322058485187e-08
871 0.008840165583805647
872 4.907944406300641e-09
873 2.2676428733265058e-11
874 8.108437681375756e-07
875 5.724207274877575e-11
876 0.3255958804998471
877 1.890148225352546e-09
878 2.8879902063290078e-05
879 1.78309957239697e-08
880 0.14035672924123646
881 0.19335360788863187
882 3.864066783048855e-10
883 2.005589212666143e-05
884 8.03426261347804e-12
885 1.325417839738044e-10
886 0.9299671228589305
887 0.00018912085527414342
888 2.10445778907665e-15
889 2.5585577132938806e-09
890 0.011473604841751884
891 3.387944617277881e-11
892 0.0009986358234183369
893 6.067376919231801e-08
894 4.096477195189482e-09
895 3.4766352088899696e-08
896 2.0863193135043795e-09
897 0.9405045627450318
898 1.653739597705575e-11
899 0.0003797337800499936
900 6.031656231223473e-09
901 9.724982129691336e-12
902 0.7835484685036792
903 5.688823009895665e-05
904 9.21118753520682e-09
905 3.174539429248723e-05
906 1.6487138918097778e-06
907 3.125671778730511e-26
908 0.0007698567633847536
909 1.641941310405316e-08
910 0.0013466786818712307
911 2.450747447416425e-07
912 4.875083697063851e-14
913 1.752941176725891e-22
914 1.1240271573000747e-10
915 0.0004294175298129418
916 4.584238021478149e-12
917 7.455234822866328e-09
918 2.4691275375616692e-08
919 3.4632026605081375e-15
920 0.2340252093726413
921 1.8530373326439355e-08
922 4.411214870833996e-09
923 1.7128049254194467e-07
924 7.014245590707548e-08
925 8.225269701857231e-19
926 2.8968701429943066e-20
927 1.2655104811275552e-08
928 1.079437032581559e-06
929 4.4098198203499724e-07
930 0.0006441691045543977
931 0.00010589073942707388
932 3.1744678492976166e-07
933 6.593152342384436e-09
934 0.03984110844979665
935 1.1945648654022293e-08
936 1.5575545158327544e-07
937 6.755452734504066e-08
938 2.2411866221905535e-16
939 2.0681686877960546e-13
940 0.7775431292404227
941 0.018059634866717043
942 0.024552635801392664
943 3.328523565699231e-07
944 1.9872827167661753e-05
945 8.044389763423094e-07
946 0.46060540142239537
947 6.739485667836518e-09
948 2.0218703963556452e-07
949 4.2037848250748127e-07
950 6.703741224626616e-07
951 0.18236297942109878
952 1.630122250211402e-09
953 0.029394053783639504
954 1.2105808077071063e-06
955 0.32571597890934095
956 2.5227812087801334e-12
957 3.366393702464951e-05
958 0.00016682704060096945
959 0.25622381792231447
960 9.13127691308819e-09
961 7.238241688599469e-06
962 0.12560058876475658
963 0.0002681777356999055
964 5.801777175081538e-25
965 0.03214699484038857
966 0.29693457022189484
967 2.953270526423248e-12
968 2.386444702834425e-19
969 8.323314527693113e-05
970 1.9173621069578606e-05
971 4.4605742884844805e-09
972 2.5035409023625797e-08
973 4.67933503482614e-05
974 3.6669104971377955e-05
975 0.12195774285757527
976 3.0546976286978465e-07
977 5.761537182116917e-06
978 2.470346138092581e-09
979 0.00040245226409811434
980 1.836487172845435e-17
981 6.508299115950576e-05
982 1.6015383711269123e-05
983 8.861483301515382e-21
984 1.1729495262233288e-08
985 0.06448996489436115
986 0.0026268142630799566
987 0.00014193904016843227
988 6.154419208595626e-19
989 0.0010310049617990908
990 8.33588557899523e-13
991 9.324575341934521e-05
992 1.623294157434252e-05
993 1.254763329099677e-07
994 2.1610182967570725e-10
995 0.05244446856716144
996 4.014696120519012e-05
997 7.365524609215763e-08
998 0.4366749893173318
999 0.07729062099327229
1000 0.038851964409322745
1001 7.560004223311523e-05
1002 4.135315868205344e-09
1003 9.507755063045041e-06
1004 0.0007120472470593126
1005 2.1391257153646035e-08
1006 3.4294799271943398e-09
1007 1.1845030266769672e-09
1008 1.8366232859886135e-05
1009 0.0004996822369290461
1010 3.299176489885923e-05
1011 3.9256947956133435e-16
1012 2.9620323010811937e-10
1013 2.48486391672997e-06
1014 6.325046998041759e-08
1015 5.128444365344978e-06
1016 7.041408157905143e-20
1017 3.270689041957634e-08
1018 1.2673432878393383e-08
1019 0.0002480002348338305
1020 0.002921521100144547
1021 2.133254883836259e-05
1022 6.166299924564797e-05
1023 0.07399790747368801
1024 0.0005420296121667518
1025 3.307377110169086e-09
1026 0.0005344041169543482
1027 0.0015113607977424437
1028 0.18559136272107776
1029 0.00043550067223776606
1030 4.7105958356121326e-05
1031 0.05679081178845558
1032 0.010458027975079635
1033 0.00037681964791101984
1034 3.71835599804068e-05
1035 0.0020987437248896797
1036 0.0004552064183760868
1037 0.0035060470267474805
1038 4.084741006658159e-06
1039 0.6257588633234145
1040 2.1427205612589286e-07
1041 1.3132853983444254e-06
1042 4.294059977515153e-11
1043 6.521357542149609e-07
1044 3.5613252873817156e-18
1045 7.357028705396333e-17
1046 2.744682903877893e-07
1047 0.033374100768097256
1048 0.00032757749145670466
1049 0.00039545009874558846
1050 0.0015788846790834247
1051 1.2670055463484045e-09
1052 0.20696672675990013
1053 0.07790854577360595
1054 0.15127188724197
1055 0.00014380435309627022
1056 8.903996863241317e-09
1057 6.952350407524124e-10
1058 0.03159188591188642
1059 0.4925536280504808
1060 0.0028370291030732036
1061 2.7673442361602873e-08
1062 1.7953333392539422e-08
1063 4.1446510835118615e-09
1064 2.435049263759497e-19
1065 0.005759037888300725
1066 5.11368736287334e-18
1067 0.06160480180258873
1068 9.01774723839074e-08
1069 0.00036749490597227886
1070 5.4357171575097805e-18
1071 7.706813905611785e-10
1072 1.4417999893771475e-06
1073 0.0030985561052083166
1074 8.933048665071546e-08
1075 5.760350488983095e-17
1076 0.000546730240569127
1077 0.0015745255745207866
1078 4.660151455533888e-18
1079 0.010830768969261845
1080 0.0009772124822651051
1081 0.09653739418727006
1082 0.0013875006331626905
1083 0.0004257528527292578
1084 0.018723974587660393
1085 0.08678017748089886
1086 0.07965806767800493
1087 3.4118029605479074e-18
1088 0.0007120106150700719
1089 1.831897725298051e-07
1090 0.07217159631791463
1091 0.206568585115193
1092 0.10604473352721878
1093 2.926619571680724e-10
1094 0.00010897597310707084
1095 0.002210022479917059
1096 0.06569468016242394
1097 6.695805918165153e-08
1098 0.004591634189682952
1099 2.7706295179248356e-05
1100 2.1115082365265893e-11
1101 0.001321423598780437
1102 0.7160582424632452
1103 0.00010141599859901067
1104 4.27370510213973e-05
1105 1.4289931300072402e-18
1106 1.0667326617110237e-06
1107 0.8960764344297609
1108 7.613983678811877e-05
1109 4.234829686549427e-10
1110 0.2763945857276859
1111 7.1821382807358115e-12
1112 2.191098749066769e-12
1113 0.06068429113927023
1114 0.1829725088001489
1115 0.00024191957981289995
1116 0.03247387254131795
1117 1.0177310389014002e-10
1118 2.708526224068319e-14
1119 0.00036019271983296137
1120 0.0016160777227848696
1121 4.648850194620316e-06
1122 5.574016638542063e-09
1123 0.0034356717827718243
1124 4.3816672609690866e-07
1125 0.907176404531414
1126 2.555052150176994e-06
1127 0.07732226134826736
1128 1.1517901828118106e-15
1129 3.5172378400920476e-12
1130 0.9759577566518857
1131 1.0231873672082113e-17
1132 0.018534943168157677
1133 0.08965193710004965
1134 2.4721067637892997e-13
1135 5.2968225059483635e-05
1136 0.00045192844295798956
1137 2.319656690256091e-11
1138 0.008844387909548015
1139 3.9249058995832263e-13
1140 7.074306353723939e-08
1141 2.034847396218661e-09
1142 1.1122617193739134e-11
1143 0.0581940368485025
1144 0.0015222301864861736
1145 4.186035699567082e-08
1146 0.008007419129842375
1147 0.07413158174712772
1148 2.9376383568456898e-09
1149 0.0627443881267146
1150 0.019835142302556976
1151 9.02199833712492e-06
1152 1.9038081804136923e-10
1153 0.000133587066721472
1154 4.0111497780903136e-06
1155 0.05051459749130113
1156 0.000284867740088558
1157 0.4118472748185437
1158 0.00018672611264195334
1159 2.6255371123429613e-08
1160 2.0619503959809237e-18
1161 0.015701615670367992
1162 1.2057035437378195e-12
1163 0.04863209600137614
1164 0.24953263847000956
1165 0.02578574997173285
1166 0.3909269689691201
1167 0.00377358760478645
1168 1.595616560508505e-07
1169 1.2919259223449721e-08
1170 0.5495062830903978
1171 0.37459395917008514
1172 0.7165254301113119
1173 0.05609848607812207
1174 2.2954224293200797e-12
1175 0.024474032346539658
1176 0.3247699223581316
1177 1.6882975950913985e-05
1178 1.7618728122576275e-06
1179 0.00032199214385639793
1180 0.003695497515977508
1181 0.009676924949265333
1182 0.07901388120549388
1183 0.12334632493057994
1184 1.529009604528e-08
1185 0.8338563576781379
1186 0.0008777393454851326
1187 0.000540368095732689
1188 0.00013008385983812114
1189 0.14679543571208267
1190 0.12324456464919445
1191 0.0012802278549711537
1192 0.4802839296360147
1193 0.8623556786326784
1194 2.5146573446334126e-06
1195 8.770291239058083e-17
1196 0.8972328560658248
1197 8.087411521335176e-18
1198 1.581592797130184e-09
1199 3.425497414452998e-12
1200 1.7732554344495985e-05
1201 0.13859126582582507
1202 2.935208234532218e-05
1203 7.734423917135781e-18
1204 5.494991002812108e-12
1205 0.0016505610095528158
1206 5.746787890997323e-05
1207 1.3274564057959801e-05
1208 5.467551147428015e-11
1209 9.838008642112916e-12
1210 0.27041751273639325
1211 0.000670150082149925
1212 0.07005437938294194
1213 9.442176165290734e-05
1214 2.8410995548151053e-20
1215 1.2475290240727113e-05
1216 9.147300904737351e-08
1217 4.9853330616075794e-11
1218 3.169469289486338e-10
1219 7.786095951397893e-11
1220 0.06111587702945341
1221 0.363502233394507
1222 0.10845597926992216
1223 0.5533355795056542
1224 3.029265484753256e-08
1225 0.3170950471753782
1226 0.014165849307246792
1227 0.23848335653540412
1228 0.00021457683703555172
1229 1.2118611238671399e-17
1230 3.637907570137352e-05
1231 0.00019158811314331592
1232 0.021525007490148733
1233 0.3061250368065787
1234 1.0194148371903665e-11
1235 0.5043825594273519
1236 3.0106915210412085e-12
1237 0.00021350367224371524
1238 0.016813321679223087
1239 0.5154869071157608
1240 1.356049784012735e-19
1241 7.991184858824573e-09
1242 0.0004446334637018315
1243 1.3555174730886769e-09
1244 0.0001743952190285282
1245 0.0005238109387088409
1246 2.39368444105664e-05
1247 5.333744339431923e-15
1248 4.518979652331673e-08
1249 0.011962317801524118
1250 0.9300715958839794
1251 0.2313170220433313
1252 0.34386366631152826
1253 0.04134766762673292
1254 0.8238896479204557
1255 2.039986637386697e-05
1256 0.00017916700151163838
1257 2.2687625108447595e-11
1258 1.0428486151684341e-17
1259 0.3591752902043669
1260 3.897381330488402e-09
1261 0.19061514747253547
1262 0.1896228692680417
1263 2.2850903535359084e-11
1264 0.019411474445455164
1265 0.08017786157454225
1266 6.029944630606378e-05
1267 0.0011257202296508853
1268 0.4061666112273308
1269 0.0006403610869028828
1270 7.872507173319447e-06
1271 1.2940952562516832e-11
1272 0.37192381627212434
1273 3.8208733990399084e-15
1274 0.67473349064439
1275 0.9127506043266036
1276 1.4476745713848181e-11
1277 1.8194046381777138e-05
1278 0.7110484530026984
1279 0.052615583735510736
1280 2.0510694635481412e-08
1281 1.7125453739774742e-06
1282 0.8933729508831663
1283 8.743496755466116e-05
1284 0.0015622084813792189
1285 0.13916639282555937
1286 1.4025959017156596e-08
1287 1.58755177361518e-12
1288 0.4815626064804564
1289 4.617109635237174e-09
1290 0.3589709270847835
1291 0.8492227968927304
1292 0.23297111134073512
1293 0.5111805009531317
1294 1.8292926387141666e-11
1295 2.561628811186917e-11
1296 0.8101585029409809
1297 5.741431686486441e-19
1298 1.145200437683948e-05
1299 0.022758226195825328
1300 1.5769945747889804e-11
1301 7.896963051263738e-07
1302 3.91422401943012e-07
1303 0.09186603153638036
1304 0.1559305924694478
1305 1.3221958741261504e-09
1306 1.0666415048037307e-09
1307 2.9113906137482023e-12
1308 0.017014821907914455
1309 1.3036281997559073e-11
1310 0.028093187632864728
1311 0.0047065785429485744
1312 1.7709425611795443e-07
1313 0.090134367161052
1314 1.424657568204813e-08
1315 0.5312103908351645
1316 4.521000963516255e-05
1317 1.485554271048753e-06
1318 0.01597608787994897
1319 0.0011402684435208015
1320 0.4290330731470249
1321 5.865909079278819e-12
1322 0.25185422656290085
1323 0.33827059082323924
1324 5.9675063982011184e-05
1325 0.007989704668450994
1326 1.177717508599948e-16
1327 1.181603934872323e-05
1328 0.11482793949149915
1329 3.3363556326429674e-07
1330 0.0016143138046837413
1331 2.7096177036756064e-17
1332 0.44023841916468115
1333 0.28366144453141945
1334 0.4511457836455339
1335 0.376138408260968
1336 0.0029518411940406297
1337 0.04024987162812865
1338 9.403100449690321e-07
1339 0.05666487135620888
1340 3.721195579382883e-06
1341 0.00010214171359874072
1342 0.0053310597791657675
1343 0.6400152552504322
1344 0.04776049909743194
1345 0.03268964816985711
1346 0.008691809235597193
1347 2.446230210260918e-06
1348 0.0004139577594210347
1349 0.00793935964830613
1350 1.371243454987996e-06
1351 3.10372623630081e-13
1352 1.1176330010795962e-05
1353 0.5494017939077418
1354 1.9807574140130225e-16
1355 2.0130528540461736e-07
1356 0.007856475689063294
1357 9.536071877836792e-06
1358 0.0006128610382721573
1359 0.30089838724387263
1360 0.039820314770885316
1361 7.23675614246325e-05
1362 2.62660967151664e-09
1363 1.502599562967476e-15
1364 2.7429867044110607e-07
1365 0.0002568011023387184
1366 0.024561412458139534
1367 0.9608220211770239
1368 3.950537073188277e-18
1369 0.03804405270810322
1370 0.8525733963193728
1371 0.158536718597867
1372 0.30594510745140685
1373 0.03288759760727431
1374 0.000302230148309268
1375 0.22864318219709565
1376 0.016775031239865713
1377 0.0037511241467403094
1378 0.8788430093766165
1379 7.032055930817595e-18
1380 0.0015161405531629102
1381 0.10145162180920528
1382 0.014786127419004045
1383 0.0599081555832721
1384 4.499753985532666e-08
1385 7.381752188468457e-06
1386 5.649283466087024e-06
1387 9.825399372155051e-11
1388 0.17581524908299162
1389 0.6005624214318643
1390 2.2241611345998814e-05
1391 1.096360536822755e-08
1392 4.120326169188668e-12
1393 1.2421198820890985e-08
1394 4.79575167354363e-08
1395 2.0890947488136307e-08
1396 9.369516049366865e-09
1397 0.18414495092628147
1398 0.003031518647002364
1399 0.049226701731567075
1400 0.08218021496884058
1401 9.108383757954867e-05
1402 4.736561107872639e-05
1403 1.457254769123422e-07
1404 7.9703280209987e-13
1405 2.4175171292099438e-11
1406 5.76421961284073e-13
1407 0.012020328564357285
1408 0.007094580822731199
1409 3.413031897514501e-08
1410 0.3197485304261712
1411 2.328938107043109e-13
1412 4.134798973803034e-10
1413 0.08380811077061506
1414 0.0004681122354256025
1415 8.28876977747901e-07
1416 0.3976316722865176
1417 7.061751242634903e-18
1418 0.00015580755450867503
1419 1.812755808280845e-07
1420 1.0996760529299375e-09
1421 0.09171885954039154
1422 4.13752782306518e-17
1423 0.3144335487260844
1424 2.0442754078993173e-09
1425 7.387611578894111e-12
1426 1.8708122737008438e-14
1427 0.00370322416133236
1428 1.1104178362377643e-05
1429 1.1596051121807447e-07
1430 0.04504547254026038
1431 2.2243829798062457e-12
1432 4.3575816784743074e-05
1433 0.004353814430935702
1434 0.9876535559175301
1435 0.47130863625939917
1436 1.7809936598773049e-12
1437 0.0013665964713080975
1438 0.00048798262707329366
1439 0.00016228452479300184
1440 1.031725550284156e-11
1441 6.757067302976891e-07
1442 2.7127777684722948e-18
1443 4.282118144682789e-13
1444 0.0014377468958931925
1445 5.919051818325367e-15
1446 2.352377113490623e-08
1447 1.2677704184332128e-15
1448 5.786461028378304e-19
1449 1.3348222477654208e-15
1450 0.24684070485575318
1451 0.7927894354119234
1452 2.5874286518563654e-06
1453 1.068459051201823e-09
1454 0.6091678207111723
1455 4.549000627569281e-18
1456 0.7599547562188033
1457 6.627405010955459e-12
1458 0.005073575359900243
1459 0.008355317881149868
1460 7.305379532070688e-11
1461 7.647168250837006e-08
1462 0.00659019895646385
1463 0.14262822341236017
1464 0.000820870965127631
1465 1.6720722641110198e-07
1466 2.452020805937845e-18
1467 6.059095513960427e-15
1468 4.280063404158919e-08
1469 0.39995048837354186
1470 1.673487130211435e-13
1471 2.388385143755818e-11
1472 3.0289598042699987e-09
1473 8.50503433019678e-16
1474 0.0008862430403031113
1475 0.8782455424994111
1476 0.0012188749286998696
1477 2.3086902996442315e-05
1478 1.9213776158752385e-17
1479 2.7186480546645576e-07
1480 9.086368619530361e-08
1481 5.629018702182228e-06
1482 1.6106121248742782e-09
1483 0.3093094145886494
1484 3.3548782162546726e-19
1485 3.243188123342575e-11
1486 3.4892472724301732e-06
1487 4.546554750769136e-18
1488 2.35134085743338e-08
1489 0.0023657734237695505
1490 2.079793195465689e-15
1491 7.208573681859499e-09
1492 0.7990949019939124
1493 4.91512429217026e-08
1494 0.0008702825862007246
1495 3.40957307242405e-17
1496 0.6071363926611014
1497 3.208985587888976e-13
1498 1.332445074011065e-05
1499 8.225210904622855e-05
1500 2.467486502770588e-18
1501 3.654144195159113e-08
1502 0.3214078620170919
1503 1.7529267986760123e-12
1504 0.11307522475341246
1505 0.21275798272428298
1506 0.3712206954824129
1507 2.161642107246543e-17
1508 0.13654310517928736
1509 0.5025496743903066
1510 0.3067170104430675
1511 0.4485101291692587
1512 1.2293507556479125e-12
1513 0.04560469134968492
1514 0.14796350110524822
1515 0.19382017119163183
1516 6.224851288507456e-13
1517 8.30226398649122e-11
1518 3.102223662205351e-14
1519 5.783785305437774e-06
1520 0.20185841742843388
1521 0.5052588405290135
1522 4.699924452807628e-05
1523 1.1681777616435944e-09
1524 0.2798746303481053
1525 0.4709847278846774
1526 5.885917280979535e-18
1527 0.006050550794041879
1528 5.398777447867238e-18
1529 3.497321581386626e-14
1530 7.624264766235143e-15
1531 0.46500632433284195
1532 9.58783449613994e-17
1533 0.039576297413130755
1534 0.35986111618593813
1535 0.000150346474222021
1536 7.423084945958924e-17
1537 5.79767115497146e-15
1538 8.659288671322444e-10
1539 4.6048984041822437e-10
1540 0.0756022895245458
1541 6.983969661194425e-08
1542 5.9163699937311293e-08
1543 0.00038098127551332685
1544 4.66285793743455e-18
1545 0.14228992653533737
1546 0.35397008770329313
1547 1.1069726713837118e-18
1548 9.967424702268755e-06
1549 0.003159316428751991
1550 0.42731059204029764
1551 4.052935816680381e-14
1552 0.40569005751657744
1553 1.3813342638457132e-12
1554 3.9156140625578554e-07
1555 3.083489097039379e-18
1556 0.030465131457415077
1557 5.797999633990582e-13
1558 4.953702194764719e-16
1559 1.4524507734887949e-06
1560 0.07292384938010724
1561 4.60184683274001e-11
1562 5.133678283957452e-13
1563 0.0005980668348196602
1564 7.134999260239056e-15
1565 1.3029199545114909e-15
1566 4.2003283699955425e-07
1567 7.521165065013615e-14
1568 3.9638320904967104e-13
1569 9.782167882352391e-14
1570 6.01423822898214e-22
1571 4.436864974272142e-17
1572 0.2349252176335504
1573 2.3584376216969402e-12
1574 3.4808588991378346e-12
1575 4.333299764659085e-06
1576 1.0712642640755078e-08
1577 4.760532638288164e-13
1578 0.014530446029529843
1579 2.515814633716098e-13
1580 3.276949194621173e-08
1581 0.0037047440787776726
1582 0.00015305946596134453
1583 8.792938139294872e-13
1584 2.604316025193416e-09
1585 0.00014878713428167402
1586 0.32389763205527355
1587 0.00020915941177583809
1588 1.3031887797459091e-12
1589 0.0001564438371074416
1590 5.794050052239601e-10
1591 1.5885448418559011e-18
1592 3.24530667822581e-12
1593 9.93656559422059e-06
1594 0.23844608265780737
1595 0.00021399048847838052
1596 1.0066502492316699e-09
1597 1.3991491891658014e-07
1598 0.0072632789928716865
1599 0.0001354250958382128
1600 2.4787132894016883e-07
1601 3.242150946633116e-18
1602 0.16274803983216643
1603 6.726312171059103e-13
1604 1.1675293906825618e-22
1605 1.315812743049754e-18
1606 2.7239194905779313e-16
1607 3.685134575752212e-12
1608 1.716735268825558e-14
1609 0.00027453271519049474
1610 0.26308400807146204
1611 1.2992637525597038e-21
1612 6.84146646796241e-06
1613 8.529333672079611e-19
1614 2.599014883912877e-22
1615 1.0393230368930574e-13
1616 1.3066166126722598e-05
1617 1.519283451740613e-14
1618 0.002547198663547707
1619 1.7764296774642416e-06
1620 0.0005772911696036107
1621 2.944330343146904e-18
1622 1.963899304292402e-22
1623 3.3014426142614907e-15
1624 8.726391731043396e-10
1625 2.3271404949390198e-24
1626 0.550614655675152
1627 0.007850888034298587
1628 0.0009578524418525651
1629 4.8617956468469475e-12
1630 4.429243378918326e-19
1631 3.4260539623471537e-10
1632 0.027767438237592694
1633 0.10249940163143498
1634 1.155256646074691e-13
1635 9.982954729642757e-13
1636 0.05959763581062417
1637 1.6670506840322096e-17
1638 0.03195382290839065
1639 3.27690250845627e-12
1640 3.5347290500500375e-21
1641 1.871594538527196e-21
1642 9.595456121877266e-22
1643 3.025240489601644e-13
1644 8.123033291594291e-14
1645 0.0002410399586487995
1646 4.574657873848089e-13
1647 0.003735513122118974
1648 0.00046435099699836146
1649 5.060771200767647e-19
1650 0.015845830475883973
1651 0.10529559179255063
1652 6.938579298004247e-16
1653 2.8358602989640287e-05
1654 4.2167733402154655e-11
1655 5.221413728882343e-10
1656 2.619705459140043e-15
1657 4.333393420372617e-20
1658 1.4470075107055323e-07
1659 0.3963155795037181
1660 1.260825264703389e-06
1661 0.0002459015488685529
1662 3.0875614318654965e-15
1663 5.4713724915364265e-15
1664 0.04745460890748946
1665 2.3189987232999005e-23
1666 3.050980073636864e-07
1667 1.2551424775577706e-19
1668 1.8831954601072257e-19
1669 1.8260912709415727e-20
1670 2.703241106463289e-16
1671 5.090786481194444e-23
1672 4.612307187529749e-12
1673 1.358372291552963e-15
1674 2.629048565755842e-20
1675 0.09316895867064136
1676 0.008517927155317436
1677 1.692870217326061e-13
1678 7.500507273285094e-20
1679 1.1993468539309234e-20
1680 1.0968885810157504e-20
1681 0.00034209025288484395
1682 5.789363075737163e-24
1683 8.64167557100523e-18
1684 6.713653749155568e-21
1685 8.392439348805153e-22
1686 1.5087210969748864e-20
1687 4.596601817118209e-21
1688 1.298036542014816e-22
1689 2.895652233505951e-22
1690 2.7041786615545516e-23
1691 3.2437911590891476e-22
1692 2.4491034411693472e-21
1693 5.914402766028207e-23
1694 1.2190298743549504e-23
1695 2.851559083883906e-24
1696 0.004674104480209472
1697 0.8289375535441265
1698 1.2170444989796332e-15
1699 6.975434003505108e-09
1700 8.008981026575425e-09
1701 6.40471374426477e-08
1702 9.314014991405368e-12
1703 0.5512802958222984
1704 1.0254220703359617e-22
1705 0.00012138728712038419
1706 2.025134640901584e-09
1707 0.09836773310573006
1708 0.00023525716758364084
1709 1.2790979429505595e-12
1710 1.8805963664751733e-05
1711 5.821551246320326e-15
1712 8.972295637180659e-15
1713 5.89710149997567e-09
1714 0.05230347332382809
1715 2.1593888575330072e-09
1716 0.00014830614701174098
1717 3.0696170604595474e-19
1718 0.0028170154593364235
1719 1.7980718489278618e-11
1720 4.9410924801344095e-12
1721 2.1901965253461267e-08
1722 5.759439843575671e-07
1723 1.6753531295057068e-12
1724 4.3055470021005525e-10
1725 0.6225595849085243
1726 8.721734747336973e-05
1727 0.7168661087872654
1728 0.030250092129051172
1729 7.260402773588009e-07
1730 2.6605036413367053e-16
1731 1.6903249422576262e-09
1732 1.3042570893122992e-11
1733 6.344500599819102e-09
1734 9.854852628861509e-10
1735 0.014083081354673968
1736 2.7626981565199642e-15
1737 0.0003097690482974054
1738 1.1064432365639345e-16
1739 1.679759630648966e-06
1740 1.0118166239885142e-06
1741 4.489946464605644e-19
1742 0.000155465025268811
1743 4.590738192757602e-06
1744 7.57963068807327e-10
1745 0.0035453750424706853
1746 3.425944789813057e-06
1747 7.324254314633831e-19
1748 7.037565275710592e-08
1749 2.2756112752053138e-16
1750 0.1274886727556409
1751 4.710631665089927e-05
1752 9.196136139650306e-09
1753 1.6116906846341975e-08
1754 5.106795311957007e-19
1755 0.005682439073578938
1756 7.627278012592465e-07
1757 0.12784808947209486
1758 3.29857757901526e-10
1759 2.7821915154610623e-09
1760 0.0002362925077099536
1761 2.7702111821359674e-05
1762 2.599584408338046e-09
1763 0.7915234982189221
1764 0.00827280754267618
1765 0.16328880964246947
1766 2.1659014590033105e-19
1767 3.404141295658401e-08
1768 2.3690455453179035e-05
1769 1.259837861053157e-17
1770 3.40585525917333e-17
1771 1.0536164085338352e-18
1772 0.6238458071712663
1773 1.6039513432878715e-09
1774 2.113455945861117e-07
1775 0.011390483820643345
1776 0.021404558228626292
1777 3.2449482498871896e-14
1778 0.5240027167973055
1779 1.4732071832942307e-11
1780 2.5461989124992422e-06
1781 0.00047030139178471346
1782 0.2891606149271895
1783 7.435337386414517e-20
1784 1.094450548559296e-05
1785 2.489889342210228e-13
1786 2.458804368907454e-12
1787 6.73184159691216e-14
1788 1.0073931481729668e-09
1789 0.005164484754684856
1790 0.4637986112022759
1791 0.38073030817636333
1792 7.249636342647754e-16
1793 3.0695703051128496e-15
1794 5.390035549207117e-10
1795 0.014207345336321632
1796 0.20235689083612599
1797 4.7639097245572536e-17
1798 0.000371288291776349
1799 6.047568478239835e-14
1800 1.2724941820912548e-18
1801 5.12863276796461e-09
1802 0.0255389551921738
1803 2.770945232612702e-19
1804 0.0018562185794745434
1805 2.2547625199790475e-19
1806 3.582250800058141e-05
1807 1.1230545805811067e-19
1808 8.09818520052661e-13
1809 4.357043097798962e-20
1810 1.8691354270431198e-16
1811 0.025921946379815944
1812 4.1980356355901295e-17
1813 3.6254913108640412e-06
1814 0.0013887993198349474
1815 0.01638810179855367
1816 4.700715242234539e-06
1817 0.6828124846105509
1818 1.510310165260361e-16
1819 1.5991095753611246e-11
1820 5.955645297012314e-14
1821 0.13378284211029595
1822 0.04146915022861033
1823 0.005037792669690478
1824 2.4855304077811043e-12
1825 0.10018012703956657
1826 2.838288032269405e-12
1827 0.06519301486690351
1828 1.7274725118701005e-09
1829 6.512778520223442e-06
1830 1.9713348226839018e-12
1831 6.636696088076722e-20
1832 0.018548316483002928
1833 0.14143716061874181
1834 0.8229753482544224
1835 5.7981055275684614e-06
1836 3.446705174463966e-15
1837 9.53842504978276e-21
1838 2.1164870128479314e-08
1839 4.142074003150552e-13
1840 1.4074974742940321e-08
1841 5.808806504918529e-19
1842 1.5953269380009325e-05
1843 1.5709611693222704e-08
1844 1.4654476818096528e-16
1845 6.675927820004472e-06
1846 2.1022832951676483e-19
1847 0.017682648711289824
1848 2.289369019271751e-11
1849 0.1839848660553454
1850 0.7231820721801444
1851 3.146688443164265e-13
1852 0.0021290868334119654
1853 1.666746914950748e-13
1854 0.6866170804215832
1855 5.1141020179144366e-18
1856 5.743505547486367e-13
1857 1.4183421808475247e-10
1858 1.5697244932930762e-15
1859 0.03968212898032153
1860 5.143975841479918e-08
1861 5.012982243326682e-17
1862 1.532680957249817e-08
1863 0.040052638042514195
1864 6.035454240847512e-10
1865 2.395656754296136e-06
1866 0.007032199321528742
1867 1.2204750726334983e-18
1868 7.547506359526969e-18
1869 1.5359941838281555e-16
1870 6.575859888326399e-16
1871 1.993248354489585e-05
1872 0.22241137111387785
1873 0.010339460039530823
1874 0.019589665431842995
1875 9.722024936190598e-13
1876 2.7617403256313372e-08
1877 2.872664974806294e-10
1878 0.5538402341449004
1879 1.5747146702091414e-07
1880 0.1116856457281944
1881 2.4755365008071335e-15
1882 4.6857960640108165e-14
1883 8.439447136007806e-17
1884 1.2581206754425951e-05
1885 0.017680676386310948
1886 2.8487696319104986e-10
1887 0.2502491165543374
1888 5.797368809377897e-06
1889 1.3091366470658074e-05
1890 4.485941304093952e-09
1891 1.8928361814264267e-15
1892 4.1922224210101226e-11
1893 0.000610212222878056
1894 1.45328460976897e-05
1895 3.6621187382196365e-06
1896 0.031381824850632345
1897 0.0003395447427701391
1898 0.713082517868213
1899 8.526434084927972e-16
1900 0.5881436017408399
1901 1.1064453945272203e-16
1902 3.661340929544494e-16
1903 1.2101047930838756e-15
1904 7.059597389646509e-16
1905 2.1390670876282553e-16
1906 1.556303531565439e-17
1907 0.00017330673688263645
1908 1.3405519844903534e-05
1909 1.4724934929123004e-16
1910 0.0003977465933554687
1911 1.5012237636261333e-15
1912 2.9797108699727e-06
1913 1.139795388996993e-07
1914 2.207391207465018e-06
1915 9.539096884240573e-16
1916 2.9392139653654435e-12
1917 0.27326565956697685
1918 1.8946708019372786e-10
1919 4.623669132051334e-20
1920 8.31569843134744e-05
1921 9.631714453253915e-08
1922 6.8760774920180145e-09
1923 0.016060090481490808
1924 0.26200012968028075
1925 3.553912221242994e-15
1926 2.947476213710562e-13
1927 0.531458288922863
1928 1.4200109085147702e-15
1929 6.246187821244704e-19
1930 3.4526568642776006e-10
1931 1.1919253889315925e-05
1932 0.007639866261569606
1933 6.995175523802573e-15
1934 1.289596563018646e-14
1935 5.569682265447057e-16
1936 1.1233307779810833e-14
1937 7.921327092346598e-15
1938 0.000574005128551158
1939 3.1738015066178556e-08
1940 5.0894425015988194e-05
1941 5.787271241997904e-06
1942 5.155891536249526e-07
1943 2.6539193134109607e-18
1944 0.0011363834771537372
1945 9.1664529761156e-06
1946 0.7106458015488897
1947 6.106416717656725e-06
1948 0.19841625939102217
1949 0.5166609131517553
1950 0.05332062018137907
1951 1.1464072826534102e-07
1952 0.764824187834891
1953 9.565361372183133e-20
1954 2.3594069971026814e-17
1955 7.263042580940332e-14
1956 0.7956113678254318
1957 2.5097329568093513e-12
1958 0.0002641816629838954
1959 3.7993613230303674e-16
1960 6.208633803816443e-14
1961 0.7602361278695596
1962 3.4648709159347336e-14
1963 1.3480561869212155e-10
1964 9.31605847442208e-13
1965 6.355330021303063e-14
1966 1.0707417916603803e-14
1967 0.25261653630192094
1968 6.036285482621577e-09
1969 0.0003308420385994508
1970 4.670664451006962e-07
1971 0.00011252917072151121
1972 0.013824867638062956
1973 0.3623970280355299
1974 2.1847793102749964e-16
1975 4.518176584587384e-13
1976 8.753286914254034e-09
1977 3.4149570672697037e-10
1978 0.00015659007404732043
1979 2.1042366514102151e-16
1980 2.902353505789032e-16
1981 8.382858873890431e-13
1982 0.006096177737164836
1983 2.420541382527102e-23
1984 1.105222659268072e-19
1985 0.013706032995820695
1986 0.003293547185982734
1987 1.4798389493140689e-15
1988 0.002009409548549862
1989 2.961451769203873e-17
1990 0.00025452396314976154
1991 5.113522643224122e-09
1992 2.885389937759402e-16
1993 5.168131638520332e-08
1994 0.07481500306774606
1995 5.385186984431696e-09
1996 6.971483637727383e-12
1997 7.278923353296954e-05
1998 1.517283576219899e-14
1999 1.431829397587428e-18
2000 2.180113012631311e-12
2001 0.00018118960235450932
2002 5.342994218035784e-17
2003 0.000119417684893491
2004 0.3495656275667558
2005 0.005003380381998392
2006 2.589495615386399e-10
2007 5.783207635313242e-17
2008 1.871348157406476e-15
2009 2.605365895580063e-08
2010 0.006180273957413945
2011 1.9562004286346453e-09
2012 4.338702639496765e-15
2013 5.782656987604374e-14
2014 6.436635592199093e-16
2015 7.220146359659247e-15
2016 5.35550350192649e-09
2017 8.719400459799974e-20
2018 2.3113424690728745e-06
2019 0.007055651585805816
2020 2.466299955207718e-12
2021 4.113035654499452e-05
2022 1.6111649712523615e-05
2023 0.13486372870745236
2024 0.002401395689894976
2025 0.11615379257002452
2026 6.938200568998458e-10
2027 0.07006842767360329
2028 5.333505161482681e-10
2029 4.702754133295983e-13
2030 5.052314571775438e-11
2031 3.182019747694283e-13
2032 1.4591036491152417e-13
2033 1.8162280262312876e-08
2034 0.00023208534841583637
2035 4.6556825491862445e-14
2036 5.038310150663518e-13
2037 0.04415019757162426
2038 2.8480833352687847e-13
2039 3.5942820126214343e-12
2040 1.048919516839869e-06
2041 2.2744662389987155e-12
2042 2.07130256784381e-12
2043 1.5310513649850746e-07
2044 0.25603465758211646
2045 0.10224051598769537
2046 0.0007294127016656475
2047 1.1020788543974733e-06
2048 0.22340858554566645
2049 2.891151560157605e-09
2050 4.5394534784642445e-12
2051 1.5838388289876236e-15
2052 0.006458496212944567
2053 1.1286811510637743e-12
2054 0.009179678725163438
2055 2.1480647397634258e-05
2056 2.1492872194715045e-08
2057 3.567691581230698e-18
2058 4.0605717733307215e-16
2059 1.7890345697705863e-16
2060 4.318993826697953e-07
2061 1.9554028481391976e-14
2062 1.6080622387566986e-17
2063 0.103713147445908
2064 1.04020448683403e-05
2065 2.2150219777735737e-05
2066 0.1375688827221334
2067 1.3997768440927575e-11
2068 4.645149215149881e-09
2069 9.741671255372203e-08
2070 3.678839062599627e-07
2071 4.64467425552206e-06
2072 8.444564173443157e-13
2073 2.588293232291913e-11
2074 2.825136231125873e-15
2075 3.759860041688359e-06
2076 0.010763732764254264
2077 3.289889577795037e-09
2078 9.692780865119138e-13
2079 3.6045336913367863e-16
2080 3.89126717284242e-16
2081 0.015447510652221308
2082 6.810393414433057e-10
2083 0.01099817198883954
2084 9.862009355572789e-12
2085 5.372323206510815e-13
2086 3.1205507553981206e-08
2087 0.17162660492950724
2088 8.505256806398496e-08
2089 1.1883857403946856e-14
2090 0.11634727326924353
2091 0.5128277425656161
2092 7.944438106495378e-17
2093 1.2224020683199e-10
2094 1.673963305733008e-10
2095 2.9088497401684846e-17
2096 6.332178156299768e-11
2097 9.811103225202952e-11
2098 1.3681608480371147e-12
2099 8.046740713125523e-10
2100 1.28638381657255e-11
2101 7.605398095260463e-05
2102 0.0008789164799598071
2103 1.0428394122518408e-14
2104 3.840845272129417e-12
2105 2.0094136053460124e-09
2106 5.3305198863440863e-05
2107 0.01225524562509637
2108 0.00012982819555382925
2109 0.7795810866622046
2110 1.9426802986983e-10
2111 0.00029091727807190927
2112 9.978245339025349e-22
2113 0.7602476046321116
2114 0.03401031646986288
2115 0.012240029154042565
2116 4.1797032589136404e-10
2117 0.1987153652533645
2118 7.661880382420815e-14
2119 2.390071644982025e-09
2120 1.024060063294346e-09
2121 2.7945691086829386e-11
2122 6.089510670911995e-10
2123 2.5157893314634207e-07
2124 1.814272584184473e-06
2125 0.0063381810623962635
2126 7.810141705820304e-05
2127 5.401739372496824e-06
2128 0.30998981457748515
2129 0.8516670523263241
2130 0.40432111076103483
2131 6.399584754692094e-10
2132 0.000598989614396278
2133 6.194407032356558e-09
2134 0.6533013540943722
2135 2.4749255017254207e-08
2136 7.479908810679461e-06
2137 4.110480930031669e-10
2138 1.904772958021084e-08
2139 0.0797824916318418
2140 0.5813813309290067
2141 2.6681928674964436e-11
2142 1.5358187109675223e-08
2143 1.7601760481980174e-07
2144 5.860953305614893e-08
2145 1.3390021741478584e-13
2146 1.3547743329002568e-12
2147 4.640555403416219e-26
2148 1.8042227619915126e-14
2149 0.000138393849664286
2150 1.762216022789232e-14
2151 1.5052009566406067e-05
2152 1.2992067176403726e-05
2153 3.095020662351047e-08
2154 0.44815445149873423
2155 1.0494423153855825e-10
2156 4.553084611335326e-13
2157 0.009148274562901487
2158 0.21359084490729754
2159 4.6093404008793657e-10
2160 6.985071389463113e-18
2161 3.598992348205382e-05
2162 1.186332222086908e-15
2163 1.986932154972146e-15
2164 2.0306818188624499e-10
2165 1.7715152628421608e-07
2166 7.038835128798568e-13
2167 1.0669878237961837e-05
2168 0.007722383774224247
2169 0.0011486276452718272
2170 2.0609415323841096e-09
2171 1.0178331668685948e-13
2172 0.05668282858085258
2173 5.509141822002239e-08
2174 1.6822084635298027e-06
2175 0.8611311101010319
2176 0.04928972018817694
2177 1.1162048191007422e-08
2178 4.28418677275656e-12
2179 3.3735192417137814e-07
2180 4.929205347837467e-07
2181 0.13630137035184986
2182 0.012643045694664077
2183 6.641177519810148e-08
2184 2.812598352096628e-13
2185 3.445250928286963e-17
2186 8.012414624082376e-10
2187 5.162903679081358e-06
2188 1.8646237179487283e-09
2189 0.021901525494118317
2190 0.5963035742453192
2191 2.0262626745903653e-07
2192 1.4169652972419577e-10
2193 0.050436140580490174
2194 2.691923662727293e-09
2195 5.674890828060988e-16
2196 3.158481722675131e-06
2197 1.3730785502987823e-05
2198 1.1359992607215434e-14
2199 2.927689456368985e-09
2200 4.300309869550963e-17
2201 2.498855642623849e-07
2202 0.6761232189250189
2203 7.943448954117131e-06
2204 1.7864735303722163e-05
2205 2.5978059235791637e-05
2206 2.8157856539347034e-13
2207 2.5971452532125063e-08
2208 9.925039631338003e-09
2209 1.5190856071804516e-13
2210 0.1715684177490596
2211 9.238220152572634e-08
2212 2.1938942016010886e-11
2213 4.99471550527093e-10
2214 2.562339444632715e-10
2215 0.4763405901585016
2216 0.21183698289310976
2217 7.045061320631238e-12
2218 1.4637231013712414e-10
2219 1.6522713664741109e-10
2220 2.5140825541417244e-15
2221 1.5725077545296375e-07
2222 0.5085421417410605
2223 1.1727877917862285e-13
2224 0.7019542637547083
2225 4.4594432956178355e-07
2226 1.0735350999455763e-06
2227 6.924399190529495e-10
2228 3.0004218924699863e-09
2229 0.012004581982050134
2230 2.396571231736004e-06
2231 0.00019756801758883348
2232 0.03958972608828968
2233 1.910950115686884e-06
2234 3.1325264994551235e-08
2235 0.12608550267872534
2236 2.3412743541549117e-15
2237 2.2472525510501545e-22
2238 0.3386436522163955
2239 7.788230707454081e-11
2240 0.7454137407088567
2241 6.848130602296062e-07
2242 7.731602110706711e-09
2243 0.6197081466374339
2244 4.302558927313238e-06
2245 1.611361889727364e-05
2246 0.03535899984122477
2247 3.146746734059793e-14
2248 5.5301442119978184e-11
2249 2.526837594372733e-06
2250 0.65212908183429
2251 9.710018348115877e-13
2252 7.561554892922732e-07
2253 3.2753671730432463e-13
2254 1.0632080069016673e-05
2255 0.005206178614533609
2256 0.2952855651843925
2257 2.8494211242210017e-18
2258 2.94262216158971e-06
2259 1.4969600051514433e-11
2260 0.632086713677111
2261 2.78910514370993e-06
2262 1.4648746532493722e-09
2263 0.3971750595072492
2264 6.715919312120223e-09
2265 7.037841759221005e-11
2266 3.2297650068917197e-10
2267 0.566925787943264
2268 0.010548432858284038
2269 1.4797667644614154e-06
2270 0.000314731603280745
2271 1.244010362205688e-09
2272 1.1049862906692069e-06
2273 4.436942521263802e-09
2274 0.22360571840175503
2275 1.7340115433199967e-11
2276 1.2037285074379879e-09
2277 0.00010203496667993711
2278 1.0180931882205286e-14
2279 1.30623539686483e-07
2280 0.04820995705542032
2281 2.4784217812929287e-09
2282 4.527833848611259e-13
2283 9.132176921265069e-10
2284 0.010226882325269599
2285 5.883016001173221e-07
2286 0.33698648231951295
2287 1.9204506192058995e-06
2288 3.1753178107362624e-14
2289 4.2979358976544245e-13
2290 2.613285808470735e-05
2291 1.4694480007730486e-08
2292 5.281891859373874e-07
2293 0.04263759011558618
2294 1.5196590180089068e-13
2295 0.0018280252550825983
2296 1.4627495445957747e-09
2297 1.8468064431787573e-08
2298 6.599676150011391e-05
2299 1.3448218793006388e-10
2300 0.00022095282362883588
2301 0.0007856614049860521
2302 1.7370305184210228e-14
2303 3.679819980733516e-09
2304 0.0048903296102335795
2305 0.06296331959958708
2306 1.8560115728112574e-15
2307 0.012791978249366976
2308 0.19340565407657737
2309 0.0022760552864918167
2310 0.265244878756984
2311 4.5417798356188444e-08
2312 7.767315541740517e-12
2313 7.584477548988067e-05
2314 4.53107325213956e-05
2315 0.003215587469413757
2316 0.46975169724759663
2317 1.0346812587494863e-11
2318 7.903333382988723e-09
2319 3.778215964263637e-08
2320 5.0766859763152515e-11
2321 7.908198311582194e-10
2322 2.0952356886703056e-10
2323 4.3842273947906014e-13
2324 0.008582886382135927
2325 1.2104630330650436e-13
2326 7.78697072110525e-13
2327 0.00699930329479619
2328 7.915983643670712e-17
2329 0.0015589192472504703
2330 8.62933452588497e-06
2331 5.734015084990752e-10
2332 0.00016122036064557702
2333 7.476558995910595e-18
2334 5.419510504969139e-11
2335 0.00015915264619052814
2336 3.2839614396637276e-06
2337 2.7805582027262616e-09
2338 1.2685867669199572e-08
2339 0.007660021350614573
2340 1.227200967947909e-13
2341 8.39555961710746e-12
2342 7.475064233245888e-11
2343 8.888007824205543e-10
2344 6.39362075490624e-15
2345 0.0004431299680981403
2346 1.7165810680077716e-08
2347 3.264118138774504e-12
2348 5.2722626962386045e-08
2349 1.5183879495470165e-14
2350 1.4503256579274776e-17
2351 4.84615317924931e-14
2352 1.259977384278878e-12
2353 3.40210177628347e-09
2354 5.042077814920002e-07
2355 2.928628993205272e-10
2356 0.6747932417949053
2357 3.858644337368702e-16
2358 8.180010993577839e-10
2359 0.23426296429506727
2360 5.2940480090381706e-05
2361 1.2887418767589878e-09
2362 1.484237924534181e-16
2363 7.069335094344329e-14
2364 0.7304931587383607
2365 1.8337265105117078e-10
2366 6.632605294771407e-06
2367 1.5261796523619905e-06
2368 0.006433095753412513
2369 8.633840026381381e-10
2370 2.8622293249021234e-15
2371 1.0554428469242302e-05
2372 6.240613741056693e-14
2373 2.9788080581217456e-08
2374 8.003010557524637e-05
2375 3.6205316508865505e-12
2376 2.21089797774578e-13
2377 8.316784614926221e-11
2378 2.140229792163024e-06
2379 4.758706893584347e-06
2380 7.492296121555825e-07
2381 3.7198050330762506e-06
2382 3.5595610882006795e-07
2383 8.708537362135125e-16
2384 2.0503547170571793e-10
2385 7.912005067191862e-15
2386 4.336909330456008e-13
2387 3.4018527703059084e-08
2388 3.471737221218488e-08
2389 2.0364744608161488e-11
2390 9.89346475123588e-07
2391 6.166553620162072e-06
2392 0.008813416625750883
2393 9.286080096688166e-15
2394 1.1751351090790197e-08
2395 1.3563985039509242e-10
2396 5.701269639474868e-09
2397 0.01404713457016816
2398 1.2417430290903899e-10
2399 1.376133845246161e-17
2400 2.822907414438585e-07
2401 2.0754913048460062e-14
2402 6.344444114598207e-06
2403 6.435013858388499e-13
2404 0.004458968020067938
2405 3.852933851272485e-08
2406 0.03554777254515942
2407 5.2432369074305904e-11
2408 0.054272156058183925
2409 1.0205242381339755e-06
2410 2.106683263523047e-08
2411 0.0003089826794608916
2412 0.05475760341514196
2413 1.630129103920217e-15
2414 5.672153648048896e-05
2415 5.6421694033340885e-06
2416 5.613745997244393e-05
2417 7.38623099425882e-07
2418 3.7495225346016793e-06
2419 1.8439976327416834e-13
2420 0.2515560250673525
2421 4.3966887816495406e-12
2422 3.5302810532895635e-07
2423 1.1335011517729173e-08
2424 0.07595439889171454
2425 0.1083312273036265
2426 3.194302557844138e-11
2427 1.1175364650843494e-09
2428 0.011248524096018302
2429 8.521773584339486e-17
2430 1.0325241942541026e-08
2431 8.319008814169062e-16
2432 8.22600337702503e-06
2433 2.0561495606323185e-16
2434 0.09985939873262686
2435 2.925257716088259e-17
2436 1.748719157336953e-12
2437 1.957420825062525e-09
2438 1.5209491620053958e-10
2439 5.881306852535407e-07
2440 2.773335818745246e-05
2441 2.9121234982531554e-09
2442 1.9944638397152928e-14
2443 3.413557946671933e-18
2444 1.0356831367974317e-13
2445 3.6593661500900814e-06
2446 0.006018585002343708
2447 0.0028600897029009706
2448 0.11888425521229673
2449 1.3036860077878194e-13
2450 4.0244323957118006e-14
2451 0.13307722561642193
2452 0.158855848432601
2453 9.57566065779897e-16
2454 8.25690809865235e-05
2455 9.02430923737932e-06
2456 2.60447144910448e-08
2457 1.2527478926934898e-07
2458 7.749763585663764e-17
2459 3.836488628929823e-08
2460 1.6367682083137766e-15
2461 0.0002506941720323633
2462 9.058553195196544e-07
2463 7.112495345979595e-17
2464 4.996886778707463e-14
2465 0.001688496866124313
2466 7.380567573820385e-19
2467 2.224551340595292e-16
2468 2.7013696422037088e-06
2469 6.505451169390914e-06
2470 5.45927093811273e-07
2471 3.5788224211026805e-11
2472 1.7990174010918111e-06
2473 0.0002177058093272245
2474 9.022283143947179e-07
2475 3.082127429377482e-18
2476 7.366367571426615e-14
2477 2.370007577292797e-06
2478 4.646340694353872e-06
2479 6.295249448041598e-08
2480 3.5002633019613082e-06
2481 5.035641891523593e-17
2482 4.897788216972827e-14
2483 3.6503442471829635e-06
2484 4.740289968553265e-16
2485 2.4323273752391437e-20
2486 0.48733889098079114
2487 1.2865348013674074e-13
2488 1.9433722740621205e-07
2489 0.0013296570385282296
2490 0.002022039343631944
2491 2.8044212327674097e-15
2492 1.2495255598364906e-07
2493 1.4100298236246634e-08
2494 9.301701750604693e-12
2495 0.6029553286395652
2496 7.496491635505733e-09
2497 0.4394502027306022
2498 2.01542084633848e-06
2499 2.00462452120162e-07
2500 7.643808850483663e-14
2501 3.0805108927620387e-11
2502 1.0471197145471363e-06
2503 1.3894815320578028e-19
2504 2.556767343972063e-14
2505 1.151278361513102e-16
2506 5.7781594386025796e-15
2507 1.6288372596714461e-18
2508 3.820246635267503e-17
2509 1.8831311616752732e-06
2510 7.78027331752117e-14
2511 1.7827869111671867e-07
2512 2.2192253704558534e-17
2513 6.290475169639942e-18
2514 5.604859046227614e-14
2515 7.354370667464969e-12
2516 2.0235480847085093e-06
2517 4.3235462737224485e-10
2518 4.6411047314373356e-07
2519 1.947211233680607e-17
2520 5.794316719896046e-10
2521 2.9221898736802956e-16
2522 0.36022170912593854
2523 1.103114568919522e-05
2524 5.348539725026909e-08
2525 9.462052193290002e-16
2526 3.9414557283715004e-16
2527 2.0337412404974583e-16
2528 0.00020164757841263837
2529 6.023674614188963e-16
2530 4.78444434123005e-10
2531 2.2967567078326552e-15
2532 0.0005212809344440442
2533 1.4517742431532885e-08
2534 1.8793567739113176e-22
2535 1.1180870996719945e-14
2536 6.715186836450072e-05
2537 8.862709176704364e-11
2538 2.525064556265886e-06
2539 0.0004682933019713861
2540 6.764489475546962e-11
2541 0.0012023452042565937
2542 1.0056361665843718e-07
2543 1.503718519503645e-07
2544 0.4341069990851377
2545 8.794013306847874e-09
2546 1.807450600760161e-13
2547 1.173726401135549e-09
2548 1.0154426408971117e-13
2549 0.0006535086572624587
2550 0.0001108670364864048
2551 0.0006042401334967268
2552 2.1597623651376942e-14
2553 7.028255175060313e-06
2554 1.618610212249066e-10
2555 8.410887465957836e-09
2556 1.0000854277341233e-18
2557 4.5499454386682354e-08
2558 3.5889336613310737e-16
2559 1.7080338038189815e-13
2560 1.169082434044215e-10
2561 1.1844046797442153e-14
2562 5.865898201109916e-07
2563 4.337970386956056e-08
2564 2.389886401484782e-06
2565 4.64385723043033e-20
2566 8.046890583216181e-20
2567 0.00020909814911945993
2568 2.0248607110529297e-18
2569 1.3367848643975357e-08
2570 0.1709202524000595
2571 1.4245763008777898e-07
2572 0.0009176736864237495
2573 0.0006065491767742565
2574 2.0238790620196774e-16
2575 2.0870114265392055e-14
2576 2.8927430063105195e-08
2577 0.00032987426782872493
2578 4.0856248054873866e-10
2579 0.0009703236140426015
2580 5.678628275524123e-07
2581 5.098049054208034e-08
2582 0.0013010322962800965
2583 0.00014079907137888866
2584 2.6263454892655207e-05
2585 1.4733988785825812e-14
2586 1.807982957189853e-11
2587 7.485438589870015e-08
2588 2.540288471067835e-14
2589 3.312607981667105e-06
2590 3.9113339006013132e-19
2591 1.7588161685954193e-07
2592 1.0676145777037776e-08
2593 0.5101196981825842
2594 7.918178356750338e-07
2595 0.5093844008734372
2596 0.020706963155667554
2597 5.683774554162001e-06
2598 2.1282259971350026e-09
2599 4.711517259572998e-06
2600 1.0842586027660863e-14
2601 3.312235007141028e-06
2602 1.139320702963404e-09
2603 2.31880589492186e-07
2604 2.0539471258962525e-14
2605 2.1554587272829654e-15
2606 9.689113255692098e-06
2607 3.889251586681667e-09
2608 5.490636699099568e-13
2609 6.990438915243894e-06
2610 1.2010307958228243e-16
2611 0.0010633523770467298
2612 4.571498883988723e-25
2613 4.233039782758953e-11
2614 3.03960046904098e-10
2615 5.653673006454525e-15
2616 5.6119474771305246e-05
2617 2.255749852286059e-06
2618 8.180063610371253e-05
2619 9.877669780996057e-17
2620 6.353081849887977e-21
2621 2.9219651496526453e-22
2622 0.00041532342984222165
2623 2.797899006445947e-15
2624 1.5640344754363452e-06
2625 3.151764820179707e-12
2626 0.2744125462378037
2627 0.00045933251996892264
2628 4.731514738179189e-15
2629 0.22959888871702996
2630 5.6877962358265545e-09
2631 6.225451910788953e-07
2632 1.788827207191232e-19
2633 1.628482584232766e-05
2634 0.019535377127717433
2635 1.8090264931925898e-10
2636 1.1195016401670055e-17
2637 0.30626731493006765
2638 8.056109429750776e-08
2639 3.0989866706912747e-19
2640 0.5543045932951681
2641 3.5403216632849886e-08
2642 7.14345984343701e-11
2643 7.070636912641454e-09
2644 1.8347295899051337e-17
2645 3.106330241198448e-14
2646 5.003044650486539e-07
2647 0.5651816418326341
2648 5.041729109122765e-30
2649 7.014557145055522e-09
2650 1.4977982271664454e-22
2651 3.165659877227846e-07
2652 0.002661965145973166
2653 8.763639119318838e-06
2654 5.650027544798456e-09
2655 1.2162201205113288e-14
2656 2.0822556456551134e-05
2657 1.8956842388885083e-08
2658 2.358714704697018e-10
2659 1.2694715569902097e-06
2660 0.555036956520182
2661 3.5532087840103726e-05
2662 0.49359048540379513
2663 8.037130368867738e-12
2664 6.059662935179226e-17
2665 3.2983891123109815e-09
2666 0.32349298815162786
2667 8.32871143776351e-28
2668 2.726482387719451e-05
2669 0.0001149850384688143
2670 9.981811280025225e-11
2671 3.9720985418756217e-05
2672 1.4741488055131554e-11
2673 0.22856743613139682
2674 5.931634202161661e-07
2675 0.49149639214122426
2676 1.4323923433912715e-05
2677 1.1490714326164174e-07
2678 9.387932608031603e-05
2679 1.9459781540960063e-05
2680 0.1502001057009417
2681 0.6493515620831067
2682 1.3566707274014026e-06
2683 0.5850228820651144
2684 8.361335622274222e-25
2685 2.268833382731973e-07
2686 8.558902309781505e-12
2687 5.803621303873246e-19
2688 5.310008682672319e-15
2689 5.334838969779404e-11
2690 2.556219392666112e-14
2691 0.2227283629686061
2692 1.8812969580184958e-05
2693 0.1581403844794224
2694 4.655490681506643e-14
2695 5.577132178511037e-06
2696 0.5835335948871226
2697 0.0907512367339542
2698 1.1352142061193588e-05
2699 1.1496780944700545e-06
2700 6.802754136942417e-11
2701 9.273154093188705e-07
2702 5.566188781356019e-07
2703 0.0003230222780717486
2704 6.62178153357805e-07
2705 2.2721270434919233e-14
2706 9.110359094289434e-18
2707 5.4429071948025016e-18
2708 2.4989420264201055e-05
2709 0.3442118390846806
2710 9.788643933125924e-07
2711 9.753208236967295e-07
2712 2.6424474301207473e-06
2713 0.06358374957479833
2714 4.045972151450195e-07
2715 3.651514688419084e-11
2716 1.259843304819135e-15
2717 9.645990926751403e-12
2718 1.5621271444975809e-06
2719 8.277841830866437e-14
2720 3.079769305621949e-14
2721 6.668238911287902e-10
2722 1.8951171037022055e-10
2723 0.19876512520832604
2724 2.735129014953743e-11
2725 1.7807982892345079e-10
2726 7.79493338349553e-08
2727 4.6496688846273627e-07
2728 1.5338777232497246e-10
2729 3.2567362653230106e-11
2730 1.0579289717781723e-07
2731 0.6492780480864216
2732 8.863579366209716e-10
2733 4.6256269688420276e-05
2734 4.878843821973138e-17
2735 9.297079437795099e-11
2736 5.726393281583798e-06
2737 2.416436989594234e-06
2738 0.0017469428266597851
2739 1.0322303375344135e-12
2740 6.7313393082347705e-21
2741 0.3409238498448987
2742 7.218518878262484e-14
2743 1.3838462183697112e-11
2744 2.0922982378729346e-07
2745 3.460952403785182e-08
2746 7.419592960045581e-08
2747 4.194923352769175e-12
2748 0.29399081311732844
2749 0.44077714047788447
2750 4.076447697794388e-19
2751 0.37465513682374235
2752 8.239508643479443e-16
2753 1.629401147299697e-09
2754 1.6090768296558249e-06
2755 8.788265134450985e-05
2756 4.690019168625846e-06
2757 2.1362953407558786e-08
2758 3.546590987423427e-10
2759 0.026679899094321814
2760 2.1161010824294303e-13
2761 2.0197836757266944e-06
2762 0.010266824577018037
2763 5.230774162597569e-11
2764 6.867681439440379e-11
2765 0.11507361547290065
2766 0.4673618982649487
2767 1.9579370555205534e-10
2768 1.3652792113093363e-05
2769 1.3983673343754513e-07
2770 2.091031821453192e-06
2771 3.9993478301169713e-13
2772 1.4928614815851035e-11
2773 1.4203085930109843e-07
2774 7.363361998699591e-15
2775 5.69091707538146e-10
2776 0.0004569520146797265
2777 0.00027497015756680317
2778 0.000977469874266043
2779 3.280561528093327e-08
2780 0.0001563942720957887
2781 4.645901000795058e-12
2782 0.1353761115769728
2783 0.0006878782864940749
2784 0.34680461551658603
2785 3.264416889262383e-07
2786 0.0016852128380057988
2787 0.43763670644920993
2788 8.058915635039401e-05
2789 0.0012590203197221518
2790 1.310062131429806e-13
2791 0.41275260646692985
2792 0.001529233512951845
2793 4.026926032778059e-08
2794 1.8978709108443098e-09
2795 3.92261811455926e-05
2796 6.604008273926195e-06
2797 1.3261927091307144e-06
2798 5.839645658936602e-06
2799 0.0009789765647689496
2800 8.3150091787273e-07
2801 9.764110953465906e-08
2802 1.4543251646947636e-11
2803 1.2634665969356044e-06
2804 2.745068204852067e-11
2805 2.063361508391699e-12
2806 2.7002863217837605e-06
2807 0.0011782477114438983
2808 3.578116397802176e-10
2809 0.4054313399150445
2810 0.0014465748538785657
2811 0.07562985564629578
2812 9.506817968836725e-19
2813 8.880924834130846e-09
2814 2.318000502124275e-14
2815 1.3591649684833266e-17
2816 3.6332455595601266e-09
2817 1.0679904475126407e-08
2818 4.554975887257311e-10
2819 4.003115714630549e-13
2820 4.838111928995088e-08
2821 3.1402269092659755e-13
2822 6.18316116214965e-14
2823 0.05164452660038682
2824 2.1661530658612423e-07
2825 2.178542481201395e-14
2826 0.0007248810924637
2827 0.00019884109181565778
2828 8.414243219846983e-15
2829 0.0012429479564109998
2830 0.023525884297483292
2831 0.0028596227623495407
2832 0.0019460657599984622
2833 1.0057986373636385e-11
2834 0.00039934085797500076
2835 1.3739806347246935e-12
2836 0.0038401687193210334
2837 5.637048109239997e-14
2838 7.879576706671125e-12
2839 0.004811226686334712
2840 0.00023856321056905976
2841 0.005542093150703831
2842 0.11606704156112477
2843 0.02854378836716929
2844 0.005948198450236829
2845 4.011748656534987e-14
2846 5.231634943333625e-12
2847 2.502062907263576e-07
2848 6.37927515632775e-10
2849 5.548499822688867e-11
2850 4.0686154874234183e-07
2851 9.959579845774656e-06
2852 4.504095936903603e-12
2853 1.078637068081594e-12
2854 5.101236624571579e-13
2855 1.988188238397495e-05
2856 0.005894101394099512
2857 6.361289170284471e-20
2858 0.002397303750258193
2859 0.0036126912792893875
2860 1.0288923399375976e-06
2861 1.370300209168943e-07
2862 1.3051259927299721e-17
2863 0.004557747711861512
2864 4.828985686918524e-07
2865 2.4706351860392878e-14
2866 0.004718812972081606
2867 2.831015239686493e-11
2868 1.0506850821939042e-10
2869 0.004540007169351853
2870 7.422766130774188e-17
2871 3.308313712276508e-05
2872 0.0035713619393466425
2873 3.0955572005280894e-11
2874 9.337110596272796e-19
2875 0.0003072852031413837
2876 4.277217115697841e-05
2877 6.103497607776192e-13
2878 7.919700955675665e-11
2879 7.093987947772383e-13
2880 0.0017085467809715242
2881 6.587425580839106e-07
2882 1.230594988460855e-08
2883 1.4148160947330978e-13
2884 6.137824029490723e-07
2885 4.181660770443955e-13
2886 6.834277508067872e-08
2887 1.2796703169053672e-13
2888 2.293035254696042e-13
2889 1.7827157458018956e-10
2890 0.4213060042334513
2891 1.447257716562663e-10
2892 2.7258190809807367e-08
2893 5.06858938307096e-14
2894 5.270639824994471e-09
2895 1.256779147981929e-13
2896 2.2154608808507474e-10
2897 0.0874973550713281
2898 1.0412616704010199e-13
2899 0.022747367522714508
2900 1.4523244839046785e-09
2901 2.043971018760325e-13
2902 1.8125249020539984e-09
2903 0.038438357041269494
2904 1.433110635521179e-14
2905 1.3711697549910348e-07
2906 2.940756818591952e-10
2907 2.8802300350184644e-12
2908 0.013030063398326675
2909 0.3455264519643465
2910 4.822844255222558e-07
2911 0.29629786374631273
2912 3.0182338602908163e-05
2913 6.210615488993134e-05
2914 0.01426733811025978
2915 6.271719541793265e-21
2916 2.150866396002179e-12
2917 2.849118905382283e-13
2918 0.23621629063580038
2919 1.3199386717575056e-08
2920 5.539122030076017e-08
2921 1.0335889015623683e-12
2922 1.491322538932453e-10
2923 0.014806159789618927
2924 5.822596399487481e-11
2925 5.557428910367137e-07
2926 0.40720636734219173
2927 0.0030636604053004713
2928 8.562559437951276e-11
2929 1.817743591527709e-14
2930 0.0013822313370250982
2931 0.00023632380383281344
2932 7.542632544649814e-05
2933 0.0034637715092742443
2934 0.007034357227199744
2935 0.02165235797784562
2936 0.0005437622599082681
2937 0.00040874441812480475
2938 2.0688542383936524e-10
2939 0.01128667279350147
2940 4.081953880594161e-10
2941 0.006363873796976776
2942 0.09881723454073192
2943 0.0009174843478088021
2944 1.764652544321388e-05
2945 0.1928698186122628
2946 0.008525127201534347
2947 8.095952774559569e-09
2948 0.0011340224974708355
2949 0.005429388966729096
2950 1.8888256788432076e-15
2951 9.870272336389876e-16
2952 0.07302630347738451
2953 0.0032708135820657515
2954 2.2928798641032288e-11
2955 3.97737727333345e-16
2956 7.038651977481611e-14
2957 1.1525773394755016e-09
2958 3.7139225560849444e-11
2959 1.2986142659928965e-13
2960 0.03333095774466361
2961 0.008408444976161023
2962 2.9490111909383495e-07
2963 0.007391443768399877
2964 0.0013683488771878646
2965 8.844279658652063e-12
2966 0.0008658370500307953
2967 0.005447421152046616
2968 2.465775776767796e-11
2969 3.7279177365698817e-10
2970 6.3546389218166676e-12
2971 5.197359986761474e-10
2972 1.2534870821192092e-12
2973 3.608395938105413e-10
2974 0.0045340377327711245
2975 1.1587549268075047e-13
2976 6.144561243620435e-16
2977 0.005451221693400799
2978 6.472391505515103e-10
2979 0.0031425946643010598
2980 3.006380572450111e-17
2981 7.74387255335423e-15
2982 0.0025944277200114696
2983 2.5012799743339694e-15
2984 5.785153495654884e-12
2985 9.782823855591954e-11
2986 0.046998205730950295
2987 3.255943007769146e-08
2988 0.056870867090056065
2989 3.054257035260409e-09
2990 1.6822972817267477e-08
2991 0.011472264973048828
2992 0.007091070197880041
2993 1.5307250335612183e-07
2994 4.825555959063134e-17
2995 0.00011086094704347438
2996 1.9675876490667317e-09
2997 2.700785448217145e-15
2998 0.0007109927646044002
2999 0.005342346697774536
3000 1.5407715008735218e-23
3001 6.930037374133935e-10
3002 0.00012441683700999993
3003 0.05955941282623178
3004 9.155176161287205e-06
3005 0.00013254975379106996
3006 1.376476211883083e-10
3007 3.110125142715057e-05
3008 1.6409245922245738e-12
3009 3.832876564445432e-11
3010 2.4817487962756715e-09
3011 7.57428595319314e-14
3012 8.549963750975631e-09
3013 0.041312557519552935
3014 3.140540558158049e-09
3015 6.410294810287145e-11
3016 1.9888649155665825e-09
3017 1.4055335848278885e-11
3018 0.08020557963311149
3019 9.010352620430831e-12
3020 8.501566928923449e-13
3021 8.270448941821574e-08
3022 4.918469876848571e-11
3023 1.4224206700568375e-11
3024 0.4333333300951049
3025 1.2583206730279895e-12
3026 0.6977932850950068
3027 0.7345295860371815
3028 0.6953298388608082
3029 0.7212986849874872
3030 1.697317533084009e-28
3031 8.265993497212078e-13
3032 0.7486320087217613
3033 0.3151712252148783
3034 0.8292410861224014
3035 1.0831727422749946e-13
3036 0.5687693244364456
3037 4.335496505531291e-09
3038 0.432196727004404
3039 0.6833067151757756
3040 6.801434662267671e-16
3041 0.581310767391375
3042 2.7750785973864353e-10
3043 0.6298937677118072
3044 0.05642178822486691
3045 0.00019955168045129057
3046 0.5349355742160296
3047 0.42323363729785746
3048 2.0936992221013764e-12
3049 5.888583664708484e-23
3050 8.366925527622508e-21
3051 1.055615639852585e-13
3052 1.4800526990005764e-16
3053 2.3529065820153107e-27
3054 0.3072815585677261
3055 5.845876797924312e-12
3056 0.0741165373343836
3057 6.248453520562223e-22
3058 0.039093528430389574
3059 2.25121453145239e-10
3060 0.10235428639753404
3061 6.583970038749239e-11
3062 3.531074432900181e-08
3063 1.26753882884659e-12
3064 3.891640778348466e-11
3065 0.00039637580687826367
3066 3.69486761221888e-12
3067 4.130138132306372e-12
3068 9.476029760060766e-13
3069 7.217546387976684e-13
3070 5.400014613429137e-13
3071 1.7110972560535114e-14
3072 1.7438402643295736e-13
3073 4.219814326223851e-14
3074 3.6323180494436286e-14
3075 0.0007269630061423029
3076 2.3519497108356923e-05
3077 3.808935087436827e-09
3078 1.9345985076922335e-30
3079 6.886330273170484e-15
3080 1.2544215436671417e-23
3081 0.06443358990158765
3082 8.738984416530598e-11
3083 3.426339355802574e-08
3084 5.288696591499946e-16
3085 9.349125485915358e-18
3086 2.621312644647508e-16
3087 7.471394240226246e-18
3088 6.689155252640804e-16
3089 1.5018111100481674e-18
3090 1.5581468255234548e-12
3091 1.3081357312184277e-18
3092 0.10166127373434486
3093 1.4760619313215742e-21
3094 3.6899389107860976e-21
3095 8.013159563513725e-13
3096 4.4695129704804803e-05
3097 0.0006148961542776687
3098 2.0970500177955815e-18
3099 4.22851365210818e-07
3100 8.087638473902966e-07
3101 2.080323575446527e-13
3102 5.066761159032157e-25
3103 9.95934020421912e-24
3104 8.708285307540412e-16
3105 3.931009193400057e-26
3106 1.15127171702794e-18
3107 4.957481671419608e-16
3108 0.007703108408972609
3109 0.13805721756702352
3110 2.096263520410959e-12
3111 2.9395471419402147e-16
3112 0.784281127208809
3113 0.8432210241612411
3114 0.9019070439779502
3115 4.436687960870228e-22
3116 9.91495666084438e-23
3117 1.0882678416777419e-08
3118 3.925151771006109e-06
3119 7.978116964881514e-08
3120 0.5873328007323221
3121 3.676551149913147e-08
3122 0.8403854728398815
3123 4.822307736996217e-16
3124 1.9451409724808586e-07
3125 0.414831711981254
3126 2.4339926289034264e-21
3127 0.5647613050629985
3128 0.016447532581523934
3129 0.21344116208041872
3130 1.5099890239583946e-22
3131 1.10297580577477e-10
3132 3.1002963775176493e-10
3133 0.007796282283777401
3134 1.0252686891830875e-09
3135 0.03060473802402936
3136 7.017358560666205e-17
3137 0.08355464731860343
3138 9.891311591327604e-15
3139 3.263982466237318e-11
3140 5.342461212745267e-22
3141 2.088886787734715e-10
3142 0.02986725621998635
3143 8.045768162718909e-14
3144 0.0003695416781329984
3145 2.1541033605303898e-09
3146 5.796104375183862e-17
3147 5.563684939435212e-12
3148 1.6946376613567346e-13
3149 8.206202636245045e-19
3150 2.882481393870583e-16
3151 3.0047113087436846e-21
3152 5.183897143302854e-23
3153 0.000241097188137739
3154 3.8807121238555974e-28
3155 1.54521198305333e-32
3156 3.9753337904329846e-08
3157 4.2854181574372734e-16
3158 0.052328383356029795
3159 0.017027166129194523
3160 0.03566506642785272
3161 8.69104509653551e-17
3162 4.194882105681338e-06
3163 5.1618976126532447e-17
3164 9.302116124418567e-20
3165 1.5910322280029641e-12
3166 2.0599232222159602e-16
3167 8.997462378185841e-08
3168 1.341386156676953e-07
3169 5.073305463234717e-19
3170 4.1275879788500316e-20
3171 0.00011734177792996421
3172 3.422263862186248e-18
3173 2.7952957760403938e-15
3174 5.957126462549225e-17
3175 6.106762094187608e-07
3176 7.904725689537186e-08
3177 0.002513159000195689
3178 3.7176740174313876e-17
3179 1.212212594756878e-20
3180 0.03388827650990101
3181 1.4215759594666522e-08
3182 6.18102842696555e-08
3183 2.492263885910736e-13
3184 0.027054822440028162
3185 1.2801136222652146e-24
3186 1.1562334072383744e-25
3187 4.918801292501999e-22
3188 9.751282343627154e-16
3189 2.0268815354036853e-17
3190 1.0686492064340686e-22
3191 1.1743737467938186e-21
3192 6.843830635965797e-22
3193 0.052189690688301905
3194 0.04329185331463541
3195 0.030777611099824128
3196 3.990225150703167e-21
3197 9.024658705315895e-08
3198 2.2105236102861742e-18
3199 7.205039313259048e-14
3200 1.217332530981584e-11
3201 1.2031122517603018e-23
3202 0.0061824287141416
3203 6.672934638517291e-17
3204 2.372959726262037e-14
3205 1.587434970151381e-13
3206 0.11885272562438944
3207 0.14616017367496928
3208 3.178561560205872e-13
3209 1.0595955281952135e-17
3210 1.891077951380524e-15
3211 2.999215798780094e-07
3212 5.4131795332764316e-17
3213 0.1238554575701817
3214 4.805517099090959e-21
3215 4.586832848238273e-16
3216 6.146808486894783e-19
3217 0.08482877699127987
3218 8.42844169946732e-09
3219 2.7239293964069085e-06
3220 9.562052876372881e-11
3221 4.239290456494447e-16
3222 4.963705646607353e-20
3223 4.425526245979751e-14
3224 1.3506510726007422e-15
3225 1.2508898834324207e-14
3226 1.305591880861533e-15
3227 5.63638839918387e-21
3228 4.911795217505938e-18
3229 3.442991752641127e-19
3230 1.0531481345729555e-16
3231 1.6717934629127966e-15
3232 3.6521557519000854e-19
3233 3.83629901548029e-14
3234 1.9989220275102284e-17
3235 9.829891187579141e-23
3236 1.1558001053294958e-23
3237 9.10446614212479e-18
3238 0.00010701319850129116
3239 2.6081850376892545e-06
3240 1.1413515573472577e-08
3241 9.024914490323195e-21
3242 0.03912692990943873
3243 1.856175368170589e-18
3244 5.647307174074451e-14
3245 4.157227472400697e-08
3246 8.547814131417319e-16
3247 1.211201258833968e-09
3248 1.236174498368029e-06
3249 1.4848134021489757e-14
3250 8.49720851406426e-11
3251 2.5825526483334034e-20
3252 1.002847113593517e-09
3253 0.008070589752421831
3254 4.198855192240801e-09
3255 7.884644019467937e-07
3256 1.2067719498139569e-20
3257 1.8755893488497115e-19
3258 9.241389426202713e-11
3259 1.0801867722661608e-18
3260 1.110920606115428e-17
3261 1.4841458679399108e-16
3262 9.412043463989903e-17
3263 8.391139242580324e-18
3264 0.11163427498921424
3265 3.7806716358756966e-17
3266 2.6357977700896454e-17
3267 0.019417035305239666
3268 1.4793253832885352e-06
3269 4.5920765244335624e-11
3270 1.0642533404156793e-08
3271 2.458629713914826e-25
3272 1.2412771829093408e-25
3273 3.303403511057571e-10
3274 1.2027730151837469e-14
3275 2.5624946079317908e-18
3276 1.7205193029587602e-07
3277 0.004559314558748496
3278 0.0008541905098461981
3279 1.2945106082441136e-06
3280 1.1999604051677306e-09
3281 5.780627428446316e-15
3282 7.240517717317076e-20
3283 5.0568845270310067e-17
3284 0.2059364678484885
3285 0.26229639306568814
3286 1.471596703866379e-20
3287 4.4965972797000074e-18
3288 0.09822117213045925
3289 4.700946404769143e-13
3290 4.200129280050641e-17
3291 3.6806990142445014e-17
3292 2.270894472649062e-11
3293 8.700085952066105e-22
3294 9.502077310319103e-18
3295 2.0117116436694683e-19
3296 1.2358273677561217e-22
3297 6.080817423033304e-15
3298 1.5405463614803602e-15
3299 6.806130207939669e-09
3300 1.6832404962722688e-07
3301 4.670162945247014e-16
3302 8.091086325628379e-22
3303 4.042663803194541e-16
3304 3.312491577138621e-22
3305 2.9921449688383254e-16
3306 1.910391700866588e-06
3307 3.3274167022158663e-13
3308 6.402492261246042e-26
3309 6.501655989770959e-21
3310 3.641061807995832e-19
3311 7.143169246599234e-11
3312 6.453719085702422e-09
3313 9.75785354267023e-16
3314 3.42810825859949e-27
3315 2.5282118874520545e-06
3316 0.08177293920729234
3317 5.3455992169267494e-15
3318 5.336356879713227e-06
3319 7.770257587173858e-32
3320 3.1866953303786304e-07
3321 3.817503727176435e-11
3322 2.500718211382327e-06
3323 0.03634802710291921
3324 2.101928700590287e-21
3325 1.5588797433477205e-06
3326 3.878388594031085e-17
3327 0.07789550220873274
3328 1.0297826556292263e-08
3329 1.7948365495578208e-19
3330 3.9788412457963896e-10
3331 4.883558026783222e-07
3332 2.0125756561626174e-08
3333 0.02487803950802882
3334 3.3517985817600245e-18
3335 0.015999930196494434
3336 3.03073746332637e-17
3337 4.3618118605403496e-12
3338 1.1187031103118031e-25
3339 0.05885099968965339
3340 0.048942374909808774
3341 4.830377250168304e-05
3342 1.654957182970262e-17
3343 8.321252616349223e-18
3344 3.2462877125797286e-17
3345 6.39124888177271e-10
3346 3.643231709136748e-27
3347 1.7193594787373355e-18
3348 1.708723037742549e-24
3349 4.295019326633899e-15
3350 0.03891047055241262
3351 0.0690583627023577
3352 7.956763483857115e-14
3353 8.189846859153323e-19
3354 0.04836454589658309
3355 2.5406341946172654e-20
3356 1.1347608626073636e-08
3357 1.0452385617865115e-17
3358 8.463581891301573e-19
3359 7.48028105846467e-11
3360 0.07294378465091005
3361 7.393195793485738e-22
3362 2.686175971809478e-18
3363 7.559404722500387e-10
3364 0.06470416555266865
3365 5.902790911204212e-22
3366 1.0110088169611391e-24
3367 0.050154559703623064
3368 1.291075534406729e-21
3369 3.5162943511366655e-08
3370 2.1985446588202032e-20
3371 2.681677698861789e-07
3372 0.06833602224788671
3373 0.04377089520087985
3374 0.028911205325147852
3375 2.5263199067039522e-20
3376 1.6185198327459119e-13
3377 0.003522750180569049
3378 1.4960928461622283e-08
3379 1.5869318887676207e-23
3380 8.715074840156315e-22
3381 0.09051011267042999
3382 2.3951433869319797e-10
3383 1.5230991626706923e-06
3384 2.8747187497723388e-27
3385 0.014988661801244224
3386 7.143710678365218e-07
3387 8.700201236910139e-18
3388 2.280545556922167e-11
3389 3.6901449349285384e-18
3390 0.12613664284859377
3391 1.9767354428781615e-10
3392 0.020874215233483567
3393 2.8164041946151356e-08
3394 1.648013022486453e-08
3395 6.273756223023101e-20
3396 0.013439525561267037
3397 3.5862686570619445e-17
3398 2.6363094717576945e-17
3399 6.349931698831135e-10
3400 3.1589517840628477e-15
3401 0.1216064934382176
3402 1.678974218795278e-15
3403 0.014581550525364598
3404 2.3331032394899177e-08
3405 2.446793476895134e-14
3406 3.799613881986927e-19
3407 9.44987691063268e-12
3408 4.757696711432579e-22
3409 0.015153785390836338
3410 6.4023663581039864e-12
3411 0.011898507415954942
3412 2.499756003360251e-09
3413 1.0586704834004632e-08
3414 2.2125854659797626e-17
3415 1.4829489192099782e-07
3416 4.0616493959383046e-17
3417 1.772496082454476e-21
3418 2.633335488661178e-11
3419 7.601702964578781e-11
3420 6.374317425596209e-14
3421 4.9817943026813126e-23
3422 5.510276054538657e-19
3423 5.659834342993731e-07
3424 1.6824393036749547e-17
3425 3.594405154947033e-18
3426 1.6675637583814187e-15
3427 6.532509362366353e-18
3428 1.0476793715764046e-11
3429 1.0922664581423917e-21
3430 8.271716077100785e-18
3431 3.444528320960811e-10
3432 1.4099041444573157e-06
3433 1.715531338841466e-09
3434 2.1307972577731943e-08
3435 3.852692537186176e-20
3436 4.128150998387022e-09
3437 9.054400313872984e-21
3438 4.758140574152613e-10
3439 4.7589889223210156e-07
3440 1.1836198639802063e-09
3441 0.07879779770114144
3442 4.97168218833537e-07
3443 4.833708487488656e-08
3444 2.8081364546035106e-09
3445 8.940186405249922e-18
3446 0.00048293024691671
3447 7.774564865321565e-20
3448 2.339857113730024e-09
3449 5.063810071136147e-10
3450 3.171045784059398e-25
3451 0.020028267116119818
3452 1.8797511278874276e-14
3453 5.85841028887557e-10
3454 1.636958098515635e-18
3455 2.5134307394007248e-23
3456 4.888066799002981e-10
3457 3.144880682804483e-07
3458 2.4410711445947462e-15
3459 3.5321338012347476e-17
3460 2.1581197702967646e-16
3461 2.089373789997906e-17
3462 5.183801555314948e-26
3463 4.2024252149213265e-08
3464 5.874915308294218e-18
3465 1.0578096233849333e-15
3466 1.036276304075724e-24
3467 0.04962201962344844
3468 1.049456030923196e-08
3469 0.00122906631788452
3470 3.851790529112002e-08
3471 2.938754196952139e-21
3472 2.1454898137121972e-20
3473 1.73935764208397e-21
3474 1.7022145651988386e-18
3475 0.012251500552718423
3476 5.08958722059045e-18
3477 7.866677533610926e-26
3478 5.881562080246653e-10
3479 1.61478273859623e-19
3480 3.521134030922454e-06
3481 5.252619046471652e-15
3482 2.750844740072039e-20
3483 2.0665389695758825e-09
3484 4.647245564911089e-20
3485 8.276751962215802e-06
3486 7.807904147267757e-07
3487 0.26372742835570073
3488 1.7502275282448672e-15
3489 0.006404571507674437
3490 1.90515739829612e-09
3491 4.233559587053119e-07
3492 1.6174757258042682e-11
3493 7.595800694935361e-17
3494 2.0165881042818445e-17
3495 1.5392521585312823e-12
3496 1.0630337546613602e-14
3497 2.256514769243688e-18
3498 9.343135740873921e-22
3499 1.828505111713627e-16
3500 2.758127101105399e-09
3501 9.367065721560305e-18
3502 5.350036776689017e-18
3503 2.1053277280380636e-08
3504 0.00013373991353230003
3505 0.04477695914710855
3506 1.3999692964638885e-07
3507 6.756996190327852e-11
3508 2.012872545932067e-24
3509 1.3604103758155235e-10
3510 1.5108976297285723e-08
3511 1.0896590787156923e-20
3512 1.2991785805787292e-11
3513 1.5342906037770252e-09
3514 7.109108258566578e-18
3515 0.030242757963568345
3516 2.9911916415362743e-22
3517 7.917406927715339e-08
3518 6.980564245046918e-11
3519 1.8763876729555e-15
3520 2.439223389240581e-21
3521 0.07772334837478305
3522 5.542629512814378e-15
3523 1.4936655101610163e-20
3524 2.4085844729687243e-24
3525 0.020788854335970657
3526 1.515816209933454e-11
3527 1.2914300585284814e-25
3528 1.344039382218872e-25
3529 6.709770303186657e-21
3530 9.294292874311058e-20
3531 7.551345889415064e-18
3532 7.171146185932353e-16
3533 0.08652461053144993
