0 1.4730458624936715e-07
1 0.00020784490559123438
2 1.092800555244047e-21
3 0.001957573806967227
4 3.365211558202588e-07
5 1.1745182309095038e-08
6 5.4408023221567854e-18
7 1.5543151746521813e-23
8 1.350428681206602e-27
9 2.4539215277412473e-41
10 3.5010626171921187e-15
11 7.434567747506726e-19
12 1.9254267751734743e-08
13 1.1614402546689986e-39
14 3.933295285888582e-10
15 1.48915534123076e-17
16 7.205590173039957e-20
17 2.2946743061208972e-14
18 6.494266914199395e-23
19 2.4609568053710278e-24
20 2.590665906806854e-17
21 5.093582070128303e-19
22 5.1342153761192496e-05
23 1.1510392505904594e-17
24 0.029710808291609787
25 0.04075981901411115
26 1.2029657493902384e-35
27 6.578379194697111e-39
28 7.555865154517456e-13
29 9.82309803275872e-10
30 1.1442342804802912e-39
31 0.07773370545338122
32 8.490711160117787e-58
33 1.2819666579537123e-16
34 1.3336898115995352e-09
35 5.758284552742891e-23
36 2.1179267454127272e-07
37 8.458784589336311e-10
38 7.474251418218935e-05
39 4.06333228015481e-10
40 1.0331405115962664e-28
41 4.4594576168579e-38
42 3.5714799216430383e-19
43 1.0382236565151859e-11
44 5.593943767156819e-17
45 2.793466966366006e-07
46 1.9167855899763987e-06
47 1.3096987217744048e-07
48 0.05467548793633887
49 5.253287648165028e-11
50 0.00015202122705111122
51 3.59175878148271e-21
52 1.4356379435873856e-13
53 1.0520312377934194e-15
54 2.105001639963149e-10
55 0.0015440275485131471
56 5.163793532174126e-13
57 2.2877473510479626e-38
58 3.846038476868077e-09
59 0.0002743183639671756
60 0.0011610715887149198
61 4.158629571119492e-09
62 7.076572637089414e-08
63 0.00018063501036075808
64 1.1517070710979268e-14
65 2.6952039190889912e-05
66 3.790097888671656e-05
67 2.3772039588037787e-32
68 1.2309737533801854e-16
69 0.0016657812273274356
70 1.2117290506657837e-07
71 0.07711605313407835
72 9.622600688045211e-49
73 1.1890614995327589e-56
74 4.140359322075104e-14
75 2.3445357191498463e-09
76 0.08342184359098315
77 1.047562083358726e-07
78 0.05716006188628653
79 8.531620046186555e-05
80 4.3745134817821545e-12
81 1.2743574234997344e-09
82 5.9345018819202036e-12
83 3.581719224029006e-46
84 1.3563219494949797e-09
85 2.763669233150539e-07
86 1.8133455773346707e-07
87 3.4106045861790583e-10
88 0.04188128330616624
89 7.34207850882802e-09
90 9.195083318016492e-10
91 9.792911628521494e-10
92 8.769193075422592e-22
93 2.9707844881687084e-08
94 2.644659498460902e-42
95 2.84587215477462e-38
96 5.463975207486515e-24
97 0.034274293822277285
98 2.3873501223959716e-05
99 3.335722892477322e-08
100 4.955642900275736e-14
101 4.132860867085875e-08
102 0.08386733329407621
103 6.717463860077207e-06
104 1.0122922134450572e-07
105 3.338626665172496e-39
106 5.394838869989442e-26
107 1.7541279867180326e-10
108 7.252558277529668e-10
109 7.748091912785177e-06
110 1.2961422388964324e-09
111 3.3937792618842347e-48
112 7.194692920984048e-08
113 1.320297306975575e-30
114 1.6166214202494264e-05
115 1.2627131403113723e-17
116 2.2545500001120018e-11
117 1.4340890838376975e-18
118 1.4058608272350844e-09
119 0.00762696804413418
120 3.404854104452564e-13
121 3.815975937091948e-09
122 1.2858925373856422e-12
123 1.766294650491468e-22
124 4.0430755972927807e-11
125 0.0014452959126973763
126 1.1475199149733572e-11
127 8.126991028955661e-06
128 7.354142288428541e-09
129 2.8784563574126935e-11
130 0.032833258403325016
131 1.945643156501351e-57
132 3.438681329976901e-12
133 6.016972150734859e-16
134 4.117933025589858e-09
135 2.47820491854169e-50
136 3.6744828161525893e-11
137 6.877618639883823e-28
138 4.1625951834821356e-38
139 6.424607865365295e-11
140 5.8887347666042485e-12
141 1.9515219804052162e-05
142 1.988073069054707e-06
143 2.975631246673274e-13
144 0.0632843022530588
145 4.835588881588723e-05
146 5.505865302673505e-10
147 0.023978946028458428
148 1.429344883851549e-29
149 6.628544219837905e-11
150 0.026574026004610507
151 0.03307139431404424
152 3.7327132833315015e-09
153 1.1126220509692722e-29
154 6.466576212358478e-16
155 2.1398787161504486e-12
156 0.03734143961284157
157 5.615690236170938e-06
158 7.879597535986221e-12
159 3.8930739512060096e-09
160 3.125568330600825e-10
161 4.3634012966821586e-14
162 1.9130765972964815e-48
163 1.5620114953710776e-09
164 2.048850670997999e-15
165 1.0909840655551573e-05
166 4.095924421584286e-10
167 0.00028239067827020827
168 8.88022268450102e-37
169 1.934169863937429e-10
170 2.5980240569721323e-14
171 4.985927518855048e-41
172 3.277371672840291e-17
173 1.2893679150676874e-14
174 1.7441391773762164e-10
175 1.4694997274077619e-13
176 7.785171973534828e-25
177 4.85994256369136e-05
178 2.205140171637261e-09
179 1.383125673650247e-25
180 0.00013114498523223426
181 6.0994459515304905e-44
182 1.0355877484312542e-06
183 1.056240376328844e-15
184 9.182262997792142e-05
185 1.5821938901993438e-09
186 1.0540393842911042e-06
187 3.503821693683124e-06
188 9.852413567238494e-13
189 1.7712230380428387e-11
190 2.414181196231621e-07
191 4.40740615710291e-07
192 1.0610082907359414e-05
193 1.6576576549026406e-46
194 1.4855576627341608e-09
195 6.081052653786089e-14
196 5.181132216943743e-14
197 4.663235522474236e-21
198 6.681562975436885e-05
199 2.124334861512859e-20
200 0.00018977245767477232
201 1.7912111291618745e-09
202 5.546408655943919e-08
203 8.797176662045282e-30
204 2.340710209681079e-10
205 1.3121417721877264e-16
206 1.7296162335658662e-15
207 6.569550384820831e-19
208 5.733677493711782e-05
209 7.477055501986874e-12
210 6.652422025214931e-32
211 0.00018859786143226665
212 2.96721161441706e-06
213 6.726320771091453e-29
214 2.02713868625668e-09
215 1.5188587217057165e-16
216 9.733242443909425e-37
217 1.3898498348141932e-16
218 0.012782330551395701
219 1.5421481368715936e-10
220 1.9409943254424442e-24
221 2.075804349692686e-16
222 6.649141238206185e-13
223 2.0906334840144027e-09
224 1.5220676575059243e-28
225 1.712056896503896e-08
226 7.936283504745935e-10
227 5.90398135543375e-39
228 6.612366550175431e-05
229 3.4275635196728933e-17
230 9.973648133356575e-09
231 7.588423400798452e-09
232 4.233547037017329e-09
233 8.858970365121022e-06
234 1.8677539311537362e-11
235 1.9779916987370257e-45
236 1.7918087948190807e-08
237 3.272759584513185e-39
238 9.603736520202135e-10
239 1.167116740129735e-28
240 1.1523207251782087e-10
241 5.765988565003718e-06
242 3.338126207348619e-30
243 0.0007751356261132702
244 0.01927502910127535
245 8.60867925039023e-36
246 4.4525038553499846e-36
247 2.7260456525825384e-10
248 3.624983504024713e-59
249 0.00042097142156452446
250 2.7388283308296307e-05
251 5.2499042928596206e-58
252 2.3325733190004683e-07
253 3.4589161443799035e-13
254 1.0294381456569343e-33
255 5.1156545262296623e-11
256 6.840823462836078e-14
257 7.705486583624943e-52
258 2.5922190252900957e-11
259 9.939209409468572e-36
260 3.688185499611297e-18
261 6.802895427296916e-12
262 2.1616098053068473e-07
263 0.008563243423705739
264 2.770619133290325e-10
265 0.011971232083151977
266 1.0658667892083884e-25
267 2.2527335796685174e-06
268 7.336680934909922e-08
269 0.0003454523648003042
270 6.364952555221471e-11
271 1.6927312205229154e-05
272 9.24002719696371e-06
273 6.638094034577141e-28
274 0.0005150994975966088
275 8.235952891284403e-13
276 0.10748845658373861
277 0.12487453513430154
278 2.397042447693091e-09
279 7.979495549239208e-40
280 7.970394235251129e-10
281 1.3336545132449773e-05
282 0.11871046159089288
283 6.308896272712076e-50
284 2.6019310911398416e-10
285 2.0858673316089535e-05
286 6.202244542395214e-05
287 1.3523610280464998e-23
288 1.3911599776430961e-45
289 0.0035459851665602103
290 0.0017757171078872777
291 0.0018309709499414626
292 0.27700350254340433
293 1.3985316403931317e-06
294 2.05407580230482e-43
295 0.013360261754589292
296 0.0039441038501645915
297 0.009795825481746748
298 1.6122631070899038e-07
299 8.514356906889999e-05
300 8.694822023540968e-12
301 0.047228166355764045
302 0.00022568894885773626
303 2.6354511013185605e-36
304 1.8732445127116755e-05
305 3.147083865451757e-11
306 6.218284062050751e-05
307 0.04322347166356532
308 4.185398860102181e-11
309 0.000247521365354157
310 3.475740277121257e-05
311 0.07209865636879335
312 9.015286764754465e-05
313 0.0005001013202481047
314 5.5026787326001905e-11
315 2.5922365150149236e-05
316 0.00010059279138309506
317 0.030511321276002968
318 0.17287176636044407
319 4.84168041486475e-09
320 9.081263740337729e-11
321 0.00010745629267073256
322 1.2809808604005004e-12
323 0.00018685459173869697
324 0.0010112845903485104
325 4.676269494037871e-05
326 0.02243042452905855
327 0.0001631046281973976
328 9.911424665645079e-21
329 7.596439192648978e-05
330 9.088593781810466e-05
331 0.00041503448441209317
332 0.366132594049283
333 0.00012065753750833331
334 0.3800137741193929
335 0.05399857679719304
336 0.00012918480079826363
337 0.302505141799485
338 0.46751437911768523
339 6.641875235740401e-05
340 0.3879654660283574
341 5.236571627280546e-06
342 5.4124959868048e-08
343 0.0001649183476106693
344 6.733006703656658e-09
345 8.705721973694883e-05
346 0.00017013927455709115
347 0.0007848930245311626
348 0.4546589681515849
349 0.5230566182592568
350 0.27036235983483814
351 7.042674662946452e-09
352 2.4751207632633976e-07
353 1.3595977524341115e-13
354 0.5135493682158514
355 0.5403119118023558
356 2.6789130673269477e-05
357 0.48315285262402125
358 0.21789509391611644
359 4.504582988712508e-47
360 4.586027890432575e-29
361 0.21124924294943417
362 0.07304714736286987
363 0.18751601325204864
364 1.2051201376030807e-20
365 1.7083395334101637e-17
366 6.965922351990596e-30
367 5.443892358889316e-07
368 0.11006709676088401
369 0.4766135921590834
370 3.256612737768748e-06
371 2.9358679661512543e-07
372 5.267117466104981e-06
373 0.00014863590267267078
374 1.0795902136674351e-12
375 0.44953013783211476
376 0.09781209590765365
377 4.4522398520041894e-13
378 8.633363961025701e-08
379 0.4299115830105111
380 0.36310853307365226
381 3.3645071420979386e-08
382 3.8184417899364546e-19
383 0.09431337089666206
384 0.667925430682868
385 3.12262686559611e-30
386 0.39655772748960477
387 2.7976952119744892e-12
388 0.043634835719190676
389 2.67133107082919e-18
390 0.6132209007624312
391 0.0003421398893331266
392 0.06754171587119231
393 0.0002144283117272008
394 0.2778071968696524
395 0.033023946571975576
396 0.29725522061518334
397 2.599347629125293e-22
398 8.930110788439753e-05
399 0.06658542039357111
400 0.05406399567390384
401 6.396974220407097e-05
402 4.879177906206945e-29
403 0.09189741396627044
404 0.8103622949395888
405 0.06487661581754733
406 0.8057976500695099
407 0.00022282615356156204
408 1.0273028044637698e-09
409 8.814544668710599e-07
410 0.04555429992660335
411 6.646038559698472e-10
412 4.0491005937664385e-45
413 0.39678672118995145
414 1.4429133400547265e-31
415 1.2758689413452588e-36
416 0.3351435697563979
417 0.7246883205726179
418 7.1478417999558514e-12
419 0.7765213277277601
420 0.16753647824881268
421 0.0466707587641096
422 4.627164566494981e-05
423 1.9098519378730226e-28
424 0.4838908939593809
425 7.25867474434213e-47
426 0.1293244532087826
427 0.5557989996843103
428 0.5356917485259022
429 6.984055290640954e-31
430 0.20631825388455152
431 1.2318005891917091e-30
432 5.85176100785479e-07
433 0.03142994814263144
434 0.00016076790762443126
435 0.0015865368889262203
436 0.38093620977145715
437 0.24315012377335313
438 0.2981276460029408
439 4.8236553305332667e-05
440 0.47388090695859414
441 0.05116327118560487
442 6.088654345925522e-05
443 1.050209885388321e-11
444 4.324835545668178e-31
445 9.193134969462185e-05
446 7.236150427884749e-05
447 0.7643228700128699
448 1.8481549578858625e-26
449 0.0001096878884659828
450 0.03291908199801557
451 2.1045064736836676e-29
452 7.06890647443114e-13
453 1.1100060274897411e-12
454 1.2357782063558738e-51
455 6.227875350229705e-06
456 1.4850828225199632e-10
457 1.5218833052584843e-11
458 0.7317758454168907
459 0.005309334307785399
460 2.1925682623466954e-09
461 0.04557069701923599
462 1.0108699143192023e-29
463 0.00012734282952932459
464 0.7956199623059367
465 4.8376447689414095e-08
466 1.9894120170280885e-05
467 0.0007023268630317325
468 0.0009368955720750174
469 4.3553680195617263e-39
470 2.983273222632244e-05
471 0.04870402890128492
472 0.8215269939690124
473 0.030299037904164078
474 1.3303369995533374e-50
475 1.426748207768244e-10
476 0.05088187580011684
477 0.05034466287547729
478 1.4617681240655952e-11
479 0.02810495329032263
480 0.32251459715719016
481 0.28761791077673243
482 0.12023328704965193
483 6.525931058534723e-11
484 0.6141978334452828
485 0.19110683179879273
486 0.06480234334933388
487 0.2537011801136871
488 2.1318665125315974e-23
489 5.594055658104286e-10
490 1.392127396913217e-10
491 2.2830251661489423e-10
492 5.925730529118125e-06
493 0.03386688686543933
494 0.0500446813271037
495 1.5719553711248858e-06
496 0.09083759608944678
497 2.2735672826208326e-10
498 2.2409830866798053e-05
499 0.6815200590191903
500 0.03636755561141869
501 0.00040343671427042586
502 3.3934577052098974e-11
503 0.3210320116928212
504 0.28167526115321917
505 0.2738321309341315
506 0.07437029388975344
507 3.536247387697235e-05
508 4.4821764652626566e-12
509 2.2682207500538753e-13
510 1.722367998959279e-46
511 0.35548341725725957
512 0.22399432368241673
513 0.00015931546888691892
514 1.0664684911624777e-06
515 0.0009734203802716139
516 0.1541385497302288
517 2.6717184205478208e-15
518 0.005732675566236636
519 2.2634457885179415e-12
520 1.0403574274187068e-12
521 4.2358654074740004e-17
522 3.7613489733057026e-24
523 0.4218686212792776
524 0.001464891927598916
525 2.8463570416313145e-09
526 3.9609724526993937e-10
527 0.141541117888795
528 3.825152215323688e-27
529 0.3854100010701319
530 4.96479261303031e-13
531 7.369540305722497e-09
532 9.10201764953811e-19
533 0.0833106896755458
534 1.3544540994429304e-10
535 0.13390878171521697
536 0.0006834380068165118
537 2.2670306367292965e-12
538 5.179810468039103e-13
539 1.1948023645301646e-13
540 1.842458845657081e-35
541 4.0694637128302327e-53
542 0.2969605423915017
543 0.15502432963867757
544 0.11896598824826392
545 0.5037151740762551
546 0.1464987276570171
547 3.75497480973217e-05
548 0.0012649648088054292
549 0.0012566175972196494
550 0.0022272852519029792
551 2.4432914200149563e-21
552 2.774410353279773e-38
553 0.11250763108265394
554 6.492620212565758e-05
555 1.606273992392786e-07
556 0.0009807426408485116
557 0.00028206264605702675
558 0.00036063116928512393
559 0.21198552772183227
560 0.1962675194669151
561 0.001584803861347414
562 7.784244541542173e-05
563 5.076864946538792e-22
564 3.9777469552599675e-19
565 9.408573885603862e-11
566 9.825958729481277e-19
567 5.419549625856932e-09
568 5.481023176958712e-36
569 0.0007588002046766621
570 0.0006507476317800109
571 3.1865540945362677e-28
572 0.3050999041219685
573 0.07090282643032982
574 6.667913089970173e-36
575 0.06346047428308473
576 5.9932238842226745e-12
577 4.516268508181977e-10
578 3.698670822850286e-05
579 0.1642873497013621
580 1.1050463948920578e-13
581 7.097300649819614e-10
582 8.432419165157279e-13
583 0.4735708599168281
584 0.10215686830114755
585 2.776785905770278e-13
586 0.0011382679901135275
587 1.6883516109022749e-37
588 9.739149259923526e-09
589 7.981438651747629e-23
590 0.004178964713791526
591 4.152707232651179e-05
592 0.20406642221066712
593 0.007482159169598335
594 0.00047569923476621775
595 0.0007923215553846929
596 1.480279556564301e-55
597 6.628654333678131e-28
598 8.746425981763684e-12
599 1.663158593620723e-50
600 0.029393259232481653
601 1.6793238085646455e-07
602 8.961047592829474e-13
603 3.0517792994438963e-18
604 0.08764836844902525
605 6.994732225179626e-05
606 0.0015044599465341816
607 2.1408954272018077e-18
608 0.00010850219834857088
609 2.963933470267518e-14
610 6.600701019474774e-14
611 1.0672047910635918e-09
612 0.3880551822528501
613 1.5207274978816194e-07
614 4.857463167979722e-14
615 0.007646003707072588
616 0.12453074321517665
617 0.00025775839618119215
618 0.20691965040843743
619 4.1627944388501514e-06
620 0.06132067593244937
621 1.2615575138745162e-34
622 0.20515254448675665
623 0.0007824446528989959
624 2.7758414545145927e-14
625 0.001863357435173238
626 0.002997644906366723
627 0.03255358182913282
628 0.45772434560005876
629 2.1619661004790622e-13
630 2.160374712429539e-05
631 5.037967170684538e-13
632 1.8928883411120865e-09
633 0.0002487838902548255
634 9.239650643354097e-36
635 4.694872762644579e-34
636 0.35374360879849487
637 1.4686912539706172e-43
638 3.849644874652524e-09
639 3.934092952318362e-23
640 0.001844220651024737
641 0.0005149298817879339
642 0.4400132782689472
643 0.16634172067041214
644 0.09659328991355905
645 6.0743660810869035e-24
646 0.014935026472691184
647 0.013540232105357314
648 0.15140001222034616
649 2.0427758789768804e-23
650 1.289429569437403e-05
651 0.18129994312892547
652 0.008477368768767151
653 1.4684677283402315e-27
654 4.976095085896757e-37
655 1.3436393761654488e-36
656 0.4590906445464963
657 6.562474157798204e-10
658 1.0133530775087309e-28
659 4.0486644273320856e-19
660 1.2818268184076151e-05
661 2.4772266325771596e-36
662 2.263704790848601e-05
663 0.08972009027249499
664 7.645850244703144e-13
665 3.481559678382222e-14
666 6.373572414803914e-09
667 1.7885177122707636e-07
668 2.4027416531758657e-06
669 8.973269661986278e-06
670 0.00021116125816422694
671 1.2796979129643053e-08
672 9.83923640459176e-10
673 6.254813490929089e-41
674 0.062146461785657886
675 0.5711613167930313
676 0.00013697550702246962
677 0.49639593218326516
678 0.5383955442746303
679 2.8800572484660692e-05
680 0.00011099085293567545
681 3.0217767584628104e-05
682 2.106388903216576e-42
683 3.010973932888145e-09
684 2.822429483831395e-10
685 1.746487531915208e-23
686 1.3169093995736121e-09
687 0.015353865245402491
688 1.434063709709643e-13
689 1.4806460251310718e-08
690 0.0001403186438992941
691 0.39628234114587435
692 9.454918456754031e-15
693 7.95173370655487e-18
694 4.574597622050328e-35
695 0.03142246546497465
696 0.0014334715567096692
697 7.183210124323103e-35
698 0.0010067527176396808
699 2.589022963282862e-07
700 0.1366642729867318
701 5.866674315113394e-08
702 2.373000846316824e-05
703 0.020278344125496645
704 3.030025235590634e-08
705 0.021651227419154272
706 3.1216373621112257e-10
707 3.7345640123634217e-11
708 1.2323303178349758e-26
709 8.523267568806683e-36
710 6.526337641811783e-18
711 4.5334171985750804e-11
712 0.5612983924603782
713 0.08653005628020057
714 1.5168455109853892e-25
715 1.238866380882379e-33
716 1.5030653699817221e-05
717 1.5371424195520473e-13
718 1.7812850159368966e-09
719 0.001672309362070358
720 0.01573177952972126
721 0.00013369385264479434
722 0.011695149317340222
723 0.004509922341152782
724 3.7353091923515707e-06
725 5.071503586544864e-34
726 0.027441203996250753
727 4.8432492282683824e-08
728 7.470976510219661e-32
729 0.6159600701453201
730 3.11436788770685e-08
731 1.9751097444751742e-24
732 0.5208802144868607
733 5.646481831786646e-37
734 4.997132167569056e-35
735 1.717609633949812e-25
736 0.4025980680191071
737 0.11735205570172556
738 1.0619961110700197e-32
739 1.495909849094119e-34
740 1.1095150268258919e-08
741 2.887219867333163e-33
742 2.5107334045520593e-19
743 0.02273146274348055
744 1.3213059895197813e-08
745 1.4840188729238312e-25
746 3.130757174673018e-05
747 7.006178410557227e-06
748 7.771546577485727e-23
749 0.12008806193079122
750 0.013567926470414642
751 3.2965198769926773e-09
752 0.19508336682211413
753 0.06857672212664294
754 1.0927406685563994e-21
755 2.8544465064501046e-05
756 0.006163674414680484
757 1.6483966820726038e-11
758 1.300406176325097e-35
759 0.173757918842021
760 0.14760192691508497
761 0.6899681212974773
762 2.0297022465829467e-24
763 0.0006224173707098052
764 4.326482330899736e-09
765 0.0014014882457825182
766 0.05751082501061963
767 7.843784731074648e-35
768 2.0030135804842273e-34
769 0.023018023352459907
770 1.03209879211045e-19
771 0.09963936057909611
772 0.013403065782477493
773 0.022437332475932478
774 7.958599651518606e-21
775 1.0088338218613572e-10
776 0.12686796854168697
777 0.02179273506998318
778 0.03842528691408014
779 0.00023240451154235515
780 0.1244305134047362
781 0.001247620837588189
782 4.028798315297124e-28
783 1.4966674494431297e-06
784 5.52183508490596e-27
785 0.009296898428202414
786 6.407497432555059e-44
787 6.312739457458299e-30
788 0.005614746921634403
789 0.0006150213879385711
790 0.45135157826691436
791 0.0018138583944151145
792 2.0840795497425276e-24
793 0.008368733503335384
794 2.5257606606456877e-21
795 0.005413854550764989
796 0.43455259046967676
797 1.4610974788921566e-15
798 2.0208816746665077e-10
799 0.44348730696769595
800 0.031774731810195134
801 0.02067986790321122
802 1.3347351209709598e-33
803 3.762824840593288e-08
804 1.8083406372517473e-30
805 3.518926352918503e-27
806 6.108639347465638e-17
807 3.913226931591477e-15
808 0.5750258391796632
809 4.1295464758344206e-05
810 0.19119732704110212
811 5.947735318971901e-12
812 5.992678095331699e-13
813 3.4550856627150236e-11
814 2.0144104544889326e-06
815 1.4116062617578907e-31
816 0.0013816520490610947
817 4.2034588888683645e-40
818 3.580626812560524e-08
819 6.649646616213245e-08
820 4.43844591624037e-05
821 1.0203466176717007e-08
822 1.0645849161902125e-07
823 5.3884895481118966e-33
824 0.0008827756466807759
825 0.002809871508672937
826 4.323594595575605e-21
827 4.51587844937177e-27
828 3.9630822404592787e-10
829 8.054236793167768e-09
830 0.025432690940390325
831 4.099344797279043e-09
832 0.12365772497928558
833 0.0006056876716359531
834 1.2011143900961233e-07
835 0.0004299425648073311
836 1.1081719274086367e-21
837 0.18041323755170396
838 2.8445891870458613e-07
839 2.0497510191447295e-08
840 0.0035266785647394983
841 0.0017530388928062184
842 0.44903568287812734
843 3.356590487857428e-07
844 0.0019950548600609647
845 1.028485546791359e-07
846 0.041669006787810665
847 0.17473656276375132
848 2.0211955632394733e-36
849 4.719147310682551e-29
850 0.09451707475747063
851 9.382089475851438e-07
852 0.009829815922239908
853 4.1598561006688873e-07
854 4.00600338071622e-33
855 5.061774340548813e-17
856 0.021799069358182748
857 1.1759980575614523e-42
858 1.1356532349432702e-35
859 5.770547408751216e-08
860 2.472472706690159e-22
861 3.2471299277254454e-10
862 9.905875677799537e-05
863 0.029033386092000013
864 0.0006039140504209034
865 0.0027027143273506507
866 5.569591395961664e-24
867 0.0030921543348783327
868 0.12789818677404513
869 1.849291670146748e-17
870 1.6581916543137687e-18
871 1.2821605313171284e-05
872 1.5345739247191313e-16
873 0.0012071627203143122
874 2.1165026209631684e-08
875 1.2767334405117382e-27
876 5.3095725894207325e-09
877 0.00512103820131983
878 0.029484425532529408
879 0.007350551407634227
880 0.013544328371291575
881 2.9926403676624413e-07
882 7.169861419340896e-06
883 8.272585094347568e-15
884 0.00391928085728144
885 4.561469263920161e-06
886 0.002821132568791655
887 1.0861374474126397e-11
888 8.955697862135616e-31
889 9.81040115924254e-16
890 0.0028992593519461735
891 3.047837484579372e-20
892 0.3233130853846
893 0.022781371277456976
894 4.480538049260757e-16
895 2.7172383323317903e-20
896 2.573096229017911e-15
897 0.005144504201572444
898 2.74936472150339e-19
899 0.10376926510390598
900 1.4471519999345657e-21
901 3.3730181431681403e-22
902 0.0014845569002521304
903 0.2774444383981976
904 4.236791214128171e-23
905 0.07621716197765915
906 0.14280589393223497
907 3.171435580763638e-54
908 1.7239710994260034e-06
909 0.056472665584726925
910 0.00017950120392018343
911 0.02981542706824964
912 5.642384054326119e-26
913 1.8978649731180033e-29
914 2.646781945045289e-07
915 0.360434040946672
916 3.813924555405507e-11
917 6.094611702418778e-17
918 1.0804435082546128e-19
919 1.3988477365300027e-32
920 0.011821125759986726
921 0.0001757097572796242
922 0.026665576485696965
923 2.935542292752024e-06
924 0.0037155139508515986
925 1.8165036305542367e-34
926 9.937227277465132e-27
927 6.290224473832567e-18
928 0.0001374453262657259
929 2.5263940927769583e-05
930 0.3112216153678944
931 0.00016904013201281967
932 1.4399916670417717e-15
933 0.0017143193949171306
934 0.5989578334374237
935 0.014257983147000856
936 3.649211660753461e-10
937 0.07452981089833322
938 4.152560319011842e-31
939 5.803605650674332e-24
940 0.00014779655518231695
941 0.00010191525122503556
942 0.5287378795728801
943 1.2938142154920304e-10
944 0.2640313399781855
945 1.814781402962479e-11
946 0.0021880053555416385
947 1.2663819087098139e-05
948 1.8895927479885122e-10
949 6.297980204244365e-11
950 3.775125377696945e-11
951 0.002404329479396649
952 7.798508736728995e-07
953 0.6482089375914586
954 9.975021664112959e-12
955 3.998406870140889e-08
956 3.740287821373779e-06
957 0.24773696090373037
958 0.37493013859628627
959 6.38372869872302e-10
960 0.04791810279475955
961 6.158462207857628e-08
962 0.20960156646090342
963 0.3382874637373356
964 6.00917912391231e-34
965 3.446462705103648e-07
966 0.001696769924528875
967 1.0903795540814412e-20
968 2.3663366011558724e-23
969 0.5640108433637989
970 0.38560947671149115
971 6.044256835366431e-21
972 0.002344401556908148
973 3.5833667962699477e-09
974 0.009318030531150856
975 8.652435213992383e-08
976 0.0057618885389777675
977 1.0217882361717744e-07
978 0.022880064844042744
979 0.02464298365649982
980 2.1198910303861235e-20
981 2.1417882042453897e-09
982 7.30348637295992e-06
983 8.989113514114252e-27
984 0.0390857836238843
985 0.0010383016207431838
986 0.000746913403048911
987 1.1905445290174437e-06
988 2.3203745002511975e-22
989 0.689023903884812
990 2.1799942169068744e-22
991 1.5156644113102384e-06
992 0.4157662564223843
993 0.10421868590342556
994 5.587799302302804e-25
995 0.004497831236723031
996 6.9871212497925925e-09
997 2.51586244136921e-17
998 0.00362056204809876
999 0.014505616492518544
1000 0.5941099414491243
1001 2.4234930827016472e-06
1002 9.961211220627377e-07
1003 0.38957034696192744
1004 0.5596147218245054
1005 6.283532726807613e-15
1006 0.005659060623445981
1007 1.2475909953468297e-23
1008 4.625603786188313e-14
1009 0.0044708654628744585
1010 0.00019144043410729647
1011 9.966516761765163e-16
1012 6.66140668202041e-26
1013 0.0005838295674851875
1014 9.349330316894334e-17
1015 0.0020018530374095365
1016 1.8948486007730207e-24
1017 0.0002749273686695194
1018 0.00026743544193587386
1019 0.000509680321382403
1020 0.29365824343721203
1021 4.900354737365258e-06
1022 3.661546051251633e-13
1023 0.00016659933562461466
1024 2.4941653635155055e-06
1025 2.4371404584097687e-13
1026 0.00038035791257285214
1027 1.322368173166714e-05
1028 9.925225057307053e-09
1029 0.5884031598673581
1030 2.851551770405536e-06
1031 0.5221359872997355
1032 0.006708357118750495
1033 0.005235449292683578
1034 4.331680076534977e-06
1035 9.823512625761204e-06
1036 0.4801603083526193
1037 2.0135309327629267e-10
1038 0.2772182622669583
1039 0.0018557895410215995
1040 0.04100446498626343
1041 0.15073577393814877
1042 0.0013943788304718835
1043 0.1001800983696268
1044 3.892581686157271e-33
1045 4.873330201487539e-16
1046 3.962978379298751e-15
1047 0.6394096381066579
1048 0.00038362515780635215
1049 0.012261371377420316
1050 8.895852220102602e-13
1051 4.6594141828721595e-15
1052 3.129564889785563e-08
1053 4.410398714419922e-08
1054 1.8805035851008043e-08
1055 0.0004868139391340284
1056 0.07060754938901538
1057 0.023704222511314984
1058 0.0023424321031057637
1059 0.0012491458676341708
1060 0.009049329996005951
1061 0.07421835866586517
1062 2.8217269916725238e-12
1063 0.0912388198832589
1064 1.6646066204152916e-22
1065 0.00735769693781193
1066 6.720897273955971e-34
1067 0.0025703492306848328
1068 4.891076783915795e-10
1069 0.044228926546210676
1070 6.872976240286158e-07
1071 0.07566123938881796
1072 1.677254235101217e-08
1073 1.9098996330704403e-09
1074 0.11575770549003384
1075 2.8932518788678543e-13
1076 0.010739585250942582
1077 1.2728352374636576e-11
1078 4.376979312384103e-18
1079 0.0054760362261757406
1080 0.011902413473787546
1081 1.001963452202444e-06
1082 3.2414894057446265e-14
1083 0.12350480733828784
1084 0.0037195894843470643
1085 0.0022152597984214885
1086 0.0002459724845088216
1087 4.747713761396602e-20
1088 0.7708850373724382
1089 4.1649800097738055e-09
1090 0.00047870762950011494
1091 7.750754376493679e-07
1092 0.03511540661067066
1093 0.018645484027539867
1094 0.0006124850899439563
1095 0.010772011140473223
1096 8.73424639423941e-09
1097 0.10688483551028549
1098 0.009027060918744768
1099 1.0283962769057949e-08
1100 7.896743339910675e-20
1101 0.01015013754306385
1102 0.004891833912149594
1103 0.34376112806650705
1104 0.0006904935253220578
1105 1.5204446129457655e-20
1106 1.217542344165522e-14
1107 0.0018790547737373045
1108 0.16608219646452693
1109 7.672921999800502e-17
1110 0.0033978380027876367
1111 1.5173787070298473e-12
1112 0.002088692577164406
1113 0.0042213153642862555
1114 1.8016997926132387e-06
1115 2.0296651066692502e-13
1116 6.95196750722152e-07
1117 2.1852768210026793e-10
1118 4.132264196851231e-32
1119 0.6396972096931623
1120 3.3764210794539185e-12
1121 0.00809756068460967
1122 0.04250474244041039
1123 6.491072342245106e-10
1124 0.02943247373311555
1125 0.000910656967965681
1126 0.0013029968330908746
1127 0.003223793698474167
1128 2.907308950606345e-29
1129 1.2678202969336053e-15
1130 0.0011328057358319663
1131 2.054775113623369e-12
1132 0.6775643584024783
1133 0.00014942917058283618
1134 1.574881398586748e-31
1135 1.4578381247159034e-07
1136 4.2596593628915765e-06
1137 1.2068218326412614e-06
1138 0.0069503835467848675
1139 1.981783611442291e-06
1140 3.188449285683544e-11
1141 1.8369688181381275e-26
1142 1.4547978206013509e-28
1143 8.757404433115052e-07
1144 1.775933195813697e-13
1145 4.5587240046566175e-11
1146 0.008942402876171311
1147 0.00039931425879862387
1148 0.030518146524297254
1149 0.0005816530199722629
1150 0.7096853516651179
1151 7.465239827128162e-06
1152 0.05414142482728275
1153 0.3987416614230711
1154 4.994605972177286e-14
1155 4.910349270985305e-05
1156 0.4515988913881844
1157 0.0026499323502663947
1158 0.1487382967720732
1159 0.0009616529647187957
1160 1.706848850170783e-18
1161 0.004899906860389865
1162 4.9540106384995985e-11
1163 0.009434385800628713
1164 9.933489375765908e-07
1165 0.003118698591281401
1166 0.005594222708148263
1167 3.693024399235594e-12
1168 0.138790148424992
1169 0.025831048308358046
1170 0.005481436089662778
1171 2.354981601075094e-08
1172 0.001076263445216396
1173 3.797371575507757e-07
1174 4.3912494295476935e-10
1175 0.6882679841629554
1176 3.122755841495319e-07
1177 1.4536338419411943e-13
1178 0.0014121254326919523
1179 0.07178063394755199
1180 1.5007695964649538e-11
1181 0.00025927470594102773
1182 5.921297515103546e-05
1183 0.09450191449405262
1184 0.06259600109269463
1185 0.0027189596145106723
1186 0.07980238638287883
1187 0.20510767461771537
1188 0.18317150280120237
1189 9.371675992458654e-07
1190 2.0911256036004288e-09
1191 2.1020054015756015e-05
1192 3.058488898964363e-08
1193 0.003523977660528067
1194 0.002721825716801833
1195 1.8098593796686536e-07
1196 0.005342811021941914
1197 7.183436612511594e-12
1198 0.021224736527386875
1199 2.8200766875569977e-09
1200 0.00017318889332435927
1201 3.6219356771114966e-07
1202 0.1733140537780021
1203 1.5438119989516178e-16
1204 2.1389841054747136e-09
1205 0.39228549667603285
1206 1.096809120862546e-12
1207 3.977149136749505e-05
1208 0.009380992541336933
1209 6.083631414783374e-19
1210 5.598153856669917e-07
1211 0.6641967382062731
1212 0.026087492560666763
1213 0.5137905231131998
1214 1.2296220288302794e-25
1215 0.03652996215938993
1216 0.0024413497943566987
1217 1.3779209448121934e-26
1218 0.0026039725736467225
1219 0.036303990976984044
1220 0.4293522220021983
1221 1.1079686640406856e-07
1222 5.746908889597206e-10
1223 1.3017399630106608e-07
1224 1.797157609991093e-12
1225 5.506168446822466e-07
1226 0.0010769475940203862
1227 9.756064619062136e-11
1228 0.010492479718932773
1229 5.310533927409159e-16
1230 0.18758186500590987
1231 0.0364669787435145
1232 0.11491915235269588
1233 5.167904965674378e-10
1234 2.2344662979209294e-05
1235 0.0006639813391078569
1236 1.254619894551707e-24
1237 0.020675933153662802
1238 1.5362278821722377e-07
1239 0.0003363477176219025
1240 1.429621392740907e-23
1241 8.121167385914207e-12
1242 2.312061421028474e-10
1243 3.2995348769881184e-06
1244 6.770551908747361e-07
1245 0.04096882805983909
1246 0.11216940568199044
1247 5.649123147396485e-05
1248 0.08309303283462958
1249 0.4870007462895808
1250 0.004365872418185308
1251 2.044346084456229e-07
1252 0.05189786245954817
1253 0.0001322844851208557
1254 0.006156894038078422
1255 0.3311615046400971
1256 2.69312429267926e-11
1257 1.6646492312324826e-11
1258 5.73205070844498e-14
1259 2.924196589503576e-09
1260 2.8628173900539586e-20
1261 1.653141450123737e-11
1262 0.11288331279021437
1263 0.006198636936308991
1264 0.48905584803180235
1265 1.0155108813520087e-11
1266 0.3641986251624487
1267 0.004019478304328401
1268 8.681441036312324e-08
1269 1.2795355209311711e-12
1270 0.018055869386206704
1271 0.0006442134060101047
1272 2.490122627241147e-07
1273 1.1051757305461229e-22
1274 0.008071361513102313
1275 0.0002538838616942612
1276 1.2938936148182166e-06
1277 0.06710940426716377
1278 0.002276409473792714
1279 0.005822664361700389
1280 0.0015418422258315948
1281 0.0028679018395797147
1282 0.009040481816160108
1283 7.21985756094241e-16
1284 4.1172047380898426e-11
1285 0.00518198260784987
1286 1.2711078345870249e-14
1287 1.1357356871532654e-05
1288 1.0151446527570045e-07
1289 0.03367704940428461
1290 0.008543228107896251
1291 0.0012718037508177985
1292 0.006751392786006484
1293 0.008670282857526253
1294 2.2988577432373253e-05
1295 2.9670654235460232e-06
1296 0.005328220717928302
1297 1.5281984886578421e-21
1298 0.23079643749255283
1299 0.6398732134570383
1300 3.0954565081563204e-06
1301 0.1372801429705712
1302 0.09153308446418865
1303 0.05782697467404246
1304 0.00023365237909252356
1305 4.366905249729284e-18
1306 8.555504039453788e-23
1307 1.1866115373624169e-05
1308 7.455436000860337e-08
1309 0.017026506749367443
1310 0.09876415995742208
1311 0.002833108208466511
1312 0.056926809549129834
1313 0.10711030246758013
1314 0.016714216378658237
1315 1.5668470944385768e-07
1316 0.00014567966535291205
1317 0.00021655720171139155
1318 0.7259133743711907
1319 2.2854931186056448e-09
1320 5.363960747993519e-07
1321 0.000614093796474354
1322 0.0003152619231597656
1323 5.401387855555789e-10
1324 0.0005571366548597162
1325 0.6048147919263227
1326 9.237037959638851e-35
1327 0.2911614624277462
1328 0.1614749260375333
1329 4.0322394910137936e-08
1330 0.26215803920817626
1331 1.3178620872957813e-10
1332 2.6111686782462443e-08
1333 9.833572114380366e-08
1334 1.4444979068478954e-07
1335 1.3177535790607149e-06
1336 5.332306951762031e-09
1337 6.588589378304333e-09
1338 6.770636384297559e-10
1339 0.0008874032992997568
1340 0.3039729838248928
1341 0.43708036536489603
1342 0.40375418741325836
1343 8.097838947991725e-07
1344 8.364209171845394e-05
1345 0.5608547941620411
1346 0.5176500624685207
1347 0.25057363447411235
1348 5.659621274673793e-10
1349 2.535064689203757e-08
1350 0.19027850968998683
1351 3.449732738130146e-06
1352 0.34091083780555886
1353 6.022931311890677e-07
1354 9.175744948683355e-06
1355 8.685036719439334e-15
1356 5.003603038812598e-08
1357 0.369415151705651
1358 0.04786863821334574
1359 0.07998212312799192
1360 1.6939111064796566e-11
1361 1.93628093532587e-05
1362 8.828099311491692e-06
1363 2.4737039957352287e-05
1364 2.4242541587612715e-12
1365 4.6819280049131956e-07
1366 0.3996849554884885
1367 0.002276022130826043
1368 1.5634643965158616e-17
1369 0.00021059757514604857
1370 0.009741610477662335
1371 2.769789334587321e-06
1372 2.1601133646347234e-06
1373 1.4210902969060345e-06
1374 5.619529310726761e-06
1375 2.656322677304883e-06
1376 3.06304699319272e-07
1377 1.247635838043349e-13
1378 0.00776713300839274
1379 8.632393686809523e-13
1380 0.19785624695492782
1381 2.5282880650963765e-06
1382 0.09621658604508228
1383 1.9160732750625605e-06
1384 2.534701152978156e-16
1385 0.36956864836754566
1386 0.34923735400744077
1387 0.001206191217475692
1388 0.22693619623608507
1389 0.0032301098113464107
1390 0.0005963189658295999
1391 0.0003478857521198495
1392 0.009930652596692072
1393 0.00017913840443520418
1394 8.54307353235564e-07
1395 4.713522905506764e-19
1396 0.0006035702131940656
1397 0.032171387374349596
1398 0.3713562599720557
1399 0.5793919584586369
1400 0.17941537859567763
1401 0.2487382403548753
1402 8.7474987904432e-05
1403 9.65961199130173e-12
1404 0.001147736214856302
1405 6.533567671402584e-06
1406 3.587092996019265e-06
1407 0.0014820844880712755
1408 0.01788915099492447
1409 0.0015654814859275396
1410 2.968012124218565e-08
1411 8.722702407751117e-09
1412 0.06560510012811123
1413 1.1947161422129879e-09
1414 0.06786365052692081
1415 2.9602815997685204e-14
1416 2.729736292625227e-09
1417 3.2159382632130846e-12
1418 1.8541600037235793e-08
1419 4.255590030461288e-12
1420 9.374426841772887e-07
1421 0.009356677573961166
1422 3.853214754769094e-06
1423 0.12415834734202853
1424 0.010819853048911386
1425 0.000566852197428428
1426 2.2266303192205206e-21
1427 0.003223490934993941
1428 8.348641739614361e-10
1429 0.003786204783321453
1430 0.5118215229091498
1431 6.863961266644265e-06
1432 2.4964292261992686e-07
1433 0.005897713665600049
1434 0.0012995858475688842
1435 3.614879870211179e-07
1436 0.0002788718012324973
1437 0.02244132124271481
1438 0.06974001416431803
1439 0.058444741841441224
1440 1.5804888161399418e-07
1441 0.00016743200034517432
1442 2.719048773348919e-07
1443 5.7892879201456024e-06
1444 1.1548327759636946e-10
1445 6.806701753081873e-05
1446 0.04892487095289123
1447 1.7363805343296859e-06
1448 1.6152244861490436e-09
1449 2.7800783293775712e-05
1450 1.9442818240863058e-07
1451 0.01620773505175275
1452 1.9627621106593365e-07
1453 0.014119147667578082
1454 6.174374200914931e-07
1455 1.5971965398581794e-11
1456 0.010374026572071433
1457 0.0016737808595851862
1458 0.021833324025220806
1459 0.0003737787376286479
1460 1.8950840166748255e-06
1461 0.03340569649829315
1462 0.018220550356770265
1463 0.13236798649083079
1464 0.17094191799257885
1465 4.814724924775944e-05
1466 9.035435782630179e-11
1467 1.793270656453404e-05
1468 4.3962147079505035e-21
1469 3.230350690776044e-09
1470 0.00050664986931462
1471 9.096439602171152e-17
1472 0.03546622379196891
1473 2.0625692480995204e-05
1474 2.5824410848793038e-05
1475 0.00016758841308102805
1476 8.481876224069591e-10
1477 1.8977767195899254e-08
1478 2.3166907675283866e-06
1479 0.027909362030846162
1480 1.514335491024358e-11
1481 1.115228559934144e-06
1482 0.02553443501255102
1483 2.0198976284835015e-10
1484 1.4950024462743813e-09
1485 0.024278432206862963
1486 1.712462759007612e-13
1487 5.981746997824865e-08
1488 0.07661907197658457
1489 0.024331381123567936
1490 2.061605619646306e-22
1491 0.0009503892948917028
1492 0.0007356548191972597
1493 0.0963284607545198
1494 0.0048329876106394465
1495 1.8203292297158701e-06
1496 0.012716324911240843
1497 0.002115381477100028
1498 3.6968902350117847e-13
1499 0.00014855565582790948
1500 7.09285396038283e-08
1501 0.08904615452313071
1502 1.258257943201268e-10
1503 1.7311619983543584e-15
1504 0.006851996541050628
1505 1.1266232597605445e-10
1506 0.08534012533805216
1507 3.1632355655340862e-06
1508 7.367521049769763e-06
1509 1.0861633065039309e-07
1510 0.01213021701548423
1511 0.013050537423383267
1512 0.004970423220246937
1513 0.0011985093010632962
1514 7.493951545896557e-10
1515 0.0093526685042122
1516 3.859036848099531e-12
1517 4.8581517361265516e-06
1518 1.8809769339537767e-05
1519 0.0036673594182712525
1520 6.3762401877436325e-06
1521 4.98339820339434e-07
1522 2.678820755055907e-12
1523 0.009525800673787816
1524 3.690184665801855e-06
1525 1.601563616612534e-06
1526 1.319451147645956e-06
1527 0.0019554783851612654
1528 1.0504296437169328e-11
1529 1.085548616011124e-21
1530 1.644302128711474e-05
1531 1.6340759368831414e-08
1532 3.328535372952936e-14
1533 0.006976671713618404
1534 2.0802009464763915e-06
1535 5.501274645800838e-11
1536 3.707052845512448e-15
1537 2.0884711833378757e-18
1538 0.017878886037346685
1539 0.008344753135962843
1540 0.07119958152714893
1541 8.512759302660143e-10
1542 0.0967277973174914
1543 0.2501115342005818
1544 4.8003666050697433e-11
1545 0.00038951549758124314
1546 0.14158576396063194
1547 1.7372561280189707e-09
1548 9.948854230251604e-07
1549 0.02089379765343342
1550 9.743254235415854e-07
1551 2.1879703509475143e-25
1552 3.5205885618522347e-06
1553 8.923874275536798e-14
1554 6.198616907116843e-05
1555 2.1819306359074524e-11
1556 0.0022200204092716804
1557 4.512062813519338e-15
1558 2.7335919217217358e-24
1559 2.1522177752885138e-07
1560 0.12801610881040026
1561 2.053007139392905e-10
1562 2.4954157286833758e-08
1563 1.3398341323635895e-11
1564 2.33906526165115e-10
1565 6.6806919271496565e-09
1566 4.967878564752906e-07
1567 5.547859070597671e-09
1568 4.867140661124542e-25
1569 0.0013045892942480926
1570 1.1804197847575386e-09
1571 1.7638773183120264e-05
1572 0.0005452649082842161
1573 3.41211773338563e-20
1574 1.0440342326721601e-07
1575 1.6419235398230501e-06
1576 0.055683134393417155
1577 4.0404011905740385e-11
1578 1.3711764743842637e-15
1579 3.4687117511325087e-12
1580 8.532104666877757e-11
1581 5.698513191847845e-11
1582 0.02227848371019298
1583 3.3769698589219695e-10
1584 5.224059411732714e-13
1585 0.005287516403986202
1586 5.334059046105361e-06
1587 0.004572687601685354
1588 2.0601736435531887e-09
1589 0.011605540396129883
1590 0.002916759595279138
1591 1.0568089869766586e-10
1592 1.565672970788012e-12
1593 5.2205945268808045e-05
1594 6.252452095449183e-06
1595 4.388123643495096e-12
1596 1.1133395324048871e-14
1597 6.8659880352492765e-09
1598 8.782752759147363e-08
1599 0.038454342860275006
1600 0.0024570527537053034
1601 1.0922570072463325e-06
1602 6.31158890893906e-06
1603 7.252359950563792e-22
1604 7.132018423396382e-10
1605 2.3022773224954716e-06
1606 7.437162259776884e-07
1607 0.0014066902816645239
1608 1.6557726803736665e-05
1609 0.5542267833826319
1610 0.0069198690563171475
1611 1.406166507483896e-09
1612 1.0344831698655204e-05
1613 2.4077507894249314e-08
1614 8.64414662134724e-10
1615 1.0217401868068052e-06
1616 0.0002151866109821252
1617 1.925110456642579e-05
1618 1.2774114952247863e-08
1619 5.198097780558505e-05
1620 0.7305081987378768
1621 6.072299075299145e-11
1622 1.6284324927651433e-09
1623 1.5313291616781562e-05
1624 0.009760913194379358
1625 6.791056921030683e-11
1626 0.00369714697904348
1627 2.416139070013127e-12
1628 4.86806498424529e-09
1629 1.802109075485733e-06
1630 2.746743405988598e-08
1631 2.0681966413732793e-16
1632 0.00045930611941092807
1633 5.524339600788291e-06
1634 5.509323954455423e-07
1635 0.00024256023876163723
1636 3.9324947369325126e-06
1637 7.237994343273794e-07
1638 2.677581758358414e-06
1639 0.0005319989693234475
1640 3.5684563428157007e-10
1641 2.9337659216249717e-10
1642 5.1633602244667505e-09
1643 8.597362030353554e-06
1644 1.7293051614675112e-06
1645 6.273576253901295e-13
1646 1.0348880808355158e-06
1647 7.565339025971439e-13
1648 0.744675181091498
1649 1.927475515904794e-07
1650 5.529533335824088e-07
1651 0.0015595806881086832
1652 2.2772426496493654e-05
1653 3.8319784353092995e-17
1654 7.51836943164723e-21
1655 2.288051813669409e-06
1656 2.677325486057558e-18
1657 3.5224310906670717e-10
1658 0.06133918868050338
1659 0.005364960995590154
1660 6.36185151593489e-05
1661 8.999587365477358e-06
1662 5.5630295806480704e-05
1663 0.00027312903309174077
1664 3.189839333347241e-14
1665 4.222040526123343e-10
1666 0.09559204840721269
1667 3.8429030478887335e-10
1668 3.455701375143304e-10
1669 3.4144141272496474e-10
1670 4.725388101209612e-05
1671 5.170543254042416e-10
1672 7.81769254868651e-07
1673 0.00012031547634740267
1674 3.250378775003737e-10
1675 0.05725246272977071
1676 0.0016976896471694522
1677 2.0150053687702796e-23
1678 3.694926894110274e-10
1679 4.780071161206656e-10
1680 3.031090537737544e-10
1681 0.7041906125386379
1682 9.907459267099624e-11
1683 6.4541982621517475e-06
1684 4.109627565148209e-10
1685 8.320012814869672e-09
1686 1.422610848643701e-07
1687 2.36341844713616e-08
1688 2.655844013456653e-10
1689 3.1838922103932066e-10
1690 1.6571629130285123e-10
1691 1.5943636549193462e-08
1692 5.5459168614117026e-08
1693 1.9995006368018848e-10
1694 1.203738008904722e-10
1695 8.351550993237498e-10
1696 0.002475487314792554
1697 0.015424255403764145
1698 3.3468118182318365e-07
1699 0.000351647115065832
1700 0.00018554837295647317
1701 0.03697054861030361
1702 0.0010928564955390576
1703 1.4692668744296936e-07
1704 1.3537950795704398e-09
1705 1.697798044942653e-05
1706 0.01659182577118646
1707 0.004516068124072904
1708 0.6193320394842171
1709 3.4150754625316226e-15
1710 0.19620279105996274
1711 7.366616722969347e-07
1712 5.289729694361681e-28
1713 0.000597944394217778
1714 2.383311479857329e-12
1715 2.815817148368201e-06
1716 0.5073303964999768
1717 1.6978208321521483e-07
1718 1.0678707898737565e-11
1719 0.0012847428085019698
1720 5.623944269053988e-16
1721 7.341861528575109e-07
1722 0.13844232081635185
1723 3.7758253463754414e-08
1724 6.872481345522245e-07
1725 2.1794409751079674e-06
1726 0.38705705403669144
1727 2.7736817318872184e-06
1728 9.978992146963963e-17
1729 0.0020333853747758726
1730 5.513718819237372e-07
1731 0.005929953143587444
1732 1.5239460852432135e-16
1733 7.856439107170974e-07
1734 0.00532731613008183
1735 5.289898394766125e-08
1736 1.711046430650995e-05
1737 0.15935671668935514
1738 8.605067999508037e-06
1739 0.23868847583540584
1740 0.18742334141926403
1741 2.1229736633378416e-08
1742 0.2734113736858144
1743 0.0037434189061176
1744 0.013602708430563198
1745 0.5130327012389083
1746 1.1979743660679213e-07
1747 1.7008733507486577e-08
1748 6.247048572217189e-07
1749 1.073977124167043e-05
1750 0.00017108371693429477
1751 0.27553562605283705
1752 0.05442810398900943
1753 0.031259855304609466
1754 8.992233262453447e-08
1755 0.6313021868567138
1756 0.0010257807917496429
1757 0.02446867756791981
1758 0.008200855263129816
1759 9.717913656008784e-20
1760 0.23442525825829758
1761 3.162249560269599e-07
1762 4.853576166475791e-10
1763 0.0003271046814565224
1764 0.7219496491959912
1765 0.05291664976644037
1766 8.245868046680367e-08
1767 0.04987938801417284
1768 0.18245536194383677
1769 3.995540403916451e-20
1770 6.919176295096846e-32
1771 2.3660577400851744e-07
1772 5.51654773299772e-07
1773 1.180659900557264e-18
1774 4.809822705831499e-07
1775 0.7623937828339481
1776 4.628136055652967e-16
1777 1.6932050558406078e-09
1778 1.7425891630522687e-06
1779 6.646423115658133e-06
1780 0.28290047436990284
1781 4.6640702272629156e-05
1782 1.3688100925837293e-05
1783 6.557091981277218e-08
1784 0.11274650819211073
1785 5.493479063345143e-06
1786 0.0013042981792457996
1787 5.440471031649079e-07
1788 0.022619577846308615
1789 0.49108219251596474
1790 4.1019393149505435e-06
1791 8.029684117687312e-06
1792 2.0028835310545942e-06
1793 4.58932482819835e-11
1794 0.01601525094942197
1795 0.7478438540937553
1796 2.011855403703504e-05
1797 7.653684331680637e-16
1798 2.3448093114959027e-19
1799 9.902991955395875e-07
1800 7.808863554777108e-08
1801 0.019077945504138567
1802 0.16550830250785187
1803 7.685769789243406e-08
1804 0.004125013706483483
1805 2.370918845820262e-08
1806 0.3267433952509685
1807 6.842417670128921e-08
1808 0.0002599008374663774
1809 2.755005327232474e-08
1810 2.1971063687330304e-30
1811 0.629774621866091
1812 1.2318739905243439e-32
1813 0.3150512027787187
1814 3.3012580770256977e-10
1815 0.6771519217566474
1816 0.3259358181084626
1817 0.0044586115060686925
1818 6.611086326089256e-07
1819 2.6157364648269453e-11
1820 1.3207452430141246e-05
1821 0.0006480394525130939
1822 0.05000221720559711
1823 0.0006158097880343265
1824 0.0005529970488568509
1825 0.24660013786496485
1826 8.208969156999789e-07
1827 0.2089792772000113
1828 9.830250643356971e-06
1829 0.284596156396774
1830 0.00010873704518907655
1831 7.1054087117935145e-09
1832 2.6835423707718034e-10
1833 0.2701159950076554
1834 0.012863016337235368
1835 0.31676693490942276
1836 7.111746993087759e-06
1837 3.3954276351457584e-39
1838 0.07486915926943495
1839 8.341494640331765e-15
1840 0.06542529534588862
1841 7.946446926839082e-08
1842 0.1337560287665529
1843 0.0022739259195044903
1844 2.3726746649838353e-06
1845 0.23699244746765763
1846 2.8359036464074186e-08
1847 0.5629771958094122
1848 0.00014247921092454152
1849 0.274139754895396
1850 0.026767818910615672
1851 5.5667136886307335e-11
1852 0.3861705060232881
1853 5.085534396485813e-12
1854 2.9855605788755998e-06
1855 8.163749776901692e-08
1856 4.400633028482366e-10
1857 0.00028078453729784983
1858 6.9916245654858735e-06
1859 0.013842216284381214
1860 0.005236414290478792
1861 5.549401569736524e-15
1862 9.438691521993917e-07
1863 0.0017321307603727725
1864 0.0009942735067531977
1865 5.332442719523433e-09
1866 0.002249926541133097
1867 9.430325720438112e-08
1868 2.50088988661441e-07
1869 8.433884691207226e-07
1870 6.391286771186307e-06
1871 0.02413030726884657
1872 0.2529924797760818
1873 0.12928391579442766
1874 0.18639995123957656
1875 1.5344351665936225e-13
1876 0.07922194164011256
1877 0.002973070073174295
1878 0.01919958100566915
1879 0.01499525146947056
1880 0.0024739181596930278
1881 1.955452967957891e-06
1882 1.6472889629444928e-06
1883 7.395254389649865e-07
1884 0.08445541873369102
1885 0.4291262956870999
1886 8.027301749978867e-07
1887 0.21248860381683718
1888 0.0017064509163227384
1889 6.229801168050618e-07
1890 0.0009250506581794926
1891 6.190996316463052e-06
1892 0.00015281578308487257
1893 4.188781826889412e-12
1894 7.392028977408786e-19
1895 0.01818046250886052
1896 0.000296698409515174
1897 1.1570615272153173e-09
1898 0.017016684199941103
1899 5.9979453077100185e-06
1900 6.313544357180096e-07
1901 8.775296881259616e-08
1902 5.462603336976558e-06
1903 1.2570305397846168e-07
1904 2.487072081564541e-06
1905 9.132923055025464e-09
1906 2.9310412642694837e-07
1907 0.4773344592508587
1908 0.024656622833309605
1909 5.570105605311528e-08
1910 0.6698519648832723
1911 1.4410455248753841e-05
1912 0.03590851417119351
1913 0.04105248924685587
1914 0.0001826841295733723
1915 2.0614035012411893e-07
1916 1.8452827778832527e-06
1917 0.01731181011434509
1918 4.2707288382109846e-24
1919 2.4056049870187952e-08
1920 2.8936544051860887e-15
1921 0.017989322924265
1922 0.018369190152156017
1923 0.30026202326642665
1924 0.15960491281959688
1925 5.893735945471728e-06
1926 0.000355112144292138
1927 5.8431730094581365e-06
1928 2.2920847422730525e-06
1929 8.826221002542252e-34
1930 0.005410168761675698
1931 4.703044024560852e-08
1932 2.6645512079120266e-06
1933 6.7655287087922945e-06
1934 5.9466391808176225e-06
1935 2.7035110385430966e-19
1936 7.890945118175317e-07
1937 4.6492688208422614e-07
1938 0.177214808172117
1939 0.07721213745606072
1940 0.002036414836134347
1941 0.018040162681258066
1942 0.0010905076499044051
1943 9.124258178894864e-08
1944 0.27203402551636696
1945 0.049225240709353295
1946 2.836249682399628e-06
1947 0.02610893015511942
1948 0.0014895399276446965
1949 0.0068402143748821
1950 0.07845084037250678
1951 5.5576630591866665e-05
1952 0.00951720349972594
1953 2.866454662376827e-08
1954 3.909286014918659e-08
1955 2.733081360118371e-07
1956 1.1325503804270953e-05
1957 0.0008992940144583831
1958 0.10747534389227989
1959 8.005326646796202e-24
1960 1.728021277496875e-05
1961 0.024268514141071933
1962 1.5440712472201355e-05
1963 0.0046847328772999216
1964 0.0007150895590738844
1965 2.691645176883187e-06
1966 6.939171739862179e-08
1967 0.10654329154436007
1968 3.324255650664131e-08
1969 0.7060490462631589
1970 0.00019056778819140542
1971 0.06053322000008248
1972 0.1142953273542871
1973 0.00944126530477015
1974 9.506940081838785e-08
1975 0.000224008223059886
1976 0.03998382805856665
1977 2.574197184308742e-06
1978 1.0880058068099267e-05
1979 4.127096512145628e-09
1980 5.7342687527032055e-06
1981 1.0285262318039386e-06
1982 0.0004331080553105469
1983 1.0226787115531868e-45
1984 2.4425911917236313e-08
1985 0.19009586357006694
1986 0.5949385377778367
1987 1.7012631810449832e-08
1988 0.46704705498542154
1989 2.691573223949072e-07
1990 0.6906544098760915
1991 0.0455578067313193
1992 5.9301728746041854e-08
1993 0.020063696512772452
1994 0.07386252998691029
1995 0.0013793869370012808
1996 0.0011094323692563597
1997 0.4204291874353269
1998 4.891528140288648e-07
1999 2.2954432310503316e-07
2000 1.1648545240758521e-07
2001 0.628153053604999
2002 2.2963683263049144e-07
2003 0.5322628568611513
2004 1.519862478176682e-05
2005 0.7039235382616646
2006 0.010499524900904073
2007 4.737230015145845e-09
2008 2.2026838832431761e-07
2009 0.02098088274869933
2010 2.836281013397018e-07
2011 0.0003603390873920002
2012 2.779677440684479e-10
2013 1.9239854000556208e-08
2014 1.869073753122933e-10
2015 5.329637835897089e-06
2016 4.1591668687756016e-10
2017 9.899686372766288e-36
2018 0.0012937560285955355
2019 0.7720145514112422
2020 3.2792893236572446e-07
2021 0.30982642038602426
2022 0.000705594592828066
2023 0.07085873604768538
2024 0.0032769559171713027
2025 0.0009804169800621384
2026 3.4184024983539565e-17
2027 0.27078384190563215
2028 5.193251873177373e-08
2029 4.901520352339512e-07
2030 0.0025253851384844286
2031 2.800632525800713e-08
2032 4.151497090586559e-05
2033 0.0032570630525043127
2034 0.09268352946028441
2035 6.266163315782456e-09
2036 4.1478657645337085e-05
2037 0.22115535947626305
2038 3.748209684394394e-05
2039 9.319052895593172e-05
2040 0.0003606947302761555
2041 2.515303441464272e-12
2042 8.512416625441546e-05
2043 6.666224225271178e-07
2044 3.570990137708196e-05
2045 0.3064831359924466
2046 3.933461864181106e-05
2047 3.245892935345254e-07
2048 0.0009267384457825534
2049 0.00011719177414020997
2050 3.736889976065257e-06
2051 5.264984474601468e-22
2052 9.410324319616941e-07
2053 9.784991731931172e-05
2054 0.7848859057226623
2055 0.2128627332270304
2056 2.664047015043142e-07
2057 2.497912821922565e-07
2058 9.151772161493358e-09
2059 2.1532071044859232e-06
2060 8.227224707545833e-05
2061 1.4415820320095836e-07
2062 2.3681382341334833e-07
2063 1.1668948656706427e-05
2064 0.13635948873513262
2065 5.135321341335758e-07
2066 0.32169346453894515
2067 0.0001831950436417887
2068 0.011372684270008161
2069 0.014250143294400134
2070 0.008554741210884753
2071 0.08154579723465995
2072 4.7466772009257714e-07
2073 0.00019983487556911704
2074 3.629983285405674e-08
2075 0.012592779057265472
2076 0.10795761991459776
2077 0.0013219367255991837
2078 2.4158651153797016e-12
2079 2.5434943702639575e-06
2080 2.172101124907389e-06
2081 1.039596307247519e-06
2082 2.219812034705897e-21
2083 0.738853682768639
2084 3.4958913215498265e-16
2085 0.0006049820640605596
2086 0.0005425051808429435
2087 0.309227193887164
2088 0.05528069708962881
2089 4.4470202847531676e-06
2090 0.0010243638866384416
2091 1.312878847347878e-05
2092 8.923391117371762e-07
2093 1.7085302345973524e-06
2094 0.00040272657451158425
2095 2.0493111924752852e-07
2096 6.44137700260849e-07
2097 0.0003767038189476132
2098 0.0007529076818352661
2099 0.0058585746756277595
2100 4.777522954330201e-07
2101 0.017941090613208976
2102 1.1282106944793624e-08
2103 1.0515569932145133e-09
2104 0.000941702879872701
2105 1.0313582781881899e-08
2106 0.047327890687017295
2107 0.18334881313122509
2108 0.08642102083501635
2109 8.63392563407923e-06
2110 0.004705785436331725
2111 0.1468620887293003
2112 8.830552726859502e-42
2113 9.311195260671614e-06
2114 0.25028378757553965
2115 0.6410993228545683
2116 0.011519802993224902
2117 0.27113190478170407
2118 4.3821816789295877e-13
2119 3.8632792418697074e-19
2120 0.0007682185636384502
2121 0.0021696359670522916
2122 0.0007274237621061512
2123 6.23238767572864e-08
2124 3.1899274154770847e-22
2125 0.12316153573864044
2126 0.004426582613533912
2127 0.0006761750472958513
2128 4.129574727014182e-05
2129 3.0911977243885074e-05
2130 0.019094704823387987
2131 6.527401722577981e-06
2132 0.23234340298054382
2133 1.5289281276653336e-11
2134 0.008526710375688201
2135 6.417303545539145e-27
2136 1.317098420330303e-09
2137 3.996174093081464e-12
2138 0.01037788198870824
2139 0.3524554766798596
2140 2.1918665225670793e-06
2141 0.003212769123191081
2142 0.01902558148280459
2143 2.310462742882342e-14
2144 0.016838733357175856
2145 2.70376545939566e-07
2146 0.000470332952050211
2147 1.9364382983114441e-53
2148 1.1577251148917341e-08
2149 1.2796307127246995e-10
2150 2.7759161086818887e-07
2151 2.580128974712267e-08
2152 0.4172222648256565
2153 0.018486508962718015
2154 1.1187580273695347e-05
2155 5.589859180522731e-07
2156 0.000376269602872682
2157 0.201742665214347
2158 0.214378439003978
2159 0.00518049674304753
2160 6.549497174115723e-07
2161 0.048278161501493486
2162 1.5811935682967506e-10
2163 8.101265763477634e-10
2164 2.2295533900320164e-07
2165 1.611990455469907e-05
2166 7.337489261337977e-08
2167 0.17046694732745163
2168 0.05382888664738239
2169 0.34123536147184874
2170 0.0017448711195475741
2171 1.7395539892279675e-08
2172 0.03553064699573331
2173 0.007203258110750602
2174 0.0006001764345648672
2175 3.158759323125566e-05
2176 0.05742282420869481
2177 0.003112410946776587
2178 3.006964713982224e-07
2179 0.12382251724538296
2180 0.0004948458522320198
2181 0.3632501906663989
2182 0.5110707256827115
2183 2.150445696726958e-06
2184 2.7402270471971675e-13
2185 8.648378653694352e-07
2186 2.3064771038400265e-07
2187 4.726966838735027e-05
2188 0.031053964816560576
2189 0.25326065660739494
2190 0.05517608327319594
2191 0.00014055550008620733
2192 0.008794247547438292
2193 0.13791200404248016
2194 0.010179465477599469
2195 1.393371763004222e-17
2196 4.4243058018634943e-13
2197 2.2988563638549942e-20
2198 1.4297620011302994e-07
2199 2.175566965018093e-07
2200 7.718092950407036e-07
2201 0.011721761652207703
2202 0.03763423235667153
2203 0.0005798189755567368
2204 0.00192931174863813
2205 0.0016829752950205455
2206 4.71995793160045e-05
2207 2.04864404187684e-15
2208 1.8630700825712406e-07
2209 4.0428970605211697e-16
2210 0.2607820498730296
2211 1.0035506214363097e-07
2212 4.2659058404088904e-07
2213 0.018083539595802445
2214 0.00029725591180614227
2215 0.027712011421275953
2216 0.1515527190541783
2217 2.444630783969682e-11
2218 1.0980859495712886e-31
2219 0.0026392780636468505
2220 6.3425075143946395e-09
2221 0.011311390989655022
2222 0.07862907838360667
2223 4.24955249203452e-11
2224 0.016355827884931434
2225 0.02299390494841528
2226 0.0180619600198755
2227 9.240059244990106e-32
2228 0.038885466187794517
2229 0.37379784077469747
2230 1.6663439907233275e-06
2231 0.14980188034861275
2232 0.15969524458944517
2233 0.03505278704546585
2234 1.4423770567395853e-07
2235 0.00044788212050105735
2236 1.318413538343228e-07
2237 3.706340679751582e-43
2238 0.026442486701798974
2239 1.6358747808522603e-07
2240 0.020685293689007365
2241 0.017661457292862323
2242 0.05428300918713386
2243 0.025046655164080958
2244 0.02632386473391282
2245 0.03628963365961151
2246 0.024998962580705084
2247 2.9148398862389096e-14
2248 1.8065096233925975e-17
2249 0.0005289569203212466
2250 2.0531122371392667e-06
2251 0.0004661968018996053
2252 0.000447097586365041
2253 0.00022579726566591575
2254 0.036492700835338156
2255 0.021485807686453334
2256 0.02716227640546303
2257 5.68388879288032e-07
2258 0.07828010681876399
2259 9.804448097899026e-37
2260 6.334335010704448e-06
2261 0.02609468809217546
2262 0.0005480093150556125
2263 0.0352223515451982
2264 5.554363859001597e-08
2265 0.002470785164072259
2266 1.7975980390406732e-07
2267 1.5222334825540187e-05
2268 0.2494984299085332
2269 0.2495498651796446
2270 0.0009361140772137234
2271 1.7937291602725714e-07
2272 0.004574981169993982
2273 1.6281168599531383e-07
2274 0.06351528691319414
2275 1.3593332389628776e-07
2276 0.00035232167635191567
2277 0.000611027259792843
2278 2.699812898242051e-07
2279 6.580931328263115e-08
2280 0.1340364929303148
2281 3.6052401301981266e-11
2282 1.3814917117425763e-16
2283 7.439171630318118e-11
2284 5.140127685593521e-05
2285 3.334570966648705e-07
2286 0.017292257474133297
2287 0.15964341579912783
2288 3.9526949553165223e-13
2289 1.60228250348007e-13
2290 0.29607525436470095
2291 1.3381785562843626e-07
2292 0.12900928238950368
2293 0.09326684390259567
2294 5.0151404141220225e-18
2295 0.002467243710894094
2296 7.487018681706503e-13
2297 1.1165280887684793e-10
2298 0.03047011532319191
2299 0.0028632854256537697
2300 1.5328713368044418e-12
2301 0.3486368442855968
2302 4.874661160013197e-17
2303 0.0018582242173764522
2304 0.7929754942511756
2305 0.11065968810627037
2306 5.2972842997627255e-18
2307 8.586789023939355e-07
2308 0.0959029409800438
2309 0.609061408055012
2310 0.04496967608050964
2311 9.914767948528144e-08
2312 1.7313092492602502e-18
2313 0.5066548835318975
2314 0.03162178159772136
2315 0.007478680875167761
2316 2.6726117855598688e-05
2317 0.0017887994698154409
2318 0.04747659344762686
2319 0.03342554086578195
2320 1.9293295917963608e-07
2321 3.934957421672981e-22
2322 4.734200314034698e-12
2323 2.095923063200433e-07
2324 0.15079004571071383
2325 2.6894434068322515e-13
2326 1.9706978693964173e-07
2327 1.6628956359996354e-07
2328 2.017153207081652e-06
2329 4.7623117194260304e-06
2330 0.0015261094285204497
2331 2.0412814414178097e-12
2332 0.6548029412068002
2333 2.972918063645776e-07
2334 0.0004626601248831208
2335 0.5595533310936002
2336 0.27517191633266513
2337 3.128647593583138e-08
2338 0.020789593041279548
2339 0.762440251027958
2340 4.8267774387796075e-08
2341 1.4295939147613693e-27
2342 0.0040074314917622695
2343 0.0005269361448659592
2344 1.1986606310742435e-09
2345 2.434394114042203e-06
2346 0.06277163207090067
2347 9.238963821676215e-18
2348 0.0002595404830951305
2349 3.9085738424881225e-09
2350 7.955046745978668e-07
2351 1.6980336084804845e-37
2352 3.948013268495175e-17
2353 1.928925423699389e-11
2354 0.1001700353744835
2355 0.013335768445075448
2356 0.031156858685754824
2357 1.83867643784054e-08
2358 3.850210332501471e-08
2359 0.18797262058501174
2360 0.01899760909425902
2361 4.2085270341237765e-11
2362 4.771693262289309e-23
2363 5.064504053449124e-16
2364 8.296887543671216e-06
2365 0.00698172010921297
2366 0.00018433953442459385
2367 0.012776941888676247
2368 0.08155094557871966
2369 1.0530455807716416e-17
2370 7.233018257722816e-08
2371 5.526817021411613e-11
2372 4.109115495326959e-12
2373 0.035504334738500655
2374 0.009517100388265308
2375 0.00028286160723572267
2376 1.9046395375745434e-16
2377 0.0076011717022357326
2378 0.005517667419698079
2379 0.00022197617437321436
2380 0.023947089984317098
2381 0.2032286586193422
2382 0.05560948886014372
2383 7.117890014606431e-18
2384 3.8070253326849453e-16
2385 5.986431243176566e-17
2386 7.990802188756178e-08
2387 0.006863501806885899
2388 0.008965341732555612
2389 0.002149845349203662
2390 0.012694107362574163
2391 2.5780577735830444e-09
2392 0.5316962213110292
2393 4.300630236988996e-09
2394 0.004209463571847616
2395 2.1821671954717715e-23
2396 0.010210683689308345
2397 1.7509847890258724e-06
2398 0.0065925032219058535
2399 8.484050142550457e-24
2400 0.10590474340640021
2401 5.96916284405013e-13
2402 0.1832383351848453
2403 6.023880034637546e-17
2404 0.03733231966697617
2405 8.213771005208173e-16
2406 0.32479630808219156
2407 0.0038743016134064894
2408 0.3086717858891285
2409 0.13248460699746978
2410 0.008417170376968262
2411 0.06767746477037219
2412 0.381429848753688
2413 7.056868990948983e-08
2414 0.010324699380127556
2415 0.1320220805494973
2416 0.004949966208451574
2417 8.265706529930202e-14
2418 5.983828173063266e-05
2419 9.409713025441191e-15
2420 1.58937592641795e-05
2421 3.358215596951747e-18
2422 0.008728445993828268
2423 0.009591670099726713
2424 0.41989295076084565
2425 0.37349210804350513
2426 3.389697257888318e-17
2427 1.4907258156967793e-12
2428 2.3507482257161716e-05
2429 2.1992068347045473e-25
2430 0.0113155692410236
2431 8.892517999853314e-22
2432 0.006581791438745356
2433 1.698163094616537e-23
2434 0.42168487048584447
2435 2.1233674079974258e-47
2436 1.580028993998662e-17
2437 4.2731014529525603e-08
2438 0.010928351186926423
2439 5.135478613035406e-05
2440 0.003984080323732219
2441 0.016734657995298524
2442 6.832619430150956e-08
2443 2.106124833771826e-46
2444 4.914105437143419e-23
2445 9.913192919754514e-06
2446 0.160922246852294
2447 0.014365597411463926
2448 0.3928099643512057
2449 1.20238968158717e-07
2450 5.8346172122327294e-12
2451 0.3304941156196282
2452 0.32336715084169343
2453 1.45340019287874e-28
2454 9.959942794172391e-15
2455 0.1156927058582784
2456 1.456640899188655e-08
2457 4.556481404024146e-14
2458 8.495948334147149e-23
2459 1.0558382221387113e-09
2460 3.6121672822400665e-08
2461 0.6324777358608242
2462 2.305944204740225e-06
2463 2.2255422791311206e-06
2464 9.464096319309278e-16
2465 0.0050323427042026185
2466 9.625281516165962e-30
2467 2.79524269414157e-26
2468 1.3214697416865682e-05
2469 0.3402274598313398
2470 1.8317762334141152e-13
2471 1.0186790130218894e-25
2472 2.3529388476094723e-06
2473 0.0011175084277810434
2474 0.007250327181934131
2475 1.8188054115651416e-32
2476 5.131796836042153e-08
2477 8.993192561498518e-13
2478 0.04081894507694048
2479 0.05688129359476682
2480 0.15593969975065827
2481 7.055238928781411e-25
2482 1.706882870177303e-14
2483 0.24570041118300356
2484 2.4274853831679327e-27
2485 1.3110424847196016e-48
2486 0.012738456067957121
2487 1.6414093431327485e-14
2488 1.2420513011730558e-10
2489 4.355582743040524e-05
2490 0.01656508051019486
2491 1.667947050384525e-08
2492 0.08537647422319117
2493 1.9699453807370198e-10
2494 0.002475141426762944
2495 0.014471274628321961
2496 2.3833904214716094e-10
2497 0.020591266741282175
2498 0.010585435582625757
2499 0.003924287281327806
2500 7.499404002835517e-18
2501 7.033620147781936e-25
2502 0.16638300807215928
2503 2.125727233929274e-31
2504 2.3097997010577304e-17
2505 6.161226056761787e-26
2506 1.9976555131826435e-27
2507 3.392525465282506e-31
2508 1.9126157497407736e-24
2509 0.22924203978694851
2510 1.2442612857015793e-07
2511 0.08585659140383516
2512 2.6365833638923835e-31
2513 6.936882289968981e-45
2514 1.5976580306827377e-17
2515 9.434409773246552e-27
2516 0.19976344420342343
2517 4.2155410850110186e-14
2518 0.005851725752430992
2519 3.113266626191527e-24
2520 1.803642830238561e-14
2521 7.006282582050036e-27
2522 3.416986423882216e-05
2523 8.972893626228067e-10
2524 1.2998672115677113e-08
2525 1.1335401882767507e-24
2526 4.029111811445846e-09
2527 1.7867816097578995e-08
2528 0.0027088791464371866
2529 5.2875345409078375e-28
2530 7.882276469585673e-21
2531 1.231471526936953e-16
2532 4.667656930487126e-06
2533 2.0791797299180567e-09
2534 4.3045513714222604e-48
2535 3.049789126768888e-08
2536 0.0006896660929597761
2537 1.634394895265411e-15
2538 0.0032623536887787137
2539 3.283882569024621e-05
2540 0.005534332958133439
2541 0.006086008777722219
2542 0.003064981791368977
2543 0.0024413603851730415
2544 0.060860029259337735
2545 2.2609328912193226e-08
2546 0.00019242881931304668
2547 0.002139161161296306
2548 0.00016951453409599863
2549 0.0017522471005055908
2550 0.6181655125710045
2551 1.9921876625252712e-05
2552 1.0214879512392562e-15
2553 0.07257020854358746
2554 9.323939733588871e-16
2555 5.392152138360057e-12
2556 1.1471538272211222e-30
2557 0.09263097471577571
2558 3.3162076226689986e-08
2559 1.1596017638409758e-20
2560 1.2153762167240533e-22
2561 5.183924223304741e-24
2562 0.0018193367522219203
2563 0.000956562742835194
2564 0.2112969039225963
2565 2.3766494046966616e-47
2566 4.422693587172253e-31
2567 0.6680528798635847
2568 7.520991107206358e-32
2569 0.04253639318068142
2570 0.013148941643556959
2571 5.406941647973192e-10
2572 0.0013656217760307653
2573 0.0038484847906696327
2574 3.185437331922486e-08
2575 2.9158379950705396e-08
2576 1.7440540314035772e-09
2577 0.0002635199502805612
2578 3.3036724726586047e-20
2579 0.00045041088905532246
2580 0.0003221657377353563
2581 0.0005267202070753285
2582 0.00030417944949195127
2583 0.6119861698910739
2584 0.4732641565260171
2585 1.8469379525186404e-15
2586 0.0030020423311844114
2587 7.992200304145557e-09
2588 5.8585717357877585e-25
2589 0.022131759517131283
2590 3.4112822946628124e-33
2591 0.00682386751056619
2592 3.2641988247995878e-09
2593 0.06266205030941345
2594 0.012690600837959573
2595 0.06504132345613464
2596 8.860652358920803e-06
2597 4.112632045761028e-08
2598 0.002316430229775861
2599 0.08883179271289023
2600 1.2368338965511653e-08
2601 0.053367267117216316
2602 0.0026888256532283457
2603 0.11995552815011169
2604 2.021462234082312e-24
2605 1.208501529252739e-25
2606 1.0051896872105448e-08
2607 0.004683438214208265
2608 4.5216280149537125e-19
2609 0.011429551835648123
2610 9.263855639870037e-30
2611 0.011172598888451173
2612 1.8693737900336004e-54
2613 0.005003554879182919
2614 9.419723281432906e-13
2615 1.0563333007204834e-16
2616 0.5097314151997162
2617 0.029532416504286205
2618 0.5810978616656034
2619 4.1456726869920514e-29
2620 1.6228865655608098e-38
2621 3.0630108775752924e-47
2622 0.0044216572636371215
2623 2.9778994920139e-26
2624 0.015626712028943106
2625 7.479575634169076e-14
2626 0.20405612344116517
2627 0.00019303988699255156
2628 8.677727491799469e-27
2629 0.22484802176791796
2630 3.854486336903594e-11
2631 0.19355307205183003
2632 5.086983686284416e-32
2633 0.015349650447591384
2634 2.318918169356707e-05
2635 0.0013464804801799322
2636 4.2597546857071695e-30
2637 0.16776382751901125
2638 0.0047401183811849185
2639 1.45786423648352e-32
2640 0.036321784583557275
2641 2.3358594046780813e-06
2642 9.516821152018886e-12
2643 0.003963734269054892
2644 1.1717325764100302e-30
2645 4.1334138484876365e-05
2646 0.005784014086171629
2647 0.06152809655401177
2648 1.7790857680864777e-38
2649 0.005084267607097146
2650 1.1778788976511882e-41
2651 2.8719444274702535e-06
2652 0.12398181827171155
2653 0.0033937697444899285
2654 3.802829993846253e-06
2655 3.659703984520754e-05
2656 0.3179272756258996
2657 2.170736527661167e-08
2658 6.152024039125603e-14
2659 0.0011367772414067672
2660 0.025090965143961946
2661 0.4165162589785024
2662 0.03799705080498754
2663 0.00021845582007285234
2664 1.4234030000546886e-28
2665 6.978181224714634e-08
2666 0.09250754159152741
2667 1.006251910583902e-60
2668 0.008129453301229958
2669 0.5967389911336569
2670 0.0005061843688359321
2671 0.06827514685544786
2672 0.0005647330099620728
2673 0.08857678290327256
2674 0.16688000909429304
2675 0.08506461781054091
2676 0.4188486257349676
2677 0.11874954090726235
2678 0.11970492930136233
2679 0.004364912892791224
2680 0.07511430038844884
2681 0.026908125092042684
2682 1.1957383735531863e-05
2683 0.04587017332485062
2684 1.7377645151013894e-52
2685 3.754870744218368e-06
2686 3.1191288612772244e-13
2687 1.232845609757782e-10
2688 2.6336633174797185e-20
2689 0.0005883895394986346
2690 4.4441097266205605e-05
2691 0.022777104940733033
2692 0.008663142580261799
2693 0.12328154347986293
2694 3.558930197284799e-22
2695 0.006892232876772765
2696 0.042882504274727645
2697 0.1331083258716432
2698 0.22639797796709057
2699 0.002198314011721828
2700 3.6699883545076985e-15
2701 0.22363168139788916
2702 0.0007440856163213096
2703 0.03367161242001168
2704 3.1288349042275545e-06
2705 3.371834524633756e-10
2706 1.6639943460075735e-29
2707 8.805992697104038e-29
2708 0.014679643104720263
2709 0.15523302058996227
2710 0.21159692609644012
2711 1.5382703100769923e-05
2712 0.09321888303109753
2713 0.016073300382303844
2714 0.15807930455237082
2715 5.432202863342389e-15
2716 3.1851055536942844e-25
2717 3.151255763531416e-14
2718 0.24162891524463803
2719 1.5290911455300758e-22
2720 0.00012038167077053136
2721 0.002463019238578547
2722 1.9121486362000902e-10
2723 0.06161993657807631
2724 1.1306191470417914e-14
2725 1.2544725327838005e-13
2726 0.10649950583670434
2727 1.312890263473285e-05
2728 8.296106399292912e-12
2729 4.0469967943577406e-13
2730 3.200327614611482e-06
2731 0.040202096406984106
2732 8.274065715443749e-10
2733 0.40101890055936495
2734 5.126082138615638e-28
2735 1.6591274916938414e-13
2736 0.2810844207866516
2737 0.005005409018506998
2738 0.5289287093017491
2739 2.221909477655999e-19
2740 4.3463077816113384e-09
2741 2.0944185136053123e-09
2742 4.3047100295266236e-05
2743 1.5303902040929268e-14
2744 0.00035244648547630756
2745 0.00012099335656149841
2746 4.048438753182797e-06
2747 0.00024218033069575994
2748 0.07002589983465086
2749 0.09136379916683447
2750 2.628870527261267e-29
2751 0.12169805560086888
2752 1.215737804652322e-19
2753 5.597007337911079e-09
2754 0.005159358554486595
2755 0.08811684615055179
2756 0.011718308406130012
2757 4.089868252297558e-06
2758 0.0009271671645861426
2759 0.026201147172413734
2760 2.0336990874214453e-18
2761 0.008350706254985697
2762 0.017882705081684738
2763 3.810856256564092e-13
2764 3.166604208676993e-13
2765 0.1061373910011487
2766 0.051282070108074056
2767 0.001098475059811812
2768 0.2037721531445387
2769 0.00037873229692805956
2770 0.27661812321701046
2771 1.726944998928076e-21
2772 0.00024221117788598853
2773 1.3412547882902125e-05
2774 1.0367098712235202e-20
2775 7.207876623747096e-05
2776 0.6059765513845133
2777 0.4775682269196069
2778 0.7845141706268038
2779 3.272714059326178e-06
2780 0.3511127051204026
2781 3.881335240924665e-14
2782 0.01695600751199744
2783 0.7144725892088101
2784 1.1617767299261148e-08
2785 1.634722384711526e-05
2786 0.658626046336893
2787 0.10536391778378
2788 0.2401801098571595
2789 0.7987439927597701
2790 3.108173721932596e-20
2791 0.11830162036594075
2792 0.7535863115271028
2793 1.259652975909842e-05
2794 7.690086133658849e-10
2795 0.15321577789850382
2796 0.130726168932843
2797 0.008443144934291845
2798 0.15078649142683245
2799 0.047301007328373286
2800 0.09260567039916946
2801 1.618889441967758e-05
2802 2.6658506656148543e-09
2803 0.24133740461928188
2804 0.0006388256011763349
2805 0.0002498044898446675
2806 0.28460367390224667
2807 0.1667483175145335
2808 0.0012052964627296769
2809 0.06949582567359562
2810 0.26795496190064044
2811 0.011943292582947991
2812 1.086226091775431e-10
2813 3.1433781021245903e-06
2814 4.941350059491319e-06
2815 5.119979933020327e-08
2816 5.432387377496875e-09
2817 1.0945521655908448e-05
2818 8.066445007616638e-11
2819 7.391861592759022e-09
2820 4.067342995390048e-05
2821 5.133125208154049e-21
2822 4.859086009092827e-05
2823 0.040274489479102164
2824 0.14603886414515066
2825 3.491811407799304e-06
2826 0.4197463631498108
2827 0.1954108473092955
2828 9.33401738545354e-19
2829 0.5528596371881244
2830 0.010544048256096655
2831 0.7716604594990311
2832 0.6777552088837573
2833 5.462412997501497e-05
2834 0.29668306504983083
2835 7.381900480153425e-20
2836 0.8155885971889164
2837 1.4199516986322804e-09
2838 0.00027295695463879454
2839 0.7992367173298816
2840 5.071326220852364e-09
2841 0.7247582684974768
2842 0.022626994558715703
2843 0.05361943846579752
2844 0.6060142291649968
2845 2.684867519637567e-10
2846 5.2329890982411e-26
2847 0.14027044566189542
2848 1.2502540838183832e-09
2849 2.3148747153235847e-09
2850 0.003651927414070202
2851 0.0009963342468718988
2852 2.7679148774454665e-25
2853 0.00011940039855520823
2854 0.00012094952516001638
2855 0.003419760951724905
2856 0.4668439128860047
2857 1.6547174174861404e-30
2858 0.047700204859628996
2859 2.3469454384251875e-06
2860 0.1945473928305592
2861 0.00015627713158899306
2862 3.6020738786769847e-08
2863 0.21239403402952925
2864 0.002107520266217181
2865 2.6418440205268857e-19
2866 0.13508218433527985
2867 2.7654337412945093e-12
2868 4.194181659270739e-05
2869 1.5561438006990488e-06
2870 1.2433994120579005e-07
2871 1.7017151958122428e-11
2872 0.12484241952163606
2873 0.000534129451421989
2874 4.625594619274726e-07
2875 2.623507212564477e-09
2876 7.36942858832492e-12
2877 0.00010593002597034713
2878 1.109056646614576e-05
2879 3.117329566367891e-26
2880 0.028374127338358097
2881 0.0035914552630658303
2882 3.236253397146513e-05
2883 4.9747123128064436e-05
2884 0.060052280799599726
2885 1.1382278461184848e-18
2886 0.09097902851843467
2887 9.662793604329378e-28
2888 0.00011485949769237137
2889 5.533833973047623e-12
2890 0.03889739594441526
2891 9.087612264295573e-09
2892 1.4768489118414785e-05
2893 1.5081618249598598e-19
2894 3.494022422762999e-09
2895 9.886260394719595e-05
2896 4.2949631683782596e-08
2897 0.027357621585791074
2898 0.00010567041852764372
2899 0.06345894254876187
2900 0.0002157827451980568
2901 3.143058306449086e-10
2902 0.00011951043269772007
2903 0.023788712422110538
2904 5.7162512094306204e-21
2905 0.11355221506102586
2906 1.2035013226605438e-09
2907 3.219059397691596e-08
2908 0.014421986791094356
2909 0.05211287581238906
2910 0.17002050754388234
2911 0.03624605884004106
2912 0.0003850046771128095
2913 0.0017702524891042434
2914 0.03334261484529068
2915 1.512033166726146e-08
2916 1.8360357933865646e-05
2917 0.00010569078094103372
2918 0.04668063802511504
2919 8.141106387819985e-05
2920 0.00011030587272553829
2921 7.536575599200262e-27
2922 5.4430268514999696e-08
2923 0.06466058386840175
2924 4.256580483236505e-08
2925 0.15726893174840176
2926 2.1127987213452317e-08
2927 0.07551383582932367
2928 1.6160939498195023e-09
2929 5.950201204778921e-19
2930 0.47764111250587776
2931 0.5242419403237449
2932 0.28402602841402835
2933 0.7216160633021442
2934 0.03909469286533722
2935 0.03196062389029028
2936 0.7294738115147497
2937 0.2371307752999192
2938 1.7406075055940472e-09
2939 0.03937220861462058
2940 1.7403929059489913e-05
2941 0.8079678807937408
2942 0.009514091161916885
2943 0.7583634593888448
2944 0.11601702049850943
2945 0.0306754973088061
2946 0.6636791585752352
2947 3.561669756973594e-05
2948 0.5819168670616978
2949 0.044891117606412366
2950 9.338097554752308e-20
2951 4.1275264753408335e-42
2952 0.034882657079247675
2953 0.04220670662131905
2954 1.939318666381945e-09
2955 9.705823673881362e-06
2956 5.743948324032215e-20
2957 8.01770121794128e-09
2958 1.0073744567666106e-08
2959 3.96035810078478e-10
2960 0.009202019922227115
2961 0.39098403238926105
2962 0.13033799748625646
2963 0.26302643758783956
2964 0.04284910866950186
2965 1.0070913556217542e-08
2966 0.21315580304032716
2967 0.3286444218829313
2968 1.2860498773476236e-08
2969 0.0002037598743134832
2970 7.445502084962674e-05
2971 7.3964917758367094e-09
2972 1.0807895050973063e-08
2973 1.017585413924279e-08
2974 0.0884551570504399
2975 1.4721370015813028e-05
2976 2.1086830581271697e-21
2977 0.19054584051743118
2978 3.6411140249924935e-05
2979 0.041517621775878324
2980 5.561216404539356e-10
2981 1.1614519259539114e-06
2982 0.06420241446301417
2983 1.434652601328068e-06
2984 1.2421767028738828e-08
2985 1.2037910879774166e-08
2986 0.01848794884117281
2987 4.583113054844177e-05
2988 1.5140500985392591e-05
2989 2.372843875567854e-05
2990 0.05528375280093156
2991 0.07431464967654888
2992 0.07206799858366728
2993 0.10274430558262103
2994 1.6385790216776536e-07
2995 2.4209493843459313e-10
2996 2.5580202531739368e-05
2997 3.982723825321582e-20
2998 2.175454069524701e-08
2999 0.08081062953689672
3000 5.813695780626318e-45
3001 1.6374836703244198e-05
3002 0.014658550703886773
3003 7.882228751510882e-06
3004 0.002182745979064605
3005 0.0029487168277507587
3006 1.0658803138047187e-05
3007 0.00010592030696229925
3008 1.6600809871961447e-34
3009 5.2211149153366745e-08
3010 0.0002165343800090578
3011 5.640677843864531e-11
3012 8.677220592925131e-05
3013 1.3679571183573352e-05
3014 5.578390548244487e-05
3015 4.1473737560530175e-05
3016 5.841184015153198e-05
3017 3.8290824097876045e-08
3018 0.2789956288367535
3019 4.557190013495648e-08
3020 2.560043812550026e-09
3021 4.666974398931801e-05
3022 6.861736872417704e-05
3023 3.709838596188438e-05
3024 0.0005445814342117505
3025 1.7364563950107596e-05
3026 0.00018648652994513235
3027 5.196917848936884e-05
3028 2.0638242949206442e-05
3029 0.000447091079905565
3030 8.834120867763388e-38
3031 2.4287229818687355e-05
3032 2.7630640002147915e-05
3033 0.0003182305339902647
3034 0.00022291480521628913
3035 1.0795260420680916e-05
3036 0.00012512052705925862
3037 0.04494871979990626
3038 0.001222941604813117
3039 9.128628430309455e-06
3040 3.1057172654625866e-07
3041 0.0007877224239448249
3042 0.0001251311278716284
3043 2.2048508135065142e-05
3044 0.2191460871794591
3045 0.0147734846653688
3046 4.423066395819745e-05
3047 7.96422832964336e-05
3048 8.856608957406916e-09
3049 2.109401139191994e-30
3050 9.319485090782738e-09
3051 8.277756462276088e-13
3052 1.370322014886263e-07
3053 3.3092434177651514e-37
3054 0.00012069254127265338
3055 5.147512564184407e-05
3056 0.1858299190362656
3057 1.47065631819011e-28
3058 0.18485286159446324
3059 0.00019676904433983038
3060 0.21098987828397134
3061 0.00010847675150728116
3062 0.05054331065091013
3063 6.364372380778133e-12
3064 0.00010349628953539523
3065 0.021607859715906882
3066 6.910422134952154e-05
3067 9.390259383141928e-11
3068 3.4255683855675704e-05
3069 0.0008866731967713396
3070 3.144467641998699e-05
3071 6.473429379477478e-05
3072 8.03697003069096e-06
3073 3.812873651984308e-06
3074 2.5248875481314946e-06
3075 0.012364377844143943
3076 3.472697004904672e-07
3077 0.04103922132578979
3078 8.077652507716721e-38
3079 4.321959150939808e-13
3080 6.2562000931968156e-43
3081 7.659226378034407e-11
3082 7.094265384788835e-05
3083 4.089464458799348e-08
3084 6.18089441329293e-07
3085 6.781080610418165e-08
3086 1.7281603629722345e-17
3087 4.6507081164067274e-08
3088 5.443434240384554e-16
3089 1.9196895522183635e-08
3090 2.6264629114842738e-05
3091 5.256883619720532e-25
3092 2.313913206326839e-05
3093 8.67791249197511e-09
3094 2.0888864761949343e-09
3095 2.5233022849648023e-36
3096 5.510001407693283e-18
3097 0.020881155090380077
3098 1.3481652168184056e-08
3099 0.051589935856825156
3100 0.06886896239711124
3101 1.1827727655281118e-05
3102 3.755071955438468e-11
3103 2.918483075178961e-10
3104 4.7454868403948086e-07
3105 1.4528412946386712e-51
3106 1.2283479618752086e-08
3107 3.755825922885874e-11
3108 5.521890558241958e-10
3109 3.1306463864026145e-11
3110 1.2738463170051908e-38
3111 1.7599609503798554e-10
3112 2.204265101745135e-05
3113 6.79070675534117e-05
3114 7.696994684979388e-05
3115 8.992137184379121e-40
3116 2.0417159957561363e-40
3117 0.060487165766514236
3118 9.942507506207101e-08
3119 0.08351104804900146
3120 5.945001915289936e-06
3121 0.07245938814785305
3122 0.0005622193725700839
3123 4.344293064263863e-07
3124 1.534533763720139e-19
3125 2.521591304707462e-05
3126 1.0125872399033048e-27
3127 0.0017512894957267332
3128 2.5005503100245273e-08
3129 5.9281855326895306e-05
3130 1.362512666605741e-30
3131 0.011861115014724664
3132 0.01594577119382523
3133 1.248582399768725e-09
3134 1.338759365079851e-08
3135 2.5725914191569667e-11
3136 2.1047398071859252e-08
3137 4.91991858678694e-10
3138 5.5260317662513315e-05
3139 2.2613215910966622e-10
3140 1.3565946989034277e-29
3141 3.620971303062116e-08
3142 5.320013082807936e-06
3143 0.0003088871953363772
3144 0.008271978116688849
3145 0.03357873369962023
3146 1.8479429093988318e-22
3147 0.0021587048303105924
3148 2.389731163732551e-14
3149 3.9620534563951917e-07
3150 5.861670567870059e-15
3151 8.699100750083412e-09
3152 9.312479052638101e-32
3153 0.00877690974557064
3154 6.187305654947864e-37
3155 7.087419335640767e-79
3156 3.9945191920776036e-05
3157 6.46749636915822e-14
3158 1.4061826647942093e-11
3159 6.842504447052761e-09
3160 4.248543879889209e-09
3161 4.099772584346753e-06
3162 1.6251136753431727e-14
3163 4.086520002978722e-12
3164 3.7569605379422954e-46
3165 1.2052013269368619e-10
3166 6.658244681593867e-21
3167 3.8422904885822075e-08
3168 0.0009675864370092147
3169 3.858322540069794e-07
3170 8.309432139027726e-08
3171 0.0056620810644301516
3172 1.5386351978205744e-37
3173 4.012478170054868e-15
3174 3.3785484754529994e-17
3175 9.619892947010819e-24
3176 0.010244394818248745
3177 2.0490460991418292e-19
3178 7.383314871936036e-09
3179 8.948269909964286e-09
3180 0.0009350052592867922
3181 0.0039361749622459485
3182 0.0006287753528551235
3183 0.0005234334534398407
3184 3.734797367946576e-08
3185 5.701415384942437e-11
3186 1.6821887042130455e-49
3187 2.2539959383580858e-09
3188 2.9131555225947706e-11
3189 5.709170746629926e-10
3190 1.6605370325764708e-37
3191 2.6421530655803735e-10
3192 4.121650632778385e-10
3193 1.4879214378200127e-07
3194 1.642909113112702e-08
3195 1.4478498373196474e-07
3196 1.3317684483699246e-08
3197 1.5860477056171192e-05
3198 1.8520741727091953e-09
3199 3.98969827861723e-37
3200 1.0942839254486646e-33
3201 4.475976922331721e-33
3202 0.0006552350654160394
3203 2.499771562800332e-18
3204 0.00013356606135481538
3205 0.00029433253620902414
3206 3.3813884827158415e-13
3207 5.430724005308525e-13
3208 8.060320518506059e-39
3209 6.786944362637608e-27
3210 3.113261199759964e-40
3211 0.0006308336053693051
3212 5.860510616177268e-13
3213 6.367663770513811e-07
3214 6.661039989430612e-37
3215 5.136257976853716e-43
3216 2.0930027854605908e-10
3217 3.82664623862536e-06
3218 0.05379951449455184
3219 1.8704022952887256e-16
3220 1.6273262394647132e-09
3221 1.1453786376670909e-05
3222 1.8176466446667362e-34
3223 0.0002539420286944683
3224 4.1183618312598806e-38
3225 0.00012433302833312682
3226 8.806669139754138e-10
3227 7.617201849648563e-38
3228 8.834841264976245e-10
3229 3.4524170655102495e-10
3230 1.026527954510707e-09
3231 2.954321823540689e-09
3232 1.5608134577872993e-25
3233 8.611854234964732e-05
3234 1.8239011996485547e-06
3235 2.404196390533327e-09
3236 6.03279019029383e-10
3237 1.6241660775686644e-10
3238 2.568071868432301e-17
3239 0.07530472341948953
3240 9.395817770218835e-10
3241 8.656400335303401e-28
3242 1.0477289720462211e-15
3243 6.045973898416676e-23
3244 0.0001420924820872224
3245 0.0037186094212843706
3246 1.2297154832070848e-05
3247 5.42052665456309e-08
3248 0.02473717662361052
3249 4.562331933471535e-05
3250 0.009073206023819143
3251 6.645196957605344e-09
3252 0.02563362735384228
3253 2.859345113542642e-09
3254 0.0379909000296933
3255 7.029843069838296e-17
3256 2.34056024505156e-32
3257 1.7764110978799402e-09
3258 1.5895679087903843e-32
3259 9.990035621512022e-25
3260 1.4863891011499506e-38
3261 1.086277880149763e-43
3262 3.2131447257727895e-12
3263 7.955881493412735e-20
3264 1.7843279724276065e-13
3265 2.8304436524163162e-08
3266 5.0244459172387285e-27
3267 6.210266484527123e-10
3268 2.714925047517232e-06
3269 0.006334633602362509
3270 0.0011874400164447441
3271 1.4961989560443183e-10
3272 2.0786498646516503e-11
3273 0.018426545242206487
3274 6.22366023985153e-14
3275 2.33188117825815e-25
3276 7.71964981991051e-26
3277 2.1691398107129903e-11
3278 9.407344597023525e-20
3279 2.456131073538221e-15
3280 0.027177822901536038
3281 4.6908400343318865e-05
3282 5.705158589315552e-09
3283 1.1890253707598074e-10
3284 6.625807956844668e-12
3285 6.175264069497352e-12
3286 2.1404944163563476e-08
3287 2.0584928486778026e-28
3288 5.547055885921224e-14
3289 0.0006357495208510989
3290 2.568838905898949e-09
3291 2.1493310983400586e-06
3292 0.004149709052989828
3293 3.659391927020871e-40
3294 8.88460060920177e-10
3295 2.503967598639926e-09
3296 4.409906999748776e-41
3297 1.6787128637511337e-15
3298 4.4871430062475026e-41
3299 0.05169074990710505
3300 4.91404730744564e-19
3301 3.5145587344299836e-15
3302 5.5212941723953077e-45
3303 6.002884516804762e-12
3304 8.537431972624293e-46
3305 2.9630590114513872e-21
3306 0.04565144358114137
3307 0.0006394963660257026
3308 4.2711097494677704e-52
3309 4.184840186920613e-32
3310 1.9674834490438104e-09
3311 1.6199466371833916e-10
3312 1.5893605915955087e-05
3313 4.138375411102049e-13
3314 4.182701998584936e-57
3315 8.789503197873042e-18
3316 6.961106833710671e-16
3317 1.585042511001763e-42
3318 1.0229011189591177e-14
3319 2.385385409826174e-46
3320 4.6252142860392957e-20
3321 1.7588792241360492e-35
3322 2.8464106094433904e-18
3323 7.286552593902672e-16
3324 3.969832288526548e-35
3325 0.08413546727303982
3326 2.8603033519367087e-06
3327 6.519831346719745e-15
3328 5.462259245403953e-09
3329 6.765116405625268e-07
3330 1.1529783972325976e-08
3331 7.377073495936805e-08
3332 0.0026789347799957832
3333 1.9030718883995553e-10
3334 9.373397505071182e-26
3335 1.1202269514573213e-08
3336 2.43713470804725e-22
3337 0.002617311459901615
3338 1.9869847797205192e-48
3339 3.1124097492178543e-15
3340 4.539161318329565e-09
3341 1.7984284392879674e-05
3342 3.9348766916528275e-18
3343 2.6199941175037826e-36
3344 4.650174682630838e-09
3345 0.022656189595872355
3346 4.9036280647410824e-54
3347 9.610830548531816e-09
3348 3.3437697430896827e-47
3349 4.2012159879941604e-14
3350 0.0004633860715784185
3351 6.745256951260701e-14
3352 6.688829040479867e-14
3353 1.2371542244520892e-42
3354 5.143226668461477e-06
3355 1.0619063529150403e-08
3356 0.009564367336585822
3357 5.394440737688042e-10
3358 2.39603211800986e-24
3359 5.909879909291395e-34
3360 4.68823077233219e-14
3361 2.1952667093849933e-09
3362 2.7080115091398314e-23
3363 5.144612456533767e-11
3364 2.1949367988205758e-09
3365 2.0721787954763695e-10
3366 1.683992801233552e-46
3367 5.99046897903323e-08
3368 1.0500845165231715e-34
3369 9.726338755196693e-06
3370 4.578587592919792e-08
3371 0.0012146935976533133
3372 5.259999226114981e-15
3373 1.359174781307035e-15
3374 1.2586428611377208e-06
3375 3.984093988362206e-33
3376 0.0003359690689762632
3377 0.0004571862323040696
3378 0.04329218745077453
3379 1.3964800879974854e-31
3380 1.6940727129831189e-44
3381 4.568316934425965e-15
3382 0.016846057693454385
3383 1.6909436304978484e-08
3384 5.814437443322505e-55
3385 2.514430993645164e-09
3386 1.3688965317159452e-16
3387 1.3034596624457303e-26
3388 1.1172993387761664e-11
3389 7.984291146768185e-09
3390 2.131482827109271e-06
3391 1.187323320853431e-08
3392 1.8690612958333205e-20
3393 7.113985779962859e-09
3394 0.0673997690871361
3395 3.150100636037859e-35
3396 5.157151070561192e-10
3397 7.456042719016466e-13
3398 2.0661077051778884e-18
3399 0.02419829541274302
3400 2.70542174290509e-09
3401 2.4943181989414454e-13
3402 2.2954563942775972e-05
3403 1.6208007978624827e-20
3404 2.396305816001957e-10
3405 0.0006306102558961497
3406 2.2290955155378353e-10
3407 9.90842661181196e-11
3408 8.843726428839938e-47
3409 4.881271473887981e-09
3410 0.0028434328085249353
3411 5.117028719084104e-18
3412 7.626360362196988e-06
3413 0.002102831038673642
3414 5.04498739469971e-22
3415 0.0004750267486246469
3416 2.0057095848657278e-08
3417 2.941360694152794e-09
3418 0.005335443251704096
3419 6.27099832225276e-09
3420 9.346256271334709e-05
3421 6.113229332297967e-09
3422 4.905229493358775e-26
3423 0.016858820409972754
3424 1.5068649993038416e-10
3425 1.0558556839652916e-08
3426 1.25112887604608e-41
3427 4.369134104678066e-26
3428 1.8571160209436965e-11
3429 3.705605389359999e-34
3430 5.026477502839853e-22
3431 9.208931368815493e-11
3432 0.06018223444019452
3433 0.0327125497936539
3434 0.05416725386402089
3435 6.374903110234464e-09
3436 1.4218418400649161e-28
3437 2.9254609649202563e-08
3438 3.912616300163614e-29
3439 2.239652115264585e-16
3440 0.029375115553346688
3441 9.674088871001477e-07
3442 0.03727298928239744
3443 3.0854180700688886e-09
3444 2.069436820333727e-29
3445 1.2944040616395783e-06
3446 6.372520489402535e-24
3447 1.8611098355184776e-45
3448 3.699279414833357e-28
3449 1.610377740804803e-30
3450 3.2701992342769494e-11
3451 0.0005239049083016261
3452 3.959876432823933e-14
3453 1.0748306513040068e-29
3454 3.4078133185202824e-26
3455 1.384901019028118e-47
3456 3.249336614154853e-30
3457 0.013971287673762682
3458 8.490326864138455e-12
3459 1.2519038828864436e-27
3460 1.089789107725449e-12
3461 2.6458038267599195e-08
3462 1.0778856034430026e-52
3463 0.06752962244866144
3464 1.4374563971322024e-19
3465 1.8158792447005374e-53
3466 1.2870154590639658e-10
3467 4.450940724358488e-08
3468 0.0059726142453837795
3469 3.06816773793434e-23
3470 0.00022624989407225298
3471 3.1316999524723314e-09
3472 2.4156209331105143e-43
3473 1.038929065275972e-08
3474 4.906339271324544e-07
3475 0.00018143956740173083
3476 1.1018026114476015e-06
3477 5.758769894602992e-53
3478 0.023463163814251876
3479 6.942933667547114e-09
3480 8.096871095448063e-06
3481 3.347129407029304e-37
3482 2.4510033047179113e-08
3483 7.830835347890207e-28
3484 5.737025114871191e-08
3485 6.39192460782232e-18
3486 0.050478267360730515
3487 1.846828275859168e-11
3488 1.7492481302645176e-16
3489 1.7094694924365418e-24
3490 0.12033959519483466
3491 5.74421894389157e-16
3492 0.004857284799225152
3493 2.5549860989815228e-09
3494 2.94950515695138e-11
3495 0.0011337109524778874
3496 6.904660225111992e-05
3497 1.2764303819092168e-26
3498 4.814801924852948e-41
3499 5.066704185205252e-06
3500 0.03915175281137022
3501 1.4892243029189055e-23
3502 6.2131994129529004e-09
3503 6.921657060226052e-39
3504 1.1272046688585339e-29
3505 1.0949624901796006e-06
3506 0.009571809374756204
3507 3.6019699307453963e-11
3508 1.5535127376811973e-10
3509 1.3284548629595859e-11
3510 1.0311178807650548e-25
3511 2.4148397362968265e-08
3512 0.0035366142789417148
3513 0.03248728119519545
3514 2.914420664230516e-23
3515 4.732603845958372e-18
3516 2.947109107493162e-35
3517 0.00039380653494549195
3518 1.044796843607412e-34
3519 6.2181208612314355e-15
3520 1.1581791712920661e-35
3521 1.4112756658513796e-07
3522 1.332444807949734e-37
3523 6.813752528144636e-33
3524 3.459161723750045e-49
3525 0.00020790262007131763
3526 0.004485787452756308
3527 9.308810184844357e-52
3528 2.2102180434383773e-51
3529 2.0898796044546087e-08
3530 1.6648487138490554e-44
3531 8.61633588666261e-09
3532 4.630520445765107e-12
3533 5.17079414117753e-07
