0 2.8494279479244955e-05
1 7.751363711259441e-07
2 1.2528071091460296e-07
3 2.426095869244683e-07
4 2.495514849010356e-08
5 5.273553022902875e-07
6 5.416449266614442e-06
7 1.068822941829578e-08
8 4.990701165884445e-18
9 7.336319130402416e-24
10 0.00022066543834556985
11 1.7327086480405631e-15
12 2.3189125339785022e-07
13 6.209065575357387e-23
14 0.018639110627430885
15 6.935315654656073e-05
16 6.701533604012971e-07
17 0.0011955598526212539
18 7.08975133673965e-08
19 6.200124210937458e-09
20 7.762441516628492e-06
21 2.4576951839252605e-06
22 0.006077220952498481
23 1.0664902685155573e-05
24 2.444471892184193e-08
25 5.6024384385859324e-08
26 2.055533515276927e-17
27 6.668813674926565e-23
28 0.0021055141812323895
29 7.620997157455507e-10
30 6.122801027542064e-20
31 1.292027453927768e-06
32 3.8049434208039017e-33
33 1.6934768281766643e-05
34 4.324171326575921e-10
35 1.8311143735355994e-08
36 3.6082396573926236e-05
37 8.853651351272952e-21
38 6.50574637295862e-07
39 0.009567740292929918
40 1.38147012731344e-18
41 2.220300745814853e-22
42 2.36030651123412e-15
43 0.0011749690092899981
44 3.7792525287274473e-06
45 9.843764770894346e-09
46 3.877008279236267e-08
47 0.06000525782701851
48 1.0320084467900261e-06
49 3.7650659305037724e-13
50 1.1684356010458452e-12
51 1.8726510032358842e-07
52 9.36305602295814e-13
53 4.6524365919785836e-05
54 0.00411101946310495
55 1.3678350074614e-07
56 0.0046338353778494715
57 7.496252901016192e-18
58 5.978013075049299e-07
59 3.695034370717558e-12
60 2.5294558639717865e-07
61 2.6593845945203944e-17
62 0.02296781559694771
63 4.599157465651965e-07
64 0.0001469014488030588
65 1.8279271105751563e-13
66 4.178968817533495e-13
67 9.478126996930565e-15
68 4.284903956950225e-06
69 8.768468259628892e-11
70 1.584664801261318e-17
71 2.132884534738251e-06
72 2.547125119641351e-25
73 1.867587475837157e-31
74 2.764147779961523e-14
75 1.2281490091318521e-18
76 1.0198472425645316e-07
77 1.6581273055647584e-05
78 1.9208505446009083e-06
79 0.005970345351071672
80 2.607609080336241e-13
81 6.7711493563596e-19
82 1.832801102950702e-13
83 1.2381305337548808e-33
84 2.42834427120864e-16
85 4.811458706134914e-09
86 1.729542919645664e-09
87 0.005313072247910487
88 5.238993751034141e-07
89 0.11161677102118461
90 1.6787510969530895e-14
91 1.0725089242597316e-14
92 3.2680215884382036e-08
93 0.019622923910000974
94 5.5842840358159106e-24
95 5.075288279277652e-19
96 1.3321832862081088e-08
97 2.2134461146737636e-07
98 0.0015036113237555354
99 0.02916563417612863
100 0.001791230408318415
101 0.09516375773518965
102 4.393477468995758e-08
103 0.002893680769104869
104 9.066108118063181e-18
105 3.623583515190452e-20
106 8.355269175095801e-10
107 0.05259658449040624
108 5.3265936767029204e-21
109 2.542109304808462e-09
110 5.254757243721375e-07
111 4.006646862502757e-25
112 0.07680769842580626
113 1.2574938290357384e-13
114 0.0001906845809706595
115 0.00048711639633007206
116 3.182235251449998e-15
117 1.2755049541164618e-15
118 4.441020548028023e-16
119 1.1689248937398579e-09
120 0.00034438418491177045
121 1.6743749606582634e-17
122 4.302118269537614e-12
123 2.2104776584567506e-08
124 5.601592111746409e-13
125 5.5329109440692376e-11
126 0.0026443246580502592
127 2.5046536114299578e-05
128 0.04481508258993999
129 0.0020054959979750554
130 6.223656611158557e-08
131 6.880969207953155e-33
132 0.0040514234761193525
133 1.696715334122699e-05
134 9.250494215660975e-20
135 6.405448469190332e-27
136 1.530077478221809e-13
137 1.6165174804982268e-17
138 4.0749548654194035e-16
139 0.011476159629977507
140 0.03282560762787306
141 4.7909937523642154e-08
142 0.00012318813805595348
143 5.961859455532385e-13
144 7.35668033755365e-07
145 4.281321979709133e-08
146 0.05691459259277252
147 3.574208526337907e-06
148 2.1338010968608143e-12
149 2.9176941615738896e-07
150 1.1833866876087286e-07
151 9.964823832424888e-08
152 0.05271805363183708
153 1.4562770423505325e-19
154 2.920846380220409e-06
155 0.035451461439396474
156 6.421415025301191e-06
157 4.341066324322659e-09
158 0.004436633940118596
159 0.14024120428983827
160 0.0895434644284109
161 1.5569949381887656e-14
162 1.1157082597600297e-25
163 0.057674698120800026
164 8.028897950293459e-05
165 0.00020468278497266012
166 2.8495939145431312e-09
167 1.94385491173856e-08
168 2.9458494917978416e-14
169 4.864808322254918e-09
170 0.003515663396676025
171 6.171600784951012e-17
172 4.720818021526011e-06
173 0.0017037419295641784
174 0.07118230554654292
175 0.008439761957546468
176 2.493555371095184e-09
177 0.04037811200507712
178 1.350342325876095e-17
179 1.2210234182464848e-09
180 0.04120711787980056
181 2.4474756947651243e-22
182 7.543858024380188e-05
183 2.102743663508295e-06
184 3.4553296472741377e-08
185 0.014301406595753451
186 1.7964406403285289e-09
187 2.445270007008235e-08
188 0.004037268136851425
189 0.06279876558589526
190 3.736470910034241e-06
191 0.026549620983278985
192 0.0013316372551938774
193 4.375798658942605e-23
194 1.3611339764523342e-18
195 0.00023626864643532135
196 9.353262782530846e-05
197 2.0181739163856162e-07
198 1.8121319020495078e-05
199 6.007869228961718e-16
200 2.925199615949396e-08
201 1.2179531986821592e-07
202 1.6077396303492061e-06
203 2.812427870275706e-13
204 1.4502890226577818e-21
205 3.0246336542661402e-05
206 1.6956612499022558e-05
207 1.491864811428165e-06
208 2.7400536838714638e-05
209 0.03770638112399126
210 1.0505507303077133e-12
211 0.00520783981069569
212 1.1921102733837516e-08
213 3.516671992589347e-11
214 0.10679468063630015
215 1.924130999214298e-05
216 1.653838916364205e-18
217 1.2760643795322518e-05
218 3.684092670785581e-09
219 0.05230142443084321
220 6.0381108826655475e-09
221 1.1223778637027267e-14
222 0.022546189606534126
223 3.2068038319034286e-18
224 5.602447943286846e-19
225 0.03631219909356233
226 0.10298200799635623
227 4.0849284580203647e-22
228 1.644080446777044e-08
229 2.5987459814300366e-15
230 9.000566537219113e-19
231 7.436725030571724e-19
232 0.11563871000893133
233 5.57669203548126e-08
234 5.353048111493006e-15
235 4.197316658767031e-25
236 0.1050398906331891
237 2.4506010219863844e-18
238 1.921540035166412e-06
239 1.155288240904593e-20
240 0.021910966223500385
241 3.508870386856059e-05
242 1.8802720823356e-19
243 3.522062390573401e-08
244 1.9817507892797613e-06
245 1.1773232300637252e-13
246 1.887671262394059e-21
247 0.020545859817946276
248 3.652958484033222e-32
249 0.20095682545193327
250 5.433817171874477e-09
251 1.8160534766319465e-30
252 0.03441258290690936
253 0.023180062416974873
254 1.0099203176305229e-19
255 0.0012459098577124557
256 5.439486895586189e-14
257 6.618788349189803e-27
258 2.0701329229707483e-15
259 1.024058776111657e-21
260 1.982319556711211e-06
261 1.0259539593149417e-13
262 0.00946715354268867
263 0.03439005405834811
264 0.003490329403217637
265 0.029091140495332037
266 1.5503065561231533e-09
267 0.002203586004384788
268 0.002588511925366689
269 0.013323120823088945
270 0.0013071914780487283
271 0.03072273613608518
272 0.0307240509383092
273 1.6956389673960308e-10
274 0.8594426538551235
275 1.0368254830015796e-14
276 0.05854727965782411
277 0.04657804579523434
278 6.287563805160558e-18
279 1.891419537724449e-19
280 1.892121386342198e-09
281 0.00010466555672540929
282 1.2738785053881051e-05
283 2.5654645513346105e-26
284 0.0028086019089331284
285 0.11515119745805928
286 0.12384618951080843
287 3.06866132631735e-08
288 1.9089273538247738e-21
289 8.801136135755481e-05
290 0.018687117107988413
291 9.423279935059882e-05
292 0.04913271330238197
293 3.9246129549113355e-09
294 1.131003309497568e-20
295 1.070657609438994e-06
296 0.035669831344259405
297 0.00017096150261832168
298 0.002464344703997314
299 0.09886155295730106
300 0.017525124778843038
301 0.0023642441805830075
302 1.8426976621942306e-05
303 1.5555101885719084e-15
304 8.25978912249867e-09
305 0.056248780326490194
306 8.498164616958796e-08
307 1.254588806118236e-07
308 0.02094839504638057
309 0.8096162157585967
310 0.6308134529113495
311 0.06654324009826049
312 0.7026573425361645
313 5.148791241901676e-08
314 9.28833580927632e-07
315 1.7406894842489007e-08
316 0.7379618733674215
317 0.0027238779492335064
318 0.03971598053715955
319 2.0537516467222743e-18
320 2.3497691589188055e-08
321 0.540815419251291
322 0.04439875331751436
323 0.35219495895566927
324 4.148128817105412e-05
325 0.49780446936906714
326 0.027392162292661486
327 0.45432208575858296
328 0.0001039985037431104
329 0.4251594645875261
330 0.3348093455198735
331 4.322892347641006e-05
332 0.04802968479600218
333 0.023759738013590225
334 0.1638079564410223
335 0.041708920031836995
336 0.16298752696950725
337 0.20258966937483697
338 0.1615916211139744
339 0.16089402077059903
340 0.2066822150493373
341 0.03142898994435852
342 1.410663867990293e-09
343 0.1925149852443015
344 1.0523725446598593e-15
345 0.24287593427898285
346 0.2513461468262834
347 0.019569603449515974
348 0.19323701953108416
349 0.14886259341286665
350 0.006550578155992924
351 1.769960023666763e-15
352 0.004712168242438306
353 0.019511299744709894
354 0.09811364008200231
355 0.12530658510074622
356 0.02902884549190592
357 0.17024343644859558
358 0.00847554441681404
359 1.3701307002872125e-23
360 1.0399596504840103e-13
361 0.059947793266666154
362 3.763942765086188e-06
363 0.008063559667974524
364 1.8512408429707878e-07
365 8.68689147859651e-07
366 6.969375157473339e-14
367 0.006907934509302584
368 1.9564509010958902e-05
369 0.13678919000753093
370 0.015217473142369365
371 0.0020550691942766747
372 0.014154295836612596
373 2.449885078521802e-07
374 0.01439800938953155
375 0.07176975661990545
376 7.176089400404475e-06
377 3.5036205445376857e-13
378 0.0007616831295013373
379 0.10409806132956471
380 0.0715452848399336
381 0.00295363724480083
382 3.2095007567078665e-07
383 0.003570269548160061
384 0.008976232919474261
385 1.46119295574691e-14
386 0.03736136725229684
387 1.4121432619623126e-05
388 1.1393086500306857e-05
389 2.4578665235490946e-06
390 0.01304153665700027
391 0.510127570307317
392 0.004350043777001712
393 0.3890589728241401
394 0.014418505241339025
395 0.0456132719221972
396 0.02328695593595364
397 1.0101811383557909e-07
398 0.6372196090567394
399 5.8311484668009534e-05
400 1.115823915189292e-05
401 0.542811180900656
402 4.473914903990512e-13
403 0.00018326442867576512
404 0.007541273922368419
405 3.97253701508618e-05
406 0.011781954610404674
407 0.7976993976101949
408 0.00011844259460182847
409 0.006288497595447084
410 1.7749438448029574e-05
411 2.3624673025231687e-14
412 1.409657797783421e-19
413 0.007886195504721237
414 2.3858515529026585e-20
415 1.9234716004335156e-21
416 0.01069345946119922
417 0.004649792388550606
418 1.3222271709440235e-05
419 0.007838395110611244
420 0.005047662067740314
421 0.01999288432000842
422 0.10015916601082857
423 1.0973526335875186e-13
424 0.002130346418759562
425 3.8392155952215467e-22
426 0.006319191118226751
427 0.0038447010962440816
428 0.008822233649607669
429 3.844778565890094e-12
430 0.013604254952647492
431 4.7269536840464e-14
432 0.0019141512719689962
433 1.8417043570494929e-06
434 2.0576262687535067e-12
435 5.387106099796339e-07
436 0.02432315802953745
437 0.0007290571579322915
438 0.0014151084713221057
439 0.008512415585682664
440 0.012247759593720516
441 7.353613264287284e-06
442 0.0067495433845844366
443 1.6691568624658174e-08
444 1.3452790186547645e-14
445 0.006098125060420401
446 6.574298202512777e-09
447 0.008641516874999037
448 1.230702482117084e-13
449 0.00462690695401699
450 0.0005876912750703964
451 1.7096523321555513e-14
452 8.703826073658235e-14
453 1.7317765756156713e-05
454 3.3207921201408586e-26
455 1.0906539141676435e-05
456 0.002202169211855723
457 9.668657625272096e-10
458 0.012838601423633581
459 2.197939714173123e-07
460 3.970374734561068e-12
461 0.00032607924155564767
462 2.7908905547815403e-11
463 8.802869975002391e-09
464 0.006231522095175105
465 0.0009405138629730402
466 0.0718507423561573
467 1.0970635179128674e-07
468 0.006150120282686382
469 3.1587051577733106e-19
470 0.009274479658672044
471 0.0005120537526496591
472 0.00998130358803442
473 3.5046871681164525e-08
474 1.5186570479366858e-24
475 1.0735637696613554e-09
476 8.262588722437694e-05
477 5.740731084791923e-05
478 1.0261255518292233e-05
479 0.0221731471154253
480 0.12434998880838839
481 0.09084083430027658
482 0.00038150906884473946
483 6.9115752244562864e-06
484 0.003297603798107868
485 0.2893921105449918
486 0.03343626999708104
487 0.247316533635438
488 3.6496809601150495e-11
489 0.00014577128286151513
490 6.199405649939371e-06
491 4.376740955757138e-06
492 0.0038613511140055067
493 2.9773869774424504e-06
494 0.21679067113221834
495 2.8500104486401043e-13
496 0.00012751197538606116
497 3.3079617704280303e-05
498 2.473519389333304e-09
499 0.0056491046843232025
500 1.6292346088107162e-06
501 0.009696901918979869
502 9.403674393255273e-06
503 0.07153498122986267
504 0.04639031522870863
505 0.030674897266193227
506 0.004596248430527874
507 2.3764976910904553e-10
508 2.6059102165801643e-06
509 1.687329097044823e-07
510 4.0970092088687256e-24
511 0.0013096043122863084
512 4.463913142458003e-05
513 0.004093588252933581
514 2.5319752897967317e-13
515 0.004355542775744894
516 2.522984687697046e-05
517 6.037586059964252e-14
518 0.00019093293967424515
519 3.3841162901600388e-06
520 6.953851625004075e-07
521 1.028128092899007e-06
522 3.703493295665055e-11
523 0.002405457196311815
524 1.2237083470716487e-06
525 4.2769197637501484e-20
526 2.5054894187159397e-05
527 3.137702750171559e-05
528 1.1720439253876553e-13
529 0.00011431164086198547
530 9.78831905333836e-07
531 8.350348555292354e-06
532 4.5203573183334573e-07
533 0.007800153449188486
534 2.1392118090158504e-09
535 0.007067828002737758
536 0.007164990163194795
537 8.307458037811538e-10
538 1.4581122788147949e-07
539 2.4595422299719205e-07
540 3.634700148597613e-18
541 6.182000543973144e-27
542 9.738017149695934e-05
543 0.00038347066850476707
544 0.5602886654703504
545 0.00021734750708845177
546 2.362564794626689e-06
547 7.13145934372671e-09
548 0.00370010751032661
549 0.0024925149667992443
550 0.20539208966992206
551 1.5344043342880554e-10
552 6.032640218539367e-20
553 0.00039106335538008016
554 0.02537495231179715
555 5.623250453174164e-07
556 0.20413053603001938
557 0.00172193095813998
558 0.36433717302084556
559 5.683975916983902e-05
560 0.0007531929171249569
561 0.002072977564672706
562 0.0006273664053157548
563 1.6821598305919848e-10
564 5.402789783957185e-10
565 3.628367714829471e-05
566 3.7526334282862175e-10
567 8.248988104813239e-11
568 9.094274992303157e-21
569 1.872456024393711e-06
570 0.3652135908962092
571 7.021765513593533e-13
572 7.565939793362941e-05
573 6.415159421510318e-07
574 3.2362239566974643e-26
575 0.00026962273631949796
576 3.867619403056281e-12
577 3.843895677493065e-06
578 7.670404248756534e-06
579 3.197250684391461e-06
580 6.67319985397916e-05
581 5.1079194770435434e-11
582 9.861768864344651e-08
583 0.00023030571811009825
584 0.0002479017262614679
585 3.030080154927738e-16
586 0.3673320478072076
587 2.9866355161688376e-30
588 5.491413725453358e-06
589 2.722686274311967e-11
590 0.1985551772528545
591 4.856563142827184e-06
592 7.908274022840473e-06
593 1.2270202801341343e-09
594 1.457511463938277e-07
595 1.3225865724782181e-06
596 9.249164939045024e-31
597 1.120828028148027e-10
598 7.728829767318754e-13
599 3.788605821599773e-27
600 2.706351759297906e-07
601 0.0007022811125964716
602 8.1283357265134e-11
603 3.3014971381792423e-10
604 1.538209359755952e-05
605 0.0009454922079658684
606 0.001324947150036289
607 2.021827646793997e-07
608 0.0005243804915297548
609 5.914469482602773e-05
610 2.0413714288230887e-08
611 0.006352237559530773
612 0.00015541074160177245
613 7.827013546984028e-10
614 1.6656441334034874e-15
615 4.535403368966304e-07
616 1.39138942095729e-06
617 0.0025303815824867636
618 2.8878091680343944e-05
619 0.004783372014687968
620 3.8312266133201746e-07
621 4.2383750453557214e-18
622 6.77506006274165e-06
623 0.3000256848449153
624 4.346755706384928e-16
625 0.3537143595747708
626 0.3464791900728399
627 0.00017112787472391562
628 0.00016701624211937918
629 2.8128125850486916e-15
630 0.011236257071035574
631 3.4526240862863718e-16
632 1.3695340101410724e-06
633 0.5819667366700367
634 6.35396406827415e-16
635 5.0057897973796316e-24
636 7.366648166481214e-05
637 7.385251385969496e-23
638 9.817072581337355e-06
639 2.1479001999171684e-14
640 0.0010790929810195447
641 0.6110985632497388
642 0.00032214836221519113
643 3.773258461092004e-06
644 1.0713122571203042e-06
645 5.4046296547043886e-12
646 9.773725412522636e-05
647 6.0990935109007457e-05
648 0.4710429280254191
649 3.9670070815291e-12
650 5.352806295568767e-10
651 0.489647084356523
652 0.19649888440388408
653 8.089878420915847e-13
654 9.612587065635154e-20
655 5.0578004392746735e-27
656 0.00013919483062748675
657 2.530404915382919e-11
658 1.5014836653128984e-14
659 5.084018944130614e-17
660 3.4723199247689073e-10
661 1.6819771427819904e-27
662 1.6320584038635565e-09
663 0.6301359729976814
664 1.614452199254935e-10
665 3.152982945603421e-08
666 0.006678061022236
667 2.287788073176638e-07
668 6.725671880961787e-07
669 0.013714362204606579
670 0.01912282140058943
671 0.016121452022333924
672 1.2887803890698646e-11
673 4.480914924761645e-21
674 3.4954541731703006e-06
675 0.00040287454756086704
676 0.02060771738188698
677 0.0003076372004022651
678 0.00031553593519898914
679 0.057405993171678604
680 0.00033430285802710593
681 0.00010766976685113747
682 2.214352122465374e-21
683 0.0308509988010033
684 1.3350134540509767e-10
685 3.471205825082791e-14
686 2.1803608479865277e-06
687 2.8063206073045e-07
688 4.1189830133354644e-16
689 0.14395280112189204
690 5.101734081255977e-06
691 0.00020365425921551385
692 2.8868317717486645e-16
693 1.990269559260115e-07
694 1.6531726362584317e-18
695 1.8790710186261252e-07
696 1.8319596707627706e-06
697 1.0003628312864139e-15
698 0.633167559429282
699 0.0005445086930081743
700 2.6093966933229336e-06
701 0.0001796289198298374
702 2.023198110468187e-06
703 1.0871892827330245e-06
704 2.473464123321349e-10
705 0.0001948687710020806
706 2.9466734191711056e-10
707 0.0005412017901857572
708 1.4229863594575315e-18
709 1.202850471054345e-18
710 2.1809405906234772e-10
711 4.5890713080605586e-05
712 0.07725148149098508
713 0.0005027772958255923
714 1.009561752404872e-12
715 5.129336560128044e-16
716 0.14761637256458843
717 1.738688784186032e-08
718 6.044117223159691e-12
719 0.0006569414393834458
720 5.707213111515165e-07
721 0.000251001102518526
722 1.4651869337994315e-07
723 0.3196078460647905
724 1.9288364779918393e-06
725 4.770383443115935e-17
726 1.1289826023788979e-07
727 1.4007130243619757e-10
728 6.357611482416102e-16
729 0.04013140818336113
730 0.07345286194117663
731 1.0255534233389937e-09
732 0.0002753564288905144
733 2.0836807800013133e-16
734 3.837887853348736e-25
735 7.153564070099973e-10
736 0.10064335081682323
737 0.0041694550281909624
738 5.375586890554785e-16
739 3.306410940449018e-16
740 0.0003322304884114551
741 6.314808636438664e-17
742 5.777752104204851e-17
743 1.4455272306723333e-07
744 0.007235479739922122
745 6.164775879654233e-19
746 0.1545947055812117
747 1.1282303065073323e-10
748 3.623054727969749e-12
749 0.4507452993161568
750 0.03951446087798879
751 1.1476453602311757e-06
752 0.00023883062725842133
753 0.00017371147340224091
754 6.68830398495613e-17
755 0.00017661248071267898
756 5.295686069851839e-05
757 3.746669751955439e-10
758 1.523838557482162e-15
759 4.1437482977757644e-06
760 0.36767290041329614
761 0.0361552800194092
762 1.5601437842831836e-18
763 1.2133736201752154e-05
764 0.053966216509002775
765 2.221870851093386e-09
766 0.0001698414249511272
767 1.1810858515306393e-25
768 3.2843826870677794e-15
769 0.00030669899143736883
770 6.048678464004897e-10
771 1.3709695503049964e-05
772 2.9867666554338282e-09
773 0.0020439717597047413
774 8.279145795142174e-16
775 0.0005557678412120127
776 0.00018552561184912345
777 2.711815138082972e-07
778 0.24618823737981166
779 1.1748853525833409e-05
780 1.739093869999052e-06
781 1.3354846827741973e-09
782 4.746866074030961e-19
783 1.0793016648266364e-09
784 1.5371155209669682e-10
785 3.036151987965148e-05
786 2.49618168611595e-23
787 2.732920906426745e-15
788 3.2811879304950265e-05
789 0.03316194299368459
790 0.003962147677936227
791 0.004023008048082583
792 7.611965412215407e-13
793 2.5168221236139927e-06
794 2.4001502141431866e-17
795 1.0081095559390141e-06
796 0.0027035355193462244
797 2.733588133017479e-16
798 9.174656190372164e-15
799 0.07898687191281904
800 5.225707985987498e-07
801 5.387210023944518e-05
802 1.623388610996758e-15
803 0.00024007058863349245
804 1.0868610117676792e-11
805 4.20708457048232e-18
806 7.464438411527262e-16
807 3.7310357334306397e-16
808 0.05321152967495357
809 8.733433285994332e-05
810 5.272123842164933e-06
811 4.556057662585029e-08
812 1.589441507697711e-14
813 2.2259255488403156e-11
814 2.3784584127205257e-11
815 2.580341934427432e-15
816 0.8805550297825727
817 5.745067671950549e-21
818 2.298099218811108e-06
819 3.818905848183186e-08
820 0.028404632203333093
821 1.0797046933389786e-08
822 0.00016053656308706178
823 1.0971177371771221e-23
824 0.030461177711447178
825 0.781996301946942
826 1.4816202646005413e-11
827 1.768290175602626e-18
828 9.870423616102763e-11
829 4.392767272951629e-11
830 0.003469123862828201
831 0.18835270589093675
832 0.0031439545748828354
833 0.8713416657302544
834 0.05974975637057728
835 0.801406742022083
836 1.7127638435883018e-11
837 0.3176873515546792
838 1.3274201184727485e-07
839 0.25304776350036706
840 0.202690435011046
841 0.0002959470939267213
842 0.00019533784783166129
843 0.10738628391304818
844 0.0005238633943656551
845 0.18927555727551337
846 8.953648258186706e-05
847 0.22308268964263872
848 1.051926193636028e-19
849 2.0290789344884244e-11
850 0.0024952314600456098
851 0.0015210054157372296
852 2.856296443472862e-07
853 0.07031335228270309
854 6.465891286027144e-15
855 2.2681899881380646e-16
856 0.27657575180732513
857 1.2751693188706977e-22
858 2.7084883005186676e-26
859 0.11147068644752073
860 6.277280578638757e-09
861 4.415595375576697e-11
862 1.1247538796491382e-08
863 9.961054912850209e-07
864 0.8318399653563305
865 0.9551244732807459
866 3.785305949893677e-09
867 2.2521897521854273e-06
868 0.0020500060407584054
869 2.1341624270918402e-08
870 3.245780626884724e-08
871 0.011917455040449283
872 1.2649692962838543e-08
873 6.43760201982771e-10
874 2.845833613522673e-06
875 2.7898681465942767e-11
876 0.177679051151055
877 3.772835055207026e-08
878 0.000107244211827087
879 1.4541973021309132e-07
880 0.18174356839278893
881 0.13680636061146692
882 6.0706307357516195e-09
883 1.9183178236446075e-05
884 2.676185247814355e-10
885 2.3065961560945037e-09
886 0.9127972022714558
887 0.0001980184569585207
888 2.4889486368206024e-15
889 7.152004383619026e-09
890 0.016207349755772628
891 9.483246537389854e-11
892 0.0034209627772515162
893 5.34790955218898e-07
894 1.0898688284576813e-08
895 4.431811515967147e-08
896 6.132810713122664e-09
897 0.9707671688909069
898 5.42538434486476e-11
899 0.0017491320659426192
900 7.258043317966313e-09
901 2.4944340020673587e-11
902 0.7673528890105931
903 0.00028860040686285295
904 5.5263826337594085e-09
905 0.0001359170661857531
906 1.6334000621333226e-05
907 3.483555640446979e-29
908 0.0013860282983150386
909 2.556217340504199e-07
910 0.0029665546526387626
911 2.0001199420234495e-06
912 9.582964870204284e-14
913 1.012274905640353e-21
914 4.3662410562120863e-10
915 0.0016907200143561668
916 5.043380687364765e-11
917 1.8677223711476816e-08
918 4.054501726017333e-08
919 1.9711004843739457e-15
920 0.28623125969003615
921 8.904800795420158e-08
922 8.02628444209497e-08
923 4.030865469365095e-07
924 8.744582417254104e-07
925 1.6063482822155294e-18
926 2.056433684885569e-19
927 2.9788661842733654e-08
928 3.032208649949423e-06
929 1.1854265651329393e-06
930 0.002329862339501614
931 0.00019153233593620234
932 6.208928295317495e-07
933 5.098502067070273e-08
934 0.09746125979704366
935 1.1742302853952314e-07
936 4.995907002995556e-07
937 9.443915540496527e-07
938 5.339809512621795e-16
939 5.45468000125394e-13
940 0.6548834507790029
941 0.024260766452822567
942 0.061154255858799814
943 9.058871403459934e-07
944 0.00011680742095452954
945 1.7289877979031472e-06
946 0.49391654916687244
947 7.679305417912322e-08
948 5.970248592521045e-07
949 1.055417549457516e-06
950 1.5439262621762088e-06
951 0.22630681311754378
952 1.707196489050388e-08
953 0.07593166884053913
954 2.38732687746294e-06
955 0.1685577411531493
956 7.901283470963243e-11
957 0.00018021105128570154
958 0.0007680932834075469
959 0.11774428311975021
960 1.4919156312976318e-07
961 2.0145889835174635e-05
962 0.24786161504513252
963 0.0011216719177794968
964 1.1104265638703848e-24
965 0.027390890269424623
966 0.30465673714738223
967 9.76039984688593e-12
968 2.318895927849301e-18
969 0.00048198943932582853
970 0.00012401957904356788
971 6.555545350711253e-09
972 3.3972262292187965e-07
973 8.439381776130399e-05
974 0.00011018688212346427
975 0.08514188477241733
976 3.2705935596383974e-06
977 1.713770776245529e-05
978 4.721043591543616e-08
979 0.0015884654559501189
980 2.4294460837066693e-16
981 0.00010986121747417884
982 5.506967204600882e-05
983 7.542291183505095e-20
984 1.415525475805643e-07
985 0.0754433322529512
986 0.004323258226663551
987 0.000313341338343243
988 7.364852902575803e-18
989 0.004168833362058033
990 2.4850268999128938e-12
991 0.00022077130390580534
992 0.00011204254646356042
993 1.611746419076063e-06
994 2.3081974496721864e-10
995 0.06829088445307549
996 7.654051804317187e-05
997 1.60584230945554e-07
998 0.4894129438871609
999 0.10601825862934024
1000 0.09921281628665593
1001 0.0001906505928620262
1002 3.9228805559335435e-08
1003 7.320993390665735e-05
1004 0.0028884550936883534
1005 5.520343003128155e-08
1006 6.378643988069465e-08
1007 1.085458746394635e-09
1008 2.04816619491761e-05
1009 0.0016551747778701163
1010 0.00012796491515024142
1011 7.619285532986967e-15
1012 2.1539213906848695e-10
1013 7.392683943341172e-06
1014 1.4645730292637816e-07
1015 1.6251388392857342e-05
1016 7.562117812842507e-19
1017 3.7166477474277954e-07
1018 6.314128547956252e-08
1019 0.0007708266325014072
1020 0.010939594811459499
1021 6.800073003436786e-05
1022 6.623497205927635e-05
1023 0.07762071724156361
1024 0.001049733332647802
1025 1.10849102352445e-08
1026 0.0014514887796963252
1027 0.00273175839535716
1028 0.1084763562086825
1029 0.0019129522555889839
1030 0.00012817972376130994
1031 0.12932148691676357
1032 0.016051826677686582
1033 0.0013264112704896446
1034 0.00010838496100172645
1035 0.003541803965144766
1036 0.001895541204984548
1037 0.0034684085475743145
1038 3.5668746936373265e-05
1039 0.6388925206699992
1040 1.7542126813010285e-06
1041 1.3158202938766198e-05
1042 1.1554729358728715e-09
1043 7.120226521336691e-06
1044 4.976332645958584e-18
1045 1.6338721496395995e-15
1046 5.80373933125891e-07
1047 0.08650273933904708
1048 0.0009527850294187529
1049 0.0014937426753365752
1050 0.0009086803968143326
1051 3.9767243742191085e-09
1052 0.1308324440859559
1053 0.05145278986507494
1054 0.09357206683873123
1055 0.0004812430672820004
1056 1.3249070205341638e-07
1057 1.3610943414230587e-08
1058 0.04037042461251322
1059 0.5013320420493702
1060 0.007604308163801073
1061 4.055083314835217e-07
1062 5.457403991420545e-08
1063 7.441574479856627e-08
1064 2.612911770173245e-18
1065 0.013545900221901289
1066 5.1531241669007575e-18
1067 0.0750750052541571
1068 3.142683051523522e-07
1069 0.001570564186249061
1070 5.1944028052888e-16
1071 1.715872671359903e-08
1072 4.638238949433932e-06
1073 0.0033440029491171083
1074 1.0919369345761722e-06
1075 1.8853365981112952e-15
1076 0.0019362617371532452
1077 0.0012728706159813863
1078 9.560888182201648e-17
1079 0.02243483344670409
1080 0.0031917696351118044
1081 0.07732219351625949
1082 0.00042350480740332085
1083 0.001390570197557191
1084 0.03448385964494051
1085 0.11967062086797599
1086 0.09253336700095123
1087 6.113846854916767e-17
1088 0.0032358478600407435
1089 6.986286104834148e-07
1090 0.07878953450951147
1091 0.15354430960392637
1092 0.1541481173962599
1093 6.6805147108159436e-09
1094 0.0003887631905656479
1095 0.006268344846026566
1096 0.03859123340331212
1097 8.559083640775486e-07
1098 0.011415898102292968
1099 5.651129636092522e-05
1100 6.379831183288674e-11
1101 0.004034900085157238
1102 0.7732848489907287
1103 0.0004956860759700902
1104 0.0001783455543485597
1105 2.492681404257353e-17
1106 1.988643272915653e-06
1107 0.8771167720082534
1108 0.0003347784758427037
1109 1.2614212324497033e-09
1110 0.30232921974746896
1111 6.266923909677717e-11
1112 7.867418673434099e-11
1113 0.0933733634478744
1114 0.1326148874736169
1115 0.00013089948966457288
1116 0.028975776024645634
1117 8.243342845390588e-10
1118 9.047343566929943e-15
1119 0.0018502847653790744
1120 0.001116766533469905
1121 1.813002201532448e-05
1122 9.447670652444648e-08
1123 0.0035283069914106113
1124 4.823498233737048e-06
1125 0.8447731209058116
1126 1.7374891842578e-05
1127 0.11186297820313286
1128 2.24504179143256e-15
1129 2.150286257627257e-11
1130 0.9079966583467302
1131 4.892039277566654e-16
1132 0.05377512969731314
1133 0.09865368589428304
1134 2.2351371463011047e-14
1135 0.000115839130631609
1136 0.0009350613424564502
1137 4.6070950410721804e-10
1138 0.019334412374222253
1139 1.5142650462057142e-11
1140 2.09950249450566e-07
1141 4.916547541642274e-10
1142 3.759412729449522e-12
1143 0.047237026015636625
1144 0.0006558543600276291
1145 1.3553644547439153e-07
1146 0.013285399686903787
1147 0.09014565451330521
1148 5.3064157358433875e-08
1149 0.08085244252575031
1150 0.05526508035621712
1151 3.3455533117622304e-05
1152 5.400783492543541e-09
1153 0.0007871040637329295
1154 4.915571998796043e-06
1155 0.05547674850233932
1156 0.0012615731735230512
1157 0.428523875314245
1158 0.0007086668911980116
1159 3.359876238263487e-07
1160 4.8574625844176324e-17
1161 0.03040375053029709
1162 1.634983136408822e-11
1163 0.0666625025218481
1164 0.17073752000541634
1165 0.04458305444133931
1166 0.46269840694911596
1167 0.0029854731207815937
1168 1.8694492510999375e-06
1169 1.4247453891511703e-07
1170 0.6214442927237137
1171 0.2228339479918223
1172 0.671327408953524
1173 0.04315385197942608
1174 3.2141028331667673e-11
1175 0.06712108905224501
1176 0.21990591668586568
1177 2.0883021962752563e-05
1178 1.271085118651876e-05
1179 0.0014714590129987501
1180 0.003259010525149265
1181 0.015578031196420504
1182 0.07598137165933555
1183 0.22873029988501514
1184 2.3573704405576213e-07
1185 0.8220876191045294
1186 0.00351896610609335
1187 0.0018712599921998849
1188 0.0005391005309541402
1189 0.11378407255349679
1190 0.06683983055910699
1191 0.002450649187551485
1192 0.2815189102925535
1193 0.8876553236842599
1194 1.8332413981433074e-05
1195 7.973616031848057e-15
1196 0.9276774886045939
1197 4.786003414638773e-16
1198 3.1015119703318255e-08
1199 5.38175419769839e-11
1200 7.428837540254025e-05
1201 0.10204884069264004
1202 0.00014813260573104853
1203 2.0306984831636357e-16
1204 7.838487062486844e-11
1205 0.005521422641369619
1206 6.76885860817699e-05
1207 5.1812226848111006e-05
1208 1.4611672884968265e-09
1209 3.489947506596566e-11
1210 0.1909835082725886
1211 0.0028553624079264567
1212 0.10158170818764516
1213 0.0005134219937844427
1214 2.6068853814342886e-19
1215 5.435045511978942e-05
1216 1.0784166110856947e-06
1217 3.803286549374167e-11
1218 7.443960808342222e-09
1219 2.344620193610262e-09
1220 0.1317430232938993
1221 0.2332267732182731
1222 0.04990027110310873
1223 0.34641704383108757
1224 8.490597101056608e-08
1225 0.2049058337996434
1226 0.024279935433575452
1227 0.08514701351013462
1228 0.0008759687012734171
1229 3.3695816364341576e-16
1230 0.00024956758987464535
1231 0.0008820899282369123
1232 0.054296746183407865
1233 0.1410795499846017
1234 2.941039326245564e-10
1235 0.49109900645588334
1236 5.5409220657828655e-12
1237 0.0009120618685555002
1238 0.015323738246138231
1239 0.4776310226868947
1240 1.7183929410515965e-18
1241 2.859112472193768e-08
1242 0.0005127055443426362
1243 1.6940211801769474e-08
1244 0.00035942436435434027
1245 0.0021063345523473923
1246 0.00011437169895033525
1247 3.1567623145901004e-13
1248 6.378698769689279e-07
1249 0.03706089786801059
1250 0.9583026983511006
1251 0.1363522574933229
1252 0.46739097820263975
1253 0.05033936202095456
1254 0.8888360571452342
1255 0.0001252525308946997
1256 0.0002020501675222177
1257 1.9037923239363128e-10
1258 3.466326495895725e-16
1259 0.1905771172363736
1260 6.627297952315373e-09
1261 0.04828544926358755
1262 0.33249788626767707
1263 6.715840132632368e-10
1264 0.056150353430013344
1265 0.025641480088289384
1266 0.00032252298994875714
1267 0.0032547817458271414
1268 0.2335949730954982
1269 0.00043248821218481255
1270 3.24301309990489e-05
1271 3.8532279200833206e-10
1272 0.22692314160056606
1273 1.825828095570471e-14
1274 0.7632889755189344
1275 0.7696489329123607
1276 3.1211189776409767e-10
1277 8.323665360122973e-05
1278 0.6965293191295856
1279 0.08514539196978538
1280 2.812178983939101e-07
1281 1.3220560962141573e-05
1282 0.969632550003417
1283 3.027063659863579e-05
1284 0.001394171284368266
1285 0.19108373103095408
1286 3.7485405025912645e-08
1287 5.5006335336239235e-11
1288 0.28691191863253646
1289 8.168741465848993e-08
1290 0.4462544820844503
1291 0.7921022238736178
1292 0.30482520261151014
1293 0.6060969113935081
1294 4.880146399151193e-10
1295 5.468286564977127e-10
1296 0.8380157719143364
1297 7.96854662003998e-18
1298 7.116115601218771e-05
1299 0.059948864146211936
1300 3.6604099349391514e-10
1301 8.352215166697084e-06
1302 4.5237792204662715e-06
1303 0.17096628550645795
1304 0.16440471963992756
1305 3.1890819685215786e-09
1306 1.2289741105835797e-09
1307 9.316680107608674e-11
1308 0.014493551127300235
1309 5.086293092528494e-10
1310 0.0668059279320808
1311 0.007280385852356664
1312 2.2214123071042175e-06
1313 0.1772611755179519
1314 1.431796134227592e-07
1315 0.3275638981256319
1316 0.0001632439549780866
1317 9.449999441930931e-06
1318 0.04717844327004246
1319 0.0013486890896324806
1320 0.28876548150772186
1321 1.8264341250376443e-10
1322 0.2565719464315437
1323 0.14790972399746216
1324 0.0002306398513627969
1325 0.02644368870157938
1326 3.706230602631484e-17
1327 7.695828404608485e-05
1328 0.22445059761544417
1329 1.3683078550930537e-06
1330 0.006506865973772554
1331 1.9280463752388408e-15
1332 0.26001137469115276
1333 0.15594908969013152
1334 0.2866730256938159
1335 0.2655162505321196
1336 0.00332666122537063
1337 0.02216808881543081
1338 2.5829422038664043e-06
1339 0.07692109067853584
1340 3.220224987631235e-05
1341 0.0005270988761937855
1342 0.01856975610741805
1343 0.4250559785487618
1344 0.054895324766510045
1345 0.08009227243940106
1346 0.028384481401022534
1347 2.2539046026501548e-05
1348 0.0005068148122663943
1349 0.0074472240428047395
1350 1.355700761286771e-05
1351 1.247133438605199e-11
1352 7.667868145990035e-05
1353 0.3573985733809512
1354 1.5364174503545898e-14
1355 4.4615828101991727e-07
1356 0.007700482492431623
1357 6.959804409029568e-05
1358 0.0016489202388065732
1359 0.4314855665715082
1360 0.004088650585003546
1361 0.00021701720473556098
1362 3.255035953047842e-08
1363 9.38881425163556e-14
1364 6.091726898072215e-07
1365 0.0004913208454248053
1366 0.05775623535908737
1367 0.9403652059399165
1368 8.858033333463133e-17
1369 0.048594466582271165
1370 0.9276290554897983
1371 0.12767964943234664
1372 0.22546846708112078
1373 0.030284656276071895
1374 0.0006737739922687295
1375 0.17672794721661067
1376 0.015975759346654364
1377 0.0018420629091178708
1378 0.9531800031887343
1379 2.622870250443126e-16
1380 0.006093116245775132
1381 0.08478089278756339
1382 0.029549590414873508
1383 0.05076526156255808
1384 1.0811731549542931e-07
1385 5.674809245414784e-05
1386 4.5942039268160726e-05
1387 2.5927841433999043e-09
1388 0.3289477883983764
1389 0.6422407674802144
1390 0.00010076887321884009
1391 1.461048425309228e-07
1392 1.758969411938556e-10
1393 1.5584014334497679e-07
1394 3.2542370581508107e-07
1395 4.09213333914955e-08
1396 1.3210466447427794e-07
1397 0.25153276490319276
1398 0.011432201578536768
1399 0.11858315679634382
1400 0.17120394607871114
1401 0.00042313833661570036
1402 8.895475374647266e-05
1403 3.662792504730391e-07
1404 2.96955712221138e-11
1405 5.743479529964322e-10
1406 2.123065296236775e-11
1407 0.021790695203516095
1408 0.012698677595235899
1409 4.3796604553901704e-07
1410 0.1927664281820409
1411 6.01809801322659e-12
1412 1.0498148743243977e-08
1413 0.04121898907940256
1414 0.002010579879778481
1415 1.6466924302764007e-06
1416 0.2052777088022639
1417 3.5788272933173124e-16
1418 0.0002647963644047605
1419 4.2591653279742e-07
1420 1.2325408414581484e-08
1421 0.11829918514889903
1422 3.521433039168126e-15
1423 0.47641248438783984
1424 4.0021396116175544e-08
1425 2.2833171934945526e-10
1426 9.049863225043518e-14
1427 0.00877113356614265
1428 2.2564274501118162e-05
1429 1.3569513485011492e-06
1430 0.10395625543513046
1431 7.200155251202267e-11
1432 0.00010150554005943409
1433 0.0072519963305304
1434 0.9196569259464359
1435 0.29718019395955325
1436 6.116059021984273e-11
1437 0.004462339397264031
1438 0.001419054209266658
1439 0.0008031506322407732
1440 1.9845913900720322e-10
1441 4.719407363953172e-06
1442 2.892281301066468e-16
1443 1.6584616411120776e-11
1444 0.0013994763264898239
1445 3.4083649506632535e-13
1446 3.6670812739434324e-07
1447 9.165330744771725e-14
1448 6.480799182586914e-17
1449 8.611583903452876e-14
1450 0.16572329218805174
1451 0.9087872249177678
1452 8.958241869832496e-06
1453 2.2271452729685267e-08
1454 0.39761620519675234
1455 3.0480486969492777e-16
1456 0.86456811825604
1457 2.1085152476967132e-10
1458 0.013513382269898983
1459 0.014199516587289178
1460 1.279335966870394e-09
1461 1.035810404236248e-06
1462 0.016573682869521388
1463 0.26463956413102474
1464 0.003542486673196708
1465 1.316959868563548e-06
1466 1.8894504380985314e-16
1467 3.494714894413995e-13
1468 3.702947271996387e-08
1469 0.20865858489160258
1470 6.756139103641202e-12
1471 9.813667596881257e-11
1472 5.4304092492648905e-08
1473 5.4536442658961506e-14
1474 0.0018226383327850106
1475 0.7379539619473869
1476 0.0013581891015766196
1477 5.0242660884156114e-05
1478 1.6524689959555746e-15
1479 3.172419089854386e-06
1480 2.4740885514545927e-07
1481 1.961705971315904e-05
1482 3.0433584285445894e-08
1483 0.1151567039844168
1484 3.6344653723150407e-17
1485 1.0943226877575117e-09
1486 4.57461367914674e-06
1487 5.493152573145709e-16
1488 3.4458433250092334e-07
1489 0.007152136864846495
1490 1.0916251537099466e-14
1491 1.0816245967808803e-07
1492 0.7431497374689232
1493 6.318876800867114e-07
1494 0.002662388300968742
1495 2.8540385387046446e-15
1496 0.7251477396220134
1497 1.4142126118209601e-11
1498 1.7929598034743834e-05
1499 0.00027365837771418423
1500 3.1069705752388107e-16
1501 4.922829100051288e-07
1502 0.1357571738939383
1503 1.1741084326348352e-11
1504 0.1644267395274815
1505 0.07712461001608671
1506 0.5314575027909948
1507 1.9939330560797816e-15
1508 0.11099844479716067
1509 0.31585537239523875
1510 0.4043002196354951
1511 0.5623933202650693
1512 5.272072367208677e-11
1513 0.06593302784119717
1514 0.07369682158797597
1515 0.26891207066186806
1516 7.799640244670909e-12
1517 1.5683221815016056e-09
1518 1.6262363656145277e-12
1519 3.873322647682305e-05
1520 0.15639266257632056
1521 0.33670056672458715
1522 6.02219836452276e-05
1523 2.41505858297436e-08
1524 0.20543154045917766
1525 0.331068464137911
1526 5.49107633641079e-16
1527 0.00877560430723798
1528 3.408699340617138e-16
1529 1.521544692782249e-13
1530 4.4209565755500133e-13
1531 0.2688946789543246
1532 2.5808850918453288e-15
1533 0.06824065497206477
1534 0.25124422732574136
1535 0.00018245583940970433
1536 1.851790804315612e-15
1537 5.0647962163588356e-14
1538 1.7865423870092e-08
1539 1.0344058818310014e-08
1540 0.14803938986685664
1541 2.620734773906557e-07
1542 7.353227426152777e-07
1543 0.0014251995699572245
1544 3.4093792088618855e-16
1545 0.1579894803680464
1546 0.5618136468814051
1547 1.2306328010077148e-16
1548 3.196256826654448e-05
1549 0.008986842006728443
1550 0.28344849087112817
1551 9.22552969683617e-14
1552 0.29889215113634854
1553 1.2477706725042768e-11
1554 2.774956726897763e-06
1555 2.0818788242732922e-16
1556 0.04972256082193178
1557 4.68193846675291e-12
1558 2.445645817217883e-15
1559 5.448606271198683e-06
1560 0.15093274185390176
1561 4.0643284472172803e-10
1562 1.3296818261679529e-11
1563 0.0005424938185412538
1564 2.4326790059235405e-13
1565 7.111419439921242e-14
1566 2.0034132160253774e-06
1567 2.169487763450809e-12
1568 7.95055568935683e-13
1569 4.827309218945491e-12
1570 1.4087075976496687e-19
1571 4.5031366433692634e-15
1572 0.2518309799324465
1573 8.386212601888756e-12
1574 7.538828890707661e-11
1575 1.6074066303067158e-05
1576 1.4579145180893738e-07
1577 7.173027275983359e-12
1578 0.0009756962615780048
1579 3.5109993474777404e-12
1580 1.1472022245720967e-07
1581 0.0034743751080250685
1582 0.0006956655581084201
1583 1.373538546461228e-11
1584 9.335803261255233e-09
1585 0.0006132890238231044
1586 0.2500247713571938
1587 0.0008002365299093917
1588 2.2552061461608047e-11
1589 0.0006769973364764764
1590 1.2870004707913862e-08
1591 1.1907894983740521e-16
1592 3.093175614815582e-11
1593 4.126609520916619e-05
1594 0.19285851432599624
1595 0.00020078293995591176
1596 3.383461715729545e-09
1597 5.729950350770095e-07
1598 0.0074964780000010165
1599 0.0006620304568770975
1600 1.201314805396371e-06
1601 3.159495345074792e-16
1602 0.13746919975410773
1603 2.1862530176310692e-12
1604 3.1378826602490084e-20
1605 1.657713864924387e-16
1606 2.2037565169430624e-14
1607 1.2278212667988067e-10
1608 9.48062498060693e-13
1609 0.001277023754759207
1610 0.3023233137466241
1611 2.8345333476886176e-19
1612 2.704418636254829e-05
1613 1.1748707909513012e-16
1614 6.472621346807115e-20
1615 4.503494489270865e-12
1616 5.8477732624672635e-05
1617 8.265812863194304e-13
1618 0.003038133262575603
1619 9.654377770866216e-06
1620 0.00261705542186535
1621 2.2442276362331816e-16
1622 4.534272770779332e-20
1623 1.9944022278566965e-13
1624 1.84987340886587e-08
1625 6.404920876183416e-22
1626 0.5701883356961466
1627 0.0012865471843821316
1628 0.0012029297370469414
1629 1.262102436997347e-10
1630 6.3484583389502e-17
1631 1.0867506583644073e-09
1632 0.039899961560729356
1633 0.0901678596091578
1634 4.731781450817605e-12
1635 3.583735029181099e-11
1636 0.053449691040981046
1637 1.5237445474643101e-15
1638 0.030705270361791697
1639 1.0710481500681834e-10
1640 3.4725515172834983e-19
1641 1.80929161808254e-19
1642 1.92453289822536e-19
1643 1.2366387101300855e-11
1644 3.676937836580693e-12
1645 0.00016520905965085477
1646 1.6283119409146778e-11
1647 0.00245957502001333
1648 0.0022198405390709093
1649 5.981855397677855e-17
1650 0.015858935619936985
1651 0.13677446527593295
1652 4.8786358486948917e-14
1653 9.396295461646798e-06
1654 1.086112755957936e-10
1655 7.07168091843959e-09
1656 2.5021108985621122e-14
1657 3.726716093938902e-18
1658 1.8446961053503064e-06
1659 0.4321435420713419
1660 7.4122617029654485e-06
1661 0.0005862512034962619
1662 1.9317191450234553e-13
1663 3.8882680341112083e-13
1664 0.0024675070356136503
1665 6.971041124908405e-21
1666 3.5881168596486297e-06
1667 1.1720665413378306e-17
1668 1.6968675966772896e-17
1669 1.4833954282203304e-18
1670 2.481168165969733e-14
1671 1.4449599961300872e-20
1672 1.1146236594748733e-10
1673 1.1219928320392683e-13
1674 2.103416412743497e-18
1675 0.14349407962932814
1676 0.016549314715369315
1677 4.941468789626088e-13
1678 6.769061407093942e-18
1679 1.2789217575523156e-18
1680 8.192212219839026e-19
1681 0.0017462163044141517
1682 1.544140526286957e-21
1683 1.0072762974854987e-15
1684 6.864705913923247e-19
1685 1.418514862031397e-19
1686 1.9879570038257743e-18
1687 6.892404007878002e-19
1688 2.707079189712181e-20
1689 5.55719254350689e-20
1690 6.531445409870734e-21
1691 7.075709885277151e-20
1692 4.155759423557163e-19
1693 1.3196700256679734e-20
1694 3.098248046528986e-21
1695 8.76647310098985e-22
1696 0.010394588693529553
1697 0.9485762913686053
1698 8.531896778199367e-14
1699 9.943504773956894e-08
1700 1.0745394187486456e-07
1701 8.813928427600946e-07
1702 2.8716254802084543e-10
1703 0.3460008281893552
1704 2.4562251219786907e-20
1705 0.0003364561794734793
1706 3.990093670293729e-08
1707 0.12053892935554618
1708 0.0012707773477307067
1709 9.302738761366708e-12
1710 0.0001040704586279944
1711 3.5208540502538706e-13
1712 1.559694286822476e-14
1713 8.872781642518842e-08
1714 0.004242978727709407
1715 2.48363453786051e-08
1716 0.0008603726908459373
1717 3.6768936788558155e-17
1718 0.0004738662939976034
1719 5.227404786982991e-10
1720 2.7335145977413522e-11
1721 1.6190674312564952e-07
1722 6.2487634172727005e-06
1723 3.804044458351094e-11
1724 5.286126534547963e-09
1725 0.42671812487783983
1726 0.0005396591219937783
1727 0.49738343432692544
1728 0.0008976923895801745
1729 6.076597789769596e-06
1730 2.2326220656774963e-14
1731 3.374418218821054e-08
1732 5.907149291921194e-11
1733 5.544103278690926e-08
1734 2.0709119049778527e-08
1735 0.005408848801441984
1736 1.6546918405578014e-13
1737 0.0011045331151103056
1738 8.47914322730017e-15
1739 1.5921700105809276e-05
1740 1.0215758853804803e-05
1741 6.598811251419272e-17
1742 0.0006774702082444657
1743 1.590108667693264e-05
1744 1.6025406409918144e-08
1745 0.013360291521413912
1746 1.0987128666242386e-05
1747 1.0610064032762555e-16
1748 4.3881390160805267e-07
1749 1.6293687426977037e-14
1750 0.12561655242939146
1751 0.0003160044888150654
1752 1.4702709233388583e-07
1753 2.603373523117195e-07
1754 6.394574060550803e-17
1755 0.019902360843103414
1756 5.986722735257081e-06
1757 0.17481727025602847
1758 7.536753985459349e-09
1759 5.277017362661252e-09
1760 0.0009417571335442187
1761 6.985615834742904e-05
1762 1.4628290503483139e-08
1763 0.7009433644174827
1764 0.027281817033592427
1765 0.2358349957904163
1766 2.825350104733933e-17
1767 5.144135660038744e-07
1768 0.00017060178090028854
1769 1.8760296883102917e-16
1770 6.742127594185762e-17
1771 1.1802128747627006e-16
1772 0.41218576037204524
1773 3.598327301871055e-09
1774 1.1030012006477913e-06
1775 0.03571191236532739
1776 0.0007745331461600007
1777 9.69246726734298e-13
1778 0.3580281003865896
1779 3.7893048919888815e-10
1780 2.2642030521352763e-05
1781 0.0011204470703468426
1782 0.2300362234962013
1783 1.0117129234345966e-17
1784 8.588319604723577e-05
1785 1.0305966420174718e-11
1786 8.416248633055323e-11
1787 3.006563127330826e-12
1788 1.9737751037959412e-08
1789 0.018230622734332038
1790 0.3328170078118176
1791 0.2877069427906051
1792 5.25660435805345e-14
1793 1.0440152784746554e-13
1794 1.1435215745265104e-08
1795 0.04195334555826133
1796 0.16943659808796172
1797 1.167415250008062e-15
1798 1.675411631356715e-05
1799 2.822841504100802e-12
1800 1.6139668986393515e-16
1801 9.247252877344661e-08
1802 0.06484603552164876
1803 3.653425134662231e-17
1804 0.004991967243331029
1805 3.4400930168416005e-17
1806 0.0002027650525051799
1807 1.5326842046809982e-17
1808 2.935736405456746e-11
1809 6.58735365269998e-18
1810 5.294306253258047e-16
1811 0.07089535202412724
1812 6.019753775571059e-17
1813 3.0495606472648016e-05
1814 0.0014439187867115214
1815 0.04563314543189453
1816 3.735822035470273e-05
1817 0.707473878388304
1818 1.2764555612476109e-14
1819 1.451488788000065e-10
1820 3.108574711759252e-12
1821 0.1555319710136821
1822 0.08678724490314071
1823 0.009755661811045082
1824 8.338075480297932e-11
1825 0.20903366219565722
1826 7.432542441472096e-11
1827 0.14345611048659362
1828 2.2863842890212233e-08
1829 4.6771155424297005e-05
1830 7.226806946700302e-11
1831 1.107452536286043e-17
1832 0.002762758284177822
1833 0.2792884605713316
1834 0.9375095431585079
1835 4.395011864550611e-05
1836 2.137451974970882e-13
1837 7.854290694144052e-21
1838 2.980880712162901e-07
1839 3.6327449313709634e-12
1840 2.1235228447941683e-07
1841 7.529965754382079e-17
1842 8.343309242101328e-05
1843 2.250769616105631e-07
1844 1.1158830197621382e-14
1845 4.5483586266141805e-05
1846 3.095398423154085e-17
1847 0.04670475233714453
1848 6.669583620839984e-10
1849 0.3441552149564899
1850 0.874961611997759
1851 5.189124507186333e-12
1852 0.008548254240318826
1853 2.5616357732163582e-12
1854 0.4750578209347567
1855 5.9600265909394625e-16
1856 9.862912930894928e-12
1857 3.3813705986088175e-09
1858 1.0161204918534359e-13
1859 0.058211529159426324
1860 6.699021857689926e-07
1861 1.2909886049030434e-15
1862 1.2148046298301843e-07
1863 0.061177592497389875
1864 1.2749700543763026e-08
1865 2.3860106915545555e-06
1866 0.014514031704255918
1867 1.4767395702658053e-16
1868 7.7389843414732e-16
1869 1.2398364413608236e-14
1870 4.453268095446085e-14
1871 0.0001285009554052534
1872 0.39482616913958113
1873 0.029528913942050376
1874 0.05261643084713635
1875 9.56917978366635e-12
1876 3.7057024072848707e-07
1877 6.669128237582452e-09
1878 0.6951438805811462
1879 1.923320701165864e-06
1880 0.12825399652399358
1881 1.683323944480312e-13
1882 2.280571132339017e-12
1883 7.095667875749529e-15
1884 6.289889315413764e-05
1885 0.0442376617640526
1886 3.75774972875406e-09
1887 0.4225359823403231
1888 3.5984168563679094e-05
1889 3.879921463218051e-05
1890 7.154561139650045e-08
1891 1.2302842674961526e-13
1892 1.1239586593737063e-09
1893 0.00048712417525207063
1894 3.18815277279491e-07
1895 2.9821920786391366e-05
1896 0.042537628833922536
1897 0.0004448409690940248
1898 0.8206585878446272
1899 5.789413090249542e-14
1900 0.3906311018871164
1901 9.986367436338301e-15
1902 2.5894453749232806e-14
1903 8.313129232455933e-14
1904 5.015516352652194e-14
1905 1.5695466242270204e-14
1906 1.4935685610698859e-15
1907 0.0008368240957454153
1908 9.254238050974942e-05
1909 1.2686891482833144e-14
1910 0.0018449686988162106
1911 9.394927688973585e-14
1912 2.6241779761256485e-05
1913 1.015995080532223e-06
1914 1.2893042864444135e-05
1915 6.910521484788287e-14
1916 8.316476870451235e-11
1917 0.37934449790575175
1918 2.5884111252260736e-10
1919 7.381603369734157e-18
1920 4.160594296492276e-05
1921 1.2441270710019182e-06
1922 1.2001208424486803e-07
1923 0.0377432000634089
1924 0.41775084195932877
1925 2.2777160668849833e-13
1926 1.1943122592442879e-11
1927 0.38959786075300373
1928 9.813109192552978e-14
1929 1.7740897497222875e-18
1930 7.891709754365743e-09
1931 3.041043792220125e-05
1932 0.005071320777878316
1933 4.231428441098437e-13
1934 7.559318922294543e-13
1935 5.3533482414584914e-15
1936 6.19772123773497e-13
1937 4.57200887926567e-13
1938 0.0026296860770497793
1939 4.0999857730183253e-07
1940 0.0002306685144228536
1941 4.396402411487366e-05
1942 4.3052795728175165e-06
1943 3.134738152191373e-16
1944 0.00484279352576065
1945 4.410510367530442e-05
1946 0.4942760289075164
1947 2.7888008883772544e-05
1948 0.23451981244166023
1949 0.566185367669951
1950 0.11147290825164705
1951 9.678158080234703e-07
1952 0.8345140871069533
1953 1.4375477358756827e-17
1954 2.479517113478398e-15
1955 2.9859744626242364e-12
1956 0.5801188767944185
1957 8.565516548517666e-11
1958 0.0012954213101423365
1959 2.056158431931825e-15
1960 3.15001808668632e-12
1961 0.9156226117043598
1962 1.859606750178838e-12
1963 3.3415782390686715e-09
1964 3.4121286034474316e-11
1965 2.96290415809146e-12
1966 5.264075182693866e-13
1967 0.3825462292768673
1968 4.241245047652681e-08
1969 0.0016234415109998553
1970 3.4932062063370443e-06
1971 0.0005930709015666984
1972 0.037272287984476425
1973 0.41966143585981963
1974 1.7980281862695613e-14
1975 1.7339068133334522e-11
1976 1.4717437672241005e-07
1977 4.953192673768143e-09
1978 0.00040237806417351806
1979 1.4348948211209303e-14
1980 2.0444259029494874e-14
1981 2.6766791654162392e-11
1982 0.011059383124782806
1983 2.2940428816430883e-24
1984 1.7241585346819676e-17
1985 0.030638699310089113
1986 0.012542453038687437
1987 8.7777120101926e-14
1988 0.008222252873275155
1989 2.842613089574127e-15
1990 0.001324328663339149
1991 8.606316625898721e-08
1992 2.2441314698281713e-14
1993 7.216521653713225e-07
1994 0.12229168003696096
1995 8.491231493620795e-08
1996 2.1987381316455818e-10
1997 0.00045805332822463355
1998 7.968233282622047e-13
1999 1.616571503497165e-16
2000 5.1415910624720855e-11
2001 0.0010013963443488538
2002 5.072602272108759e-15
2003 0.000702827666633577
2004 0.28080060255310385
2005 0.017832832458369002
2006 5.944127331323991e-09
2007 4.728621245870335e-15
2008 1.2277007650724637e-13
2009 3.915323497431183e-07
2010 0.007040475014775706
2011 3.2776557757869327e-08
2012 1.6451323116086823e-13
2013 1.987728626681984e-12
2014 3.130853463252211e-14
2015 4.458543615979483e-13
2016 2.7012098218880105e-08
2017 1.2768903835726042e-19
2018 7.606950817593724e-06
2019 0.02386273396949211
2020 6.236817520996837e-11
2021 0.0002776482435339891
2022 7.820540743252781e-05
2023 0.20652369257358233
2024 0.00606962210141304
2025 0.14290083194619446
2026 1.9173377829969402e-09
2027 0.15669180030394508
2028 5.282013408295884e-09
2029 1.535945379294736e-11
2030 1.369656008226761e-09
2031 9.001220116626743e-12
2032 6.679236401228614e-12
2033 2.5869021076927386e-07
2034 0.0007865885565204404
2035 1.4593780152602963e-12
2036 2.1090321654454754e-11
2037 0.10459213093847483
2038 1.2640264359490898e-11
2039 1.2592636793572212e-10
2040 3.242222239931413e-06
2041 2.340206621216293e-11
2042 7.667017720564144e-11
2043 8.630856021281364e-07
2044 0.22572002775411934
2045 0.21603199730171363
2046 0.0015999458662642686
2047 4.436708141484874e-06
2048 0.25012139497785996
2049 4.3132654246060645e-08
2050 1.294198934492011e-10
2051 9.063053229264975e-15
2052 0.0036812583560363052
2053 4.332159926675273e-11
2054 0.029378656255730395
2055 0.00015635386028633858
2056 5.0775453133426534e-08
2057 3.7869880638646745e-16
2058 2.697981186280408e-14
2059 1.3614303342187877e-14
2060 1.2572660558654953e-06
2061 9.106363597515922e-13
2062 1.6244769478121484e-15
2063 0.09479659940433648
2064 8.167831267243383e-05
2065 5.9994132524872934e-05
2066 0.27424484336710037
2067 4.3750080810754464e-10
2068 8.369719340219885e-08
2069 1.2612032974340803e-06
2070 3.885907686394889e-06
2071 3.9612579095854975e-05
2072 2.4923239460038933e-11
2073 7.496763317210719e-10
2074 1.5718280290291985e-13
2075 1.6231631455006333e-05
2076 0.022908488561421983
2077 5.544143378743417e-08
2078 1.0962125952073032e-11
2079 2.6000310998158077e-14
2080 2.874846905071464e-14
2081 0.016076374009158276
2082 1.109166253284348e-09
2083 0.03309741198393101
2084 4.888727218081374e-11
2085 2.0513995816783974e-11
2086 3.725421170398646e-07
2087 0.32321264974728625
2088 1.151130437772096e-06
2089 7.121704082084564e-13
2090 0.12758342997387784
2091 0.3853842399696832
2092 6.509272229426401e-15
2093 1.9523850955440473e-09
2094 3.9542471134254106e-09
2095 2.942363109285318e-15
2096 1.0246602526407939e-09
2097 2.50313495986256e-09
2098 4.8948422160490245e-11
2099 1.7094483425651145e-08
2100 2.6098994642892034e-10
2101 0.00038019925256220337
2102 0.0011633356532325285
2103 3.5408645359509504e-13
2104 1.2691180502395286e-10
2105 3.975048275235752e-09
2106 0.0003090654604500941
2107 0.03529976771158456
2108 0.0006948501710980272
2109 0.566609746323602
2110 4.684586791800004e-09
2111 0.0014521703235373027
2112 2.1193091273444125e-22
2113 0.549236721159583
2114 0.08554332722370717
2115 0.03485435427916388
2116 9.273561580613581e-09
2117 0.35520197595587366
2118 1.1115106078552669e-12
2119 4.942348549556677e-09
2120 1.944195417714625e-08
2121 8.008689975170247e-10
2122 1.2517280538292656e-08
2123 1.1057221591986825e-06
2124 3.9517636519480066e-08
2125 0.01946533082219266
2126 0.0003507792731451755
2127 3.107004813327806e-05
2128 0.2572564445415996
2129 0.6499878366035022
2130 0.5331592062175665
2131 9.229864992544628e-09
2132 0.0027783949969657678
2133 2.3918061373346347e-08
2134 0.7114576646790417
2135 2.7101386086837427e-10
2136 1.632823494848213e-05
2137 2.148768000635156e-09
2138 2.925859078781394e-07
2139 0.1787190497746619
2140 0.40569177945982426
2141 7.535642195779979e-10
2142 2.447868394572573e-07
2143 3.9668888906590476e-07
2144 8.043226408700061e-07
2145 4.95508183269757e-12
2146 4.795039528523065e-11
2147 1.129245534416987e-28
2148 6.875969035620215e-13
2149 0.00017888617534460917
2150 8.834598186195214e-13
2151 3.541368497222334e-05
2152 9.437723726867473e-05
2153 4.590837825270942e-07
2154 0.3436918219177826
2155 1.5377124088597434e-09
2156 1.7828300456667442e-11
2157 0.027942586905318936
2158 0.36183236377899874
2159 1.0317027353523715e-08
2160 6.696437313415035e-16
2161 0.00022388927906072137
2162 5.131386728802591e-14
2163 8.455455053477512e-14
2164 2.587266502970088e-09
2165 4.855492884604884e-07
2166 1.860567156231516e-11
2167 6.291464693223761e-05
2168 0.01556333465128254
2169 0.005009430579995673
2170 3.810939981020958e-08
2171 3.178448651359677e-12
2172 0.08757544741666659
2173 7.248933283744672e-07
2174 1.1461177793149675e-05
2175 0.6555213977842077
2176 0.08110456721217274
2177 1.6931916692247868e-07
2178 9.768472270184139e-11
2179 3.8879698159979575e-06
2180 3.946784298521091e-06
2181 0.270812171618033
2182 0.034199467855429794
2183 1.6549665716878377e-07
2184 3.3392311730348943e-12
2185 2.949259549025564e-15
2186 8.482080478208531e-09
2187 2.3383144631754394e-05
2188 3.484979260854988e-08
2189 0.05940325461835867
2190 0.8009196270422886
2191 1.660768482831214e-06
2192 3.4377124094980985e-09
2193 0.1119506693353305
2194 5.140580239583876e-08
2195 7.255363464941763e-15
2196 4.3992976726661325e-06
2197 6.933207599703091e-07
2198 5.755693596611914e-13
2199 2.5958651099054467e-08
2200 3.690604722398848e-15
2201 2.8344928389808237e-06
2202 0.8609636413056994
2203 4.209897871357255e-05
2204 9.460319162928979e-05
2205 0.0001275722063365621
2206 1.2128797082239136e-11
2207 6.530510235435122e-08
2208 7.405838311518763e-08
2209 1.2446785538283802e-12
2210 0.30745459273207515
2211 4.827931000288475e-07
2212 3.9992865265818193e-10
2213 1.0442255903333807e-08
2214 5.583488115390219e-09
2215 0.6333902893286758
2216 0.3407388331568865
2217 7.016952280316704e-11
2218 8.651713185362813e-13
2219 4.022247006300048e-09
2220 1.2149248746798933e-13
2221 1.8883251511634842e-06
2222 0.7222471409378934
2223 2.1631826626816865e-12
2224 0.8390655228293191
2225 4.932097777240117e-06
2226 1.0400398863716429e-05
2227 3.4113282962434558e-12
2228 5.2818129140502095e-08
2229 0.03053960078031273
2230 9.581121186909922e-06
2231 0.0010572593163985164
2232 0.09316526739651643
2233 1.786217662627746e-05
2234 1.961874424767151e-07
2235 0.12874967807221027
2236 1.453365454512194e-13
2237 4.529569293686816e-23
2238 0.4738920621388052
2239 1.0976921663434821e-09
2240 0.8965064578039538
2241 7.059913194997822e-06
2242 1.2292177159699328e-07
2243 0.7835795783850985
2244 3.5325181862627074e-05
2245 0.00011091972688492558
2246 0.05498324602721791
2247 4.21123201230265e-13
2248 1.8789952366572835e-10
2249 1.591670565836816e-05
2250 0.4528993472670552
2251 3.536829686406244e-11
2252 5.615953948237993e-06
2253 1.2978827148049083e-11
2254 7.864417043351878e-05
2255 0.009977379847035171
2256 0.3814381607648127
2257 2.8644498151933153e-16
2258 2.65763812271696e-05
2259 3.301357654758763e-14
2260 0.4611384986725958
2261 2.4482813794341075e-05
2262 2.6026519128286532e-08
2263 0.5113859886772852
2264 1.4301524154649572e-08
2265 1.8561664399195696e-09
2266 3.758621567462021e-09
2267 0.43486262100267103
2268 0.025349103669534308
2269 1.394677358266838e-05
2270 0.0005742264691286824
2271 1.2068696076227092e-08
2272 4.854665209552283e-06
2273 3.6132682687469074e-08
2274 0.32214754761163283
2275 3.006706755187977e-10
2276 2.1647549018925742e-08
2277 0.00020184799985244805
2278 5.527651874598325e-13
2279 6.260841472466623e-07
2280 0.08899684032414315
2281 1.1489792376838588e-08
2282 3.0520073630793977e-12
2283 5.1330476376451e-09
2284 0.011022760610164205
2285 2.574959742339857e-06
2286 0.4107433831050023
2287 1.4858079903141613e-05
2288 5.129680342125828e-13
2289 4.628299762655227e-12
2290 0.00018687135870716634
2291 1.0068067823305606e-07
2292 4.880051191474403e-06
2293 0.09429111674919644
2294 9.468107576460183e-13
2295 0.0031661742058931583
2296 5.712135276877408e-09
2297 7.060580556174672e-08
2298 0.0003543653516293434
2299 3.320161908010113e-09
2300 0.00018017895092291584
2301 0.003664855592391574
2302 1.583646602521877e-13
2303 6.224778563790367e-08
2304 0.017604973134551484
2305 0.1096550099015724
2306 1.9295628185682113e-14
2307 0.007226563045551263
2308 0.29491618623910293
2309 0.009222080653273517
2310 0.361074008038272
2311 2.60395718225347e-07
2312 2.966942562541896e-11
2313 0.00047339501700604576
2314 0.00026097297166717597
2315 0.005770306865781742
2316 0.37741659746638523
2317 3.201159414680283e-10
2318 1.1333257765907222e-07
2319 5.506976576023824e-07
2320 7.765704290704165e-10
2321 1.0975713599385254e-09
2322 1.2056525224027183e-09
2323 1.3768328134255443e-11
2324 0.019650831182752973
2325 1.5797571906084877e-12
2326 2.2071958331237016e-11
2327 0.007542578160004997
2328 6.3202737599111385e-15
2329 0.0010938798903690316
2330 4.971063397803548e-05
2331 2.711758330670775e-09
2332 0.0008901226383691448
2333 7.366686623871329e-16
2334 1.5137674966221743e-09
2335 0.0008128146136767452
2336 2.661004895324918e-05
2337 2.1275440377826443e-08
2338 2.058075241814048e-07
2339 0.02450973958198745
2340 4.028333136111864e-12
2341 4.78987069775092e-12
2342 1.9501403042424598e-09
2343 1.6967207062849738e-08
2344 2.3733303979388705e-13
2345 0.00022498614547119774
2346 2.32161517687955e-07
2347 1.4890779369024662e-11
2348 5.524649532980905e-07
2349 5.305344138968106e-13
2350 1.3087216139031948e-15
2351 1.6262730333045669e-16
2352 6.979082145936612e-12
2353 1.4351620404213436e-08
2354 4.380323898487964e-06
2355 6.581135326576832e-09
2356 0.8540218770340969
2357 2.6629724697964352e-14
2358 7.422983124281064e-09
2359 0.4105311812387308
2360 0.00028447990377366346
2361 6.5723537883814066e-09
2362 9.754657374493469e-16
2363 6.366509030007388e-13
2364 0.5317037764061675
2365 4.382253215446912e-09
2366 3.238573575763187e-05
2367 1.3629289288388262e-05
2368 0.013944808524789111
2369 2.2203580855320637e-09
2370 1.6396663787269302e-13
2371 2.9266545846723035e-06
2372 1.0750058467587078e-12
2373 4.4649558714586327e-07
2374 0.00037797171243355107
2375 1.2258383152108051e-10
2376 1.63654958119596e-12
2377 2.112508496005267e-09
2378 8.789255062236714e-06
2379 2.502353747703662e-05
2380 7.710080630370306e-06
2381 2.7130214745820548e-05
2382 4.129016547463202e-06
2383 9.963405775159164e-15
2384 6.982136170933177e-10
2385 7.950659108391045e-14
2386 1.2471551538397935e-11
2387 4.7487702979666064e-07
2388 4.910739226218513e-07
2389 5.933692687750531e-10
2390 9.401735022059519e-06
2391 1.4423406218171208e-05
2392 0.025397951126664174
2393 3.533489874215809e-13
2394 1.8071440112415183e-07
2395 2.2320418831136286e-10
2396 1.0136147966340123e-07
2397 0.015370158510654035
2398 3.0406926641330874e-09
2399 1.0344778246903343e-16
2400 2.7501404070264904e-06
2401 3.686640249662281e-13
2402 4.112203461928634e-05
2403 3.9184862874161495e-12
2404 0.009155311320127138
2405 9.463756357838412e-08
2406 0.09117390742643186
2407 1.3939758499187685e-09
2408 0.12890240624269925
2409 8.441557287531588e-06
2410 3.170931526760538e-07
2411 0.0009599999408028297
2412 0.13201925134793985
2413 1.016349943504046e-13
2414 0.00028635714628110463
2415 3.501811553248138e-05
2416 0.00026950899982444357
2417 1.4968360008186486e-06
2418 1.830775320016173e-05
2419 1.7784629359566918e-12
2420 0.21107572800003926
2421 1.8264183086989074e-11
2422 2.0464926950333774e-06
2423 1.8595971275223166e-07
2424 0.1723881740346124
2425 0.2283074148076598
2426 1.187342352901498e-10
2427 4.738139127244762e-09
2428 0.010716453800859574
2429 4.2555984447124964e-16
2430 1.7079730430511184e-07
2431 5.237757029615121e-15
2432 5.471711352424384e-05
2433 1.221739645351228e-15
2434 0.21282007933693067
2435 1.936110156789916e-20
2436 8.754576932936188e-12
2437 1.605829670669593e-08
2438 3.6269729835847766e-09
2439 3.81540214684938e-06
2440 0.00014543053035989985
2441 5.576750086028952e-08
2442 8.827666672860131e-13
2443 3.609924212935913e-21
2444 3.3263809906085213e-13
2445 1.5662535359644786e-05
2446 0.014701409349650581
2447 0.005545983848305951
2448 0.2399640822261225
2449 4.602835414639299e-12
2450 7.678848598830621e-13
2451 0.25480430463340087
2452 0.2994749150870002
2453 2.200539304211334e-15
2454 5.3429611622571714e-05
2455 5.0364698967516035e-05
2456 1.4120119282628885e-07
2457 2.87539811364758e-07
2458 5.600947538633961e-16
2459 1.5720430044098201e-07
2460 9.876981291328791e-14
2461 0.0012352628883517945
2462 4.262450759529608e-06
2463 5.60758290062419e-15
2464 4.914364982959699e-13
2465 0.0030845236142667694
2466 2.575109283446821e-18
2467 8.846043622170946e-16
2468 1.2415557745191583e-05
2469 5.322449829105299e-05
2470 1.1233586197795236e-06
2471 3.873302467293056e-11
2472 7.695330942039457e-06
2473 0.00042568674062381265
2474 4.40348849814017e-06
2475 5.2182375006638094e-18
2476 2.649931577891689e-12
2477 3.6253722113703975e-06
2478 2.4180982994438762e-05
2479 8.832610094017014e-07
2480 2.4265165657704573e-05
2481 2.8026372066989497e-16
2482 5.837659333664333e-13
2483 2.8133845005558438e-05
2484 1.4724323975504653e-15
2485 2.5358451988677084e-23
2486 0.5609995378117403
2487 1.3557375294368343e-12
2488 8.945245000498383e-08
2489 0.0015208534070831835
2490 0.004197228005065611
2491 1.4839378799371406e-13
2492 1.622302155696775e-06
2493 5.849230728840685e-08
2494 2.877353207399722e-10
2495 0.6943147137233299
2496 3.4200717570462094e-08
2497 0.5352488362186414
2498 9.34029903519166e-06
2499 1.0896902792314726e-06
2500 5.20926573197353e-13
2501 4.341078003749671e-11
2502 9.20809741174729e-06
2503 8.110897001258932e-19
2504 2.1060048152433445e-13
2505 5.127510447959879e-16
2506 1.2121515114759277e-14
2507 4.0595707061774166e-18
2508 2.3348804423952747e-16
2509 1.6106996512995658e-05
2510 2.9933187790336607e-12
2511 2.236623780812175e-06
2512 5.390336946419316e-17
2513 1.794999307839476e-20
2514 4.144326514599722e-13
2515 6.236798029271226e-12
2516 1.6479088852108318e-05
2517 1.7374264447842335e-09
2518 2.4108232764634346e-06
2519 1.3072369290334565e-16
2520 2.1167407087125764e-09
2521 1.0253466749445058e-15
2522 0.30359207670567173
2523 6.4536823738042655e-06
2524 2.6138553260573865e-07
2525 4.131798476362888e-15
2526 2.4139227229783064e-14
2527 1.5303814524998532e-14
2528 0.000429357064862385
2529 1.6200733776838433e-15
2530 8.820016033972476e-10
2531 2.838477912721601e-14
2532 0.0003406082694305117
2533 7.173607630294296e-08
2534 3.7098752274758976e-25
2535 5.116588604618128e-13
2536 0.00014293507762194632
2537 3.567720614304072e-10
2538 9.385253611427063e-06
2539 0.0005870782830126269
2540 1.7509580253599904e-09
2541 0.0023481611080390335
2542 5.794491208738454e-07
2543 1.6431049764092705e-06
2544 0.5896639265187029
2545 5.690277282580297e-08
2546 7.646710265337706e-12
2547 2.4046481082142436e-08
2548 4.56237579678579e-12
2549 0.0011926567158552237
2550 0.000635059454872784
2551 0.0006008854402550391
2552 2.342669168240432e-13
2553 3.764168417530645e-05
2554 5.91931259972678e-10
2555 3.872746505593871e-09
2556 2.957010541577451e-18
2557 6.271990242853275e-07
2558 2.5542192112989697e-14
2559 7.412470075611836e-13
2560 2.2120626769616262e-10
2561 4.02050723836978e-14
2562 2.4506742966470138e-06
2563 5.137476022252339e-07
2564 2.2335975070355664e-05
2565 1.2236026386790384e-22
2566 4.860526556880302e-19
2567 0.0010893269563946168
2568 4.252588764860648e-18
2569 2.1969006122530043e-07
2570 0.2498406779590842
2571 1.1764365032411735e-07
2572 0.0015666608039729296
2573 0.0011923688603654797
2574 1.5763953825312677e-14
2575 8.492943902641665e-13
2576 1.284228889189245e-07
2577 0.0005525410427216032
2578 8.307991786187529e-10
2579 0.001527080879144903
2580 1.8774451914545028e-06
2581 5.609619878251206e-07
2582 0.0018517348617340147
2583 0.000760675765332262
2584 0.0001757204574729836
2585 1.763164668409683e-13
2586 5.248807486601533e-10
2587 3.337603895886094e-07
2588 6.630924895183622e-14
2589 1.62448569940511e-05
2590 1.4657006901636905e-18
2591 1.074912501654619e-06
2592 5.735732658069114e-08
2593 0.6889033732540695
2594 4.3917400158498474e-06
2595 0.72047701971087
2596 0.01775608310755998
2597 7.539335784915823e-06
2598 3.993961726808134e-08
2599 2.7845125419663294e-05
2600 4.5055038696609793e-13
2601 1.8922407223960966e-05
2602 2.3612618241625788e-08
2603 2.771071120838539e-06
2604 6.065491279478892e-14
2605 7.322418100014457e-15
2606 8.90492030111352e-06
2607 7.100256947187868e-08
2608 2.586008131018523e-12
2609 5.0278743929263334e-05
2610 3.861030474223786e-16
2611 0.002236742975775636
2612 3.630950957072776e-28
2613 1.144819836755304e-09
2614 1.6526368624276404e-10
2615 6.193224857587177e-14
2616 0.0003622564575824742
2617 1.23509897205091e-05
2618 0.0004964676753124624
2619 3.4939892647401393e-16
2620 7.288384959615878e-21
2621 1.283342714498918e-24
2622 0.0008740490805240338
2623 8.184651114125219e-15
2624 8.089823007072938e-06
2625 2.5402286934259025e-11
2626 0.4630775899425338
2627 0.0006929088754326115
2628 1.1639793319552106e-14
2629 0.4067310913768446
2630 4.900719692696092e-09
2631 6.531780683255672e-06
2632 9.492280635567832e-19
2633 0.00010555266901934158
2634 0.019253509161761922
2635 4.496483267160545e-09
2636 3.691862635032716e-17
2637 0.49082557797874765
2638 5.147180190618357e-07
2639 1.4146432189434115e-18
2640 0.737725342381256
2641 9.563810958852896e-08
2642 4.977876072632819e-10
2643 1.1672016149408578e-07
2644 5.2440400562024035e-17
2645 1.563109953528788e-12
2646 4.965683624226465e-06
2647 0.7635000113484515
2648 9.161021380960433e-32
2649 1.1763821720246906e-07
2650 6.689662607002956e-23
2651 1.7722976893963186e-06
2652 0.0094033998620563
2653 5.4380232637886966e-05
2654 5.8889024738861427e-08
2655 6.523576511978996e-13
2656 0.0001532332574738732
2657 1.1109621491904468e-07
2658 1.0411749034049376e-09
2659 4.4625203994904245e-06
2660 0.6739670517508084
2661 0.00024419785244888154
2662 0.63324809689377
2663 2.647944329863641e-10
2664 2.323262113998551e-16
2665 7.52467073526622e-09
2666 0.5121137183384782
2667 2.8069103608741193e-31
2668 0.00015174225232529506
2669 0.0006740785536232347
2670 2.5801492141951793e-09
2671 0.00025278243038750754
2672 4.5006923161492587e-10
2673 0.38165512595639517
2674 6.3404406207830115e-06
2675 0.6986024635666955
2676 0.00010739592637159353
2677 1.3477276992290672e-06
2678 0.0005530081471511235
2679 0.00010944247534422886
2680 0.2649757128921832
2681 0.7871979288417004
2682 6.829410630655537e-06
2683 0.7840521328924025
2684 1.988360529268706e-27
2685 1.3683668010740214e-06
2686 6.035172947832538e-12
2687 3.923295042047251e-17
2688 3.382674954323661e-14
2689 1.4816048830070492e-09
2690 1.2792252999259925e-12
2691 0.32856977512128827
2692 0.00011265712335418824
2693 0.2554618331918498
2694 1.8245481565092255e-13
2695 3.9744583877464374e-05
2696 0.7466213689601972
2697 0.15685725085962937
2698 8.951056468684226e-05
2699 4.491078510721245e-06
2700 2.970974988127003e-10
2701 9.158937195837473e-06
2702 2.0474328282668215e-06
2703 0.0008899285168180469
2704 3.356395859369071e-06
2705 6.622243305668887e-13
2706 3.3189444390278225e-17
2707 2.186414867804271e-17
2708 0.00014881332141674733
2709 0.547387674562576
2710 9.846810614962933e-06
2711 5.312643970846956e-06
2712 2.4309956044578516e-05
2713 0.1101426999022032
2714 4.495079073792583e-06
2715 1.7522592111882733e-10
2716 4.842095979349683e-15
2717 6.257314909350345e-11
2718 1.3907444598919257e-05
2719 2.9120753698317657e-13
2720 1.5809169359564936e-12
2721 1.4753543550498823e-08
2722 3.1370791366250836e-10
2723 0.32984648137319
2724 1.43362552153285e-10
2725 8.577739175175721e-10
2726 1.03150961979425e-06
2727 2.7887774215334982e-06
2728 9.59949388645531e-10
2729 2.1116049731640058e-10
2730 6.992080904096642e-07
2731 0.8278920653995306
2732 5.966937864965058e-09
2733 0.0003085147266894173
2734 2.0073171411151276e-16
2735 4.922246521476046e-10
2736 4.889916305521539e-05
2737 1.874698958406535e-05
2738 0.006183702700846408
2739 4.3776418072107945e-12
2740 1.3044534668722807e-18
2741 0.14743456807836833
2742 3.428008114557644e-12
2743 8.037143992330462e-11
2744 1.8331731861089846e-06
2745 3.6791332338909787e-07
2746 5.292917699768701e-07
2747 1.4408676784236092e-10
2748 0.46197342478434994
2749 0.629169804210961
2750 1.637080192514741e-18
2751 0.5641433709710936
2752 7.099831818193211e-15
2753 1.1814547299645273e-08
2754 1.3347984238457257e-05
2755 0.0005046980117223652
2756 3.595566357531721e-05
2757 1.8405302963346655e-07
2758 8.091548803811062e-09
2759 0.05560206898394608
2760 1.2012171319504646e-12
2761 1.6873442143339735e-05
2762 0.02411273347730094
2763 3.1123376615390253e-11
2764 3.9754242040056126e-10
2765 0.1874485991272714
2766 0.6598029765802358
2767 4.845874064662577e-09
2768 0.0001051947760925197
2769 1.3119230382091845e-06
2770 1.869775767191361e-05
2771 1.4231450179047076e-12
2772 4.6229999858381695e-10
2773 1.0318014898642936e-06
2774 4.271888640391686e-14
2775 1.0433682251012009e-08
2776 0.0023118600357258314
2777 0.0014905616884021164
2778 0.004367875287755262
2779 2.57204806775664e-07
2780 0.0009147854967513169
2781 3.3475441865294486e-11
2782 0.21046659288922193
2783 0.003260084990961022
2784 0.1661336041268251
2785 2.12783059574534e-06
2786 0.006294159268407663
2787 0.65391234608979
2788 0.0005086391409669176
2789 0.00528516166825611
2790 6.225182728253062e-13
2791 0.6214470579010759
2792 0.006060100344526558
2793 3.532356364627329e-07
2794 1.1582543002204392e-08
2795 0.000267377875686654
2796 5.488276526811048e-05
2797 1.1824505632001872e-05
2798 4.9471375900499605e-05
2799 0.003654723096459221
2800 8.888467762974285e-06
2801 7.704841971605925e-07
2802 1.8600838964591084e-10
2803 1.1836965673963795e-05
2804 7.982702709687917e-10
2805 7.254061250353757e-11
2806 2.2765742430930403e-05
2807 0.0035345826802458693
2808 8.220680512552823e-09
2809 0.6029881159460911
2810 0.004588985959388118
2811 0.12374393398306002
2812 6.847717351363079e-17
2813 8.426986297350687e-08
2814 1.2802717514842086e-12
2815 1.4914841442424825e-15
2816 2.3684511788074845e-08
2817 1.1201894975014418e-07
2818 2.811072336869317e-09
2819 9.299254957123871e-12
2820 4.475211459479313e-07
2821 1.2214081731332372e-12
2822 2.9068072478387013e-12
2823 0.10220955018674405
2824 2.4109939592801783e-06
2825 1.188031077661027e-12
2826 0.003462526252571954
2827 0.0010893270886946926
2828 6.659586728228715e-14
2829 0.005511169002068524
2830 0.04601041494086653
2831 0.01118145282753382
2832 0.008074737374458442
2833 3.035215549530444e-10
2834 0.002039239119664185
2835 5.303493699440496e-12
2836 0.014236909230170021
2837 1.5079828450924843e-12
2838 2.562888337139317e-10
2839 0.01678039443503252
2840 0.0003567203209072939
2841 0.018241917484093078
2842 0.19049917195374913
2843 0.0634186773331087
2844 0.018558968578418353
2845 1.0168195197882543e-12
2846 6.083766015076957e-12
2847 2.666300242993013e-06
2848 4.62069707828624e-09
2849 5.817727761961199e-10
2850 4.01127970429479e-06
2851 2.6628250037049005e-05
2852 6.669502739404692e-12
2853 4.076724442868641e-11
2854 1.9942464926201317e-11
2855 5.6559302604467395e-05
2856 0.0173954395908031
2857 3.968885641668779e-19
2858 0.0077857849149741126
2859 0.00512031708183788
2860 9.473210710079122e-06
2861 1.2053775144452476e-06
2862 1.4801856391598118e-15
2863 0.012021936652356496
2864 4.308075152022076e-06
2865 1.607182401403623e-13
2866 0.01534375209776628
2867 2.979029515823383e-11
2868 2.346509877049754e-09
2869 0.006046369781318904
2870 6.9337291763229135e-15
2871 4.892576028009291e-05
2872 0.008938257243723595
2873 9.058695956703853e-10
2874 1.040290287431022e-16
2875 0.00042775667540906245
2876 5.871834395192117e-05
2877 2.414590883799251e-11
2878 1.6736690547971529e-09
2879 9.432765020386886e-13
2880 0.0038143065377005203
2881 5.973870178830061e-06
2882 1.3542007809788847e-07
2883 6.2987261581170385e-12
2884 6.658996317153412e-06
2885 2.1416218352157066e-12
2886 8.144416899061872e-07
2887 1.2996059940274155e-13
2888 9.33547941731732e-12
2889 1.7292446520690726e-10
2890 0.5899209033720807
2891 1.4951544170376086e-09
2892 2.583261299289679e-07
2893 2.948907472694152e-13
2894 3.119479231595983e-08
2895 5.4209284026352434e-12
2896 2.4191059875868913e-09
2897 0.15303473805297413
2898 4.535831221938075e-12
2899 0.0532476274710671
2900 2.4935288176434055e-08
2901 3.97643800728121e-12
2902 2.915694903835238e-08
2903 0.07499291673255706
2904 7.538105111951886e-14
2905 1.5396014621506931e-06
2906 2.3203962292377278e-09
2907 5.804981895260246e-11
2908 0.02882868068448396
2909 0.514012221774361
2910 4.828249036625033e-06
2911 0.43696695299460686
2912 6.576888576605913e-05
2913 0.00014417344049726024
2914 0.03352525908011819
2915 1.0545386751347618e-18
2916 7.266681255444517e-11
2917 1.1682681035835815e-11
2918 0.37070750372624217
2919 1.5540140509038166e-07
2920 5.38315309377477e-07
2921 1.0034800033729841e-12
2922 1.7611220669089596e-09
2923 0.03710777637560398
2924 7.632519163407633e-10
2925 5.422549227046023e-06
2926 0.21620696233766581
2927 0.01016211706986
2928 8.123667573530977e-10
2929 1.2938545696318074e-13
2930 0.006021776055795974
2931 0.0012932273811879318
2932 0.0004775834511108709
2933 0.013131977681836774
2934 0.01877247173578287
2935 0.047484415596510704
2936 0.002619020655961199
2937 0.002026936077066935
2938 1.7632354724282905e-09
2939 0.02799796282994916
2940 7.001379868088276e-09
2941 0.02168323107024175
2942 0.1514020463807198
2943 0.003922081516959853
2944 0.00013047619802094662
2945 0.3001064846494199
2946 0.025821636626015648
2947 9.567319550066948e-08
2948 0.004331230173833815
2949 0.015332378879544565
2950 1.4537558385464542e-14
2951 3.031446094381521e-18
2952 0.13501829332823256
2953 0.009934840653929619
2954 2.652585283158247e-10
2955 2.7525513749074438e-14
2956 3.679737468208039e-13
2957 9.039936472330024e-09
2958 4.691979584467015e-10
2959 2.8137176869130024e-12
2960 0.06077864506124931
2961 0.022777465697103153
2962 3.087899887741898e-06
2963 0.018933845570653793
2964 0.0047842302729764734
2965 1.3656752749734175e-10
2966 0.002815185226927989
2967 0.01513734311035042
2968 3.395207447607837e-10
2969 7.529890474613799e-09
2970 2.073736598479578e-10
2971 4.4483935476276204e-09
2972 2.5720622479440087e-11
2973 3.3408781390202332e-09
2974 0.010481161314348604
2975 5.572547284762598e-12
2976 4.255494127533586e-15
2977 0.017968754284594088
2978 1.1153388387350338e-08
2979 0.006887212104571157
2980 2.1872485889612387e-15
2981 4.5035360190854655e-13
2982 0.006133042564518453
2983 1.7064245662978954e-13
2984 9.709298446818032e-11
2985 1.1009682136557355e-09
2986 0.0865825085840355
2987 3.223558388465177e-07
2988 0.056444595949645474
2989 3.969185779742529e-08
2990 2.2440966821585864e-07
2991 0.03051067033099277
2992 0.02031537443888486
2993 1.687519638590631e-06
2994 4.700377333965954e-15
2995 0.00015363623957830724
2996 2.7577280085015326e-08
2997 1.878472929331673e-14
2998 0.0010008172373524122
2999 0.01632565549939192
3000 3.1229716768301895e-24
3001 1.0769269040386546e-08
3002 0.00034417258256716184
3003 0.055884622440298
3004 2.700959358358229e-05
3005 0.00030199271408031295
3006 2.6288559996811814e-09
3007 6.293237624130943e-05
3008 2.859818248909402e-14
3009 5.469173513704649e-10
3010 3.923807065071699e-08
3011 1.5418273961011587e-12
3012 1.0873473028466726e-07
3013 0.03707516639599778
3014 4.4154815338938796e-08
3015 1.5313778406478475e-09
3016 3.032573626385477e-08
3017 2.2445001396198418e-10
3018 0.15579954090992668
3019 1.5815245667247004e-10
3020 1.595506726894602e-11
3021 2.671152276614545e-07
3022 1.234673547802209e-09
3023 3.981483357606998e-10
3024 0.40674597301065646
3025 4.544922947409678e-11
3026 0.5911430092890732
3027 0.5880498316335987
3028 0.5306180161636488
3029 0.6376965348307195
3030 4.333091725637075e-30
3031 3.284963619401511e-11
3032 0.5697351095596934
3033 0.29113730586726716
3034 0.6985481958983135
3035 5.242763610973238e-12
3036 0.4761729840160726
3037 7.241833519288801e-08
3038 0.4221400189872531
3039 0.49672645497267504
3040 5.135868037494735e-14
3041 0.5402079714035417
3042 5.778934790284725e-09
3043 0.4806216225741853
3044 0.10972634151976586
3045 0.0005228179117850195
3046 0.42798101001656585
3047 0.357207854738563
3048 3.879904171075583e-11
3049 3.105266008462721e-22
3050 1.5488421297033532e-18
3051 1.6094848992792615e-13
3052 1.2707814979804747e-14
3053 1.5549192724604684e-28
3054 0.27252782782548296
3055 1.907008770989877e-10
3056 0.13631776284400668
3057 3.0323370409107958e-21
3058 0.07671361464844541
3059 4.898842363961824e-09
3060 0.1864394124727454
3061 1.6133477238381081e-09
3062 4.0629216506559496e-07
3063 1.9202886517438556e-12
3064 1.031435910499098e-09
3065 0.0010156281874321512
3066 1.2868443813364988e-10
3067 7.400616247216266e-12
3068 3.709359176526062e-11
3069 2.695930425652939e-11
3070 2.2636738315473046e-11
3071 9.059705135917593e-13
3072 7.649049913719398e-12
3073 2.0964945565747444e-12
3074 1.8213207847743145e-12
3075 0.0016325144393028468
3076 3.132600335672366e-05
3077 6.108256935794526e-08
3078 3.472130635788046e-31
3079 1.3762865596113196e-13
3080 5.518138617853173e-24
3081 0.023868942297835448
3082 2.0258184809166545e-09
3083 6.622715368631653e-08
3084 4.098012738783242e-14
3085 1.039406354262645e-15
3086 3.738368243958515e-15
3087 8.779206516016394e-16
3088 1.116721946922474e-14
3089 2.008911827836011e-16
3090 5.6638432182278545e-11
3091 9.817171691476628e-18
3092 0.09763061591294554
3093 2.5801995593065016e-19
3094 7.499898526632022e-19
3095 4.969366282251667e-15
3096 1.3378839918445325e-06
3097 0.0014825598142617672
3098 2.798618809271452e-16
3099 3.3047978937967666e-06
3100 6.029012254944574e-06
3101 9.216700413207816e-12
3102 1.4276568453052655e-22
3103 3.0841484782365898e-21
3104 6.372797689168579e-14
3105 1.5670219667828037e-27
3106 1.6469337268599196e-16
3107 2.2233863728687816e-14
3108 0.003869272473048386
3109 0.04470347116952928
3110 3.5975790455377205e-15
3111 1.5786088068558114e-14
3112 0.5967170651195546
3113 0.6731540325721554
3114 0.7199391220893359
3115 3.384624841017921e-22
3116 1.1981128845210225e-22
3117 1.6391801628991876e-07
3118 6.335133722258848e-06
3119 9.402300836532151e-07
3120 0.42129339017747264
3121 4.603770936764797e-07
3122 0.74750296814481
3123 3.8016160718342656e-14
3124 2.052434026302529e-07
3125 0.3278030572838876
3126 1.573577649846187e-20
3127 0.5574273721626035
3128 0.013007039374455229
3129 0.18580932963586944
3130 6.251389054296717e-22
3131 2.753497464802144e-09
3132 6.863916271198307e-09
3133 0.0049119038381911975
3134 2.1631987684127916e-09
3135 0.0033764949796618203
3136 6.089937804912033e-15
3137 0.017794190064029755
3138 5.474203407950917e-13
3139 6.063387728574861e-11
3140 2.010266211390193e-21
3141 5.357330883552374e-10
3142 0.02480651102717756
3143 3.567639513064341e-12
3144 0.0008431979615954275
3145 3.5910652613983596e-08
3146 4.5750779846334e-16
3147 1.8003629652815137e-10
3148 1.3782805697464717e-13
3149 9.1481499467265e-17
3150 6.6435771543670254e-15
3151 5.599102667957427e-19
3152 1.6258308967656954e-22
3153 0.0005882372255573719
3154 7.757900462601972e-29
3155 1.9996806666158785e-37
3156 1.4061847220597156e-07
3157 1.0844481318003947e-14
3158 0.014684244035258958
3159 0.0046365443814362535
3160 0.01025180672600251
3161 6.7733807632567226e-15
3162 4.88164837851795e-06
3163 2.4532329832766893e-15
3164 5.771852496112141e-22
3165 3.3686501301754807e-12
3166 1.7920042478237145e-15
3167 1.6072028525320655e-07
3168 6.144415411032668e-07
3169 6.096374836132648e-17
3170 5.059241910377414e-18
3171 0.0002911331404941523
3172 8.830918303176024e-19
3173 4.6590104428625024e-14
3174 1.0897618457327404e-15
3175 2.324422413414491e-08
3176 5.530080940157611e-07
3177 0.00015580490325139862
3178 3.2376626723953897e-15
3179 2.1993331336227856e-18
3180 0.041022113976102566
3181 1.0984752993896166e-07
3182 2.927622189319574e-07
3183 1.0128117097541264e-11
3184 0.010154850977289017
3185 3.5731239112841136e-22
3186 1.072894383158262e-26
3187 1.068336613057525e-19
3188 3.772541925479717e-14
3189 1.518234214692105e-15
3190 2.288603462747551e-22
3191 1.1328328492583175e-19
3192 1.2188763656984818e-19
3193 0.03841725640409277
3194 0.02706975719954191
3195 0.024897863824407465
3196 6.818960109921645e-19
3197 2.671986097194474e-07
3198 2.3467088160142754e-16
3199 3.5262042212000553e-16
3200 3.3680590923348665e-13
3201 3.763200056566109e-23
3202 0.008681717699293963
3203 9.749535350810016e-16
3204 1.196673283925773e-12
3205 6.789928042345545e-12
3206 0.01151585990974601
3207 0.01980826238176571
3208 6.342251544997881e-16
3209 5.517349241305289e-17
3210 4.879605517919414e-17
3211 1.176105508364282e-06
3212 1.8443010332366665e-15
3213 0.08231119231477513
3214 9.035561266289483e-21
3215 6.5855878968171605e-19
3216 4.847855442691703e-17
3217 0.0687948331103035
3218 1.257905601024262e-07
3219 2.705877573655575e-06
3220 2.1397496095893198e-10
3221 3.0213685301461e-14
3222 1.3214759231742689e-19
3223 2.0693967859072466e-12
3224 8.989461778382993e-17
3225 6.677650335278586e-13
3226 5.999137144299061e-14
3227 8.307154415011756e-21
3228 4.374312454833253e-16
3229 3.128942261271363e-17
3230 7.110194534975453e-15
3231 8.053392671038045e-14
3232 3.2459474663282435e-18
3233 1.8767746903725985e-12
3234 1.7406436451389623e-15
3235 2.5135581628614603e-20
3236 2.9771931014218775e-21
3237 7.047780051985604e-16
3238 5.622081545618684e-06
3239 1.657925425579501e-05
3240 1.7516224401016332e-08
3241 6.358111121845877e-20
3242 0.0014481257520749845
3243 1.99190476306897e-17
3244 2.7010821809287145e-12
3245 2.823448655592023e-07
3246 5.581054287248289e-14
3247 2.8410747811846316e-09
3248 7.263239526936436e-06
3249 7.739721527148804e-13
3250 2.1520220247188512e-09
3251 4.596100077528246e-18
3252 2.0017115091583687e-08
3253 0.0058812869458558905
3254 6.338948108496685e-08
3255 7.961837724723331e-07
3256 5.137202738553309e-20
3257 2.23018005414064e-17
3258 4.981468712755256e-12
3259 8.221793678549304e-18
3260 6.361294882454325e-19
3261 7.725593859883472e-19
3262 4.001519003359135e-15
3263 1.4023943781803343e-16
3264 0.014026166371338888
3265 3.760831586194334e-15
3266 1.2658053978110257e-16
3267 0.0070657267767176455
3268 3.2315285718917655e-06
3269 1.2346313365137053e-09
3270 7.402127831070549e-08
3271 8.241010390533888e-23
3272 3.5148816040148073e-23
3273 7.436180233343106e-09
3274 2.0052383970175984e-13
3275 1.819863750648671e-17
3276 2.3312617622246593e-09
3277 0.0007230053886740304
3278 2.1787230054525367e-05
3279 2.0976949233214098e-06
3280 2.07809800226438e-08
3281 3.2794033521777573e-13
3282 1.2193124504788051e-17
3283 3.297928839910578e-15
3284 0.04770754769899632
3285 0.07809771280683046
3286 2.3611534702618438e-18
3287 1.9355886076680557e-17
3288 0.016453163805815397
3289 1.809858923105203e-11
3290 3.4204247554491218e-15
3291 3.014168038729663e-15
3292 6.558009188630405e-10
3293 4.248836063975568e-22
3294 7.882442865022466e-16
3295 2.7604907614405605e-17
3296 9.106230907882409e-23
3297 8.081194611794937e-14
3298 1.639782652998859e-17
3299 1.0685925084649045e-07
3300 2.2570027968518445e-07
3301 9.873432610834782e-15
3302 1.545144667201678e-23
3303 1.559106210300174e-14
3304 1.023672658037074e-23
3305 2.300264559853771e-15
3306 1.1648776622370521e-05
3307 1.2995685579873424e-11
3308 9.922414520955323e-28
3309 2.877296360518988e-20
3310 4.3452233350646335e-17
3311 1.2284706950868938e-10
3312 2.472569825114806e-08
3313 2.4701746125132508e-14
3314 8.382188470357962e-30
3315 1.1726700355362922e-06
3316 0.004032386363464178
3317 5.523942355331942e-18
3318 5.532576078837554e-06
3319 8.277448457972296e-34
3320 2.385994670447766e-07
3321 2.0100200043935114e-13
3322 8.322922418557711e-07
3323 0.002292197974970795
3324 5.6131672445105604e-21
3325 1.0904315295223016e-05
3326 3.1870873298561642e-15
3327 0.006718052701199899
3328 1.8473603561388572e-08
3329 2.6374857224270142e-17
3330 8.788870199334473e-10
3331 8.745049082388347e-07
3332 1.4492508675525402e-07
3333 0.0034646545093927816
3334 2.2505565320848365e-17
3335 0.011483692976442039
3336 2.624999788411685e-16
3337 1.47649254545389e-10
3338 1.939198618423355e-26
3339 0.003357717848465203
3340 0.013748226501920787
3341 8.434524609592525e-05
3342 2.955034913106552e-16
3343 2.2796235912949383e-18
3344 2.8734807239735127e-15
3345 1.3347864428405675e-08
3346 6.476422650388961e-29
3347 2.454585342711012e-16
3348 2.3110953374044577e-25
3349 8.020923570158051e-14
3350 0.04350331885741479
3351 0.010641574687766215
3352 9.176496514028096e-14
3353 1.7230569233651033e-20
3354 0.03982525612650417
3355 4.277519182333265e-18
3356 1.0985408600930895e-07
3357 8.029746830659374e-16
3358 6.559263920236112e-18
3359 1.625926606844176e-12
3360 0.005168055700085282
3361 1.5390429066819497e-19
3362 2.5844852680972343e-17
3363 9.052776090342837e-10
3364 0.016153988391865774
3365 5.776190169352887e-20
3366 2.601079997059903e-25
3367 0.03445519421245164
3368 3.712518553304767e-21
3369 1.0602366786413148e-07
3370 3.1737570991946014e-18
3371 1.1625323689636228e-06
3372 0.005869629329222827
3373 0.0021085303876752265
3374 0.020137212768328954
3375 9.405159936528388e-20
3376 6.755288445117609e-12
3377 0.005326096024167263
3378 1.9870286349262955e-07
3379 7.619244582069325e-23
3380 3.05609086990953e-23
3381 0.0050584195072140474
3382 5.536510963168326e-09
3383 2.1179995876254057e-06
3384 1.9392109644974204e-29
3385 0.008299996420852397
3386 8.521440262794336e-07
3387 4.8400130033894416e-17
3388 2.7175016661708956e-11
3389 4.533212407039888e-16
3390 0.09557633869300575
3391 4.6403098941004234e-10
3392 0.00026050382288791025
3393 5.091486917509598e-08
3394 2.3179303883339166e-07
3395 1.2424088048806743e-19
3396 0.004885512870197112
3397 1.2362304045317648e-15
3398 4.2350000598707777e-16
3399 1.3262958949981802e-08
3400 1.3467724532316895e-13
3401 0.015080327843293766
3402 1.1017631880821228e-13
3403 0.0001861718599970438
3404 2.5649866304199732e-08
3405 1.4523717828778896e-12
3406 2.9564077772672976e-17
3407 1.5520866924590737e-11
3408 3.1093520887552867e-24
3409 0.009673664593653911
3410 2.112891710544342e-10
3411 0.00032747749790164413
3412 9.55917165262972e-09
3413 8.13200428991254e-08
3414 2.1143609427517316e-16
3415 6.181115344828513e-07
3416 3.8836622786297266e-15
3417 3.54806493561411e-19
3418 7.473235664286455e-10
3419 1.7939588813152554e-10
3420 2.940549060847361e-12
3421 1.5727153924692288e-20
3422 4.201807979400221e-18
3423 3.4900239059257065e-06
3424 1.2596912629536224e-15
3425 4.592905863172864e-16
3426 7.736916395534218e-18
3427 3.975350948571557e-17
3428 1.564022172851659e-11
3429 3.3589856844392958e-21
3430 8.821235787073156e-17
3431 5.2350071422157e-10
3432 9.55204917378521e-06
3433 3.200357127244162e-08
3434 2.8622643965730253e-07
3435 6.760115749741748e-18
3436 1.619701928144768e-10
3437 1.3393538996612999e-18
3438 5.25156597799531e-11
3439 6.877059129283968e-07
3440 2.2959637922528695e-08
3441 0.05810757143500806
3442 3.728642356286533e-06
3443 7.378954225169758e-08
3444 5.06023160500297e-11
3445 8.297033414583943e-16
3446 3.862629189951982e-06
3447 9.993617531817304e-22
3448 1.689923622348522e-10
3449 7.917543799567576e-12
3450 8.951526402024773e-23
3451 0.023327761631184635
3452 2.7830492184855127e-13
3453 2.964450784313784e-11
3454 1.1005039186822715e-17
3455 8.243406479514862e-25
3456 1.2982248684064415e-11
3457 2.0579409257052815e-06
3458 7.464339876355838e-14
3459 1.5479517723937116e-16
3460 7.030628717414312e-15
3461 2.2797644562383004e-15
3462 3.8020591836769615e-28
3463 5.27142243133944e-07
3464 1.0586515413310058e-16
3465 1.098307404394631e-19
3466 3.3710629373984435e-22
3467 0.021783315564791874
3468 1.038795761928857e-07
3469 1.572952542325812e-05
3470 1.7554367225024869e-07
3471 5.840936146060383e-19
3472 1.0540708728327303e-21
3473 2.8308551403545455e-19
3474 1.7861769223147195e-16
3475 0.014286163787015135
3476 5.032925643988865e-16
3477 2.852251611095681e-28
3478 1.236048508378272e-08
3479 2.5313824057004336e-17
3480 7.544835708395972e-06
3481 2.549519102386411e-16
3482 4.299893725373137e-18
3483 2.3228542374764532e-10
3484 6.494687755283979e-18
3485 3.331892124963583e-06
3486 5.677544423639912e-06
3487 0.08593546463532885
3488 2.3282408298763655e-14
3489 3.394617505182648e-05
3490 4.080462922091611e-08
3491 7.124813087938222e-07
3492 4.870949020024034e-10
3493 5.6285949235795275e-15
3494 1.3269020329257052e-15
3495 5.466749186937476e-11
3496 5.825278202071926e-13
3497 1.3529798753275511e-17
3498 2.9593188919639463e-22
3499 1.3390959090123936e-14
3500 4.8430585269157704e-08
3501 7.663531641704698e-17
3502 5.966638306090241e-16
3503 1.2817455450112226e-11
3504 3.028984749242212e-07
3505 0.03283590896434269
3506 9.617331057901038e-07
3507 1.0337693968893886e-10
3508 6.453679268755357e-22
3509 1.6021658678504584e-10
3510 1.0797463607780958e-09
3511 1.6075152317820927e-18
3512 3.977648575179872e-10
3513 2.888187562445793e-08
3514 6.351068561050841e-17
3515 0.0008862105914805756
3516 9.61166225094786e-22
3517 3.5425998565049456e-07
3518 6.938760992855773e-13
3519 3.4897421836185225e-14
3520 5.984054047094805e-21
3521 0.04456669142907921
3522 1.5417358817117148e-16
3523 5.915894850253877e-20
3524 6.293355591248121e-26
3525 0.023360022730498364
3526 4.538668419475344e-10
3527 1.212120801639507e-27
3528 2.2786898166932645e-27
3529 1.0099265123709823e-18
3530 2.6658854454002398e-21
3531 8.266241967706707e-16
3532 2.4164384561600893e-14
3533 0.058991148711305175
