0 8.907025555917727e-07
1 5.421733671821882e-05
2 1.560256364793905e-15
3 0.0001464899924587131
4 3.4907337957688054e-07
5 1.087142140522176e-07
6 1.1409044578301568e-12
7 4.8759767731120315e-17
8 1.5582543485083042e-21
9 5.136861933510999e-33
10 1.7782137065001167e-10
11 4.359043410435871e-15
12 1.1628767434597685e-07
13 1.5002487958521416e-31
14 2.077634207978378e-06
15 4.176061018855938e-12
16 2.7577760170840454e-14
17 1.0891229247513023e-09
18 1.3976688224472037e-16
19 5.1457339084618885e-18
20 1.2603163954460462e-12
21 1.5128393231229003e-13
22 0.0009096352326828451
23 2.0151041949359467e-12
24 0.0005947090722823995
25 0.0009726322261621013
26 8.779058869344059e-28
27 6.00118617599827e-31
28 1.4968919427876e-08
29 1.938746372793606e-09
30 3.4648894836321866e-31
31 0.0037912675661300244
32 1.1099979573897022e-47
33 7.003642887286749e-12
34 1.9315172829876633e-09
35 1.6257891054265196e-16
36 1.4530134784812516e-06
37 1.5146865729843874e-12
38 2.8727899440374906e-05
39 1.4904871449666773e-06
40 1.707035557064385e-22
41 3.698642499190152e-30
42 3.082194935078578e-15
43 5.987557942221333e-08
44 9.036976926277901e-12
45 2.050485427896718e-07
46 1.1314307802628334e-06
47 5.67521347078942e-05
48 0.0026642300721779863
49 4.2288343750128203e-10
50 1.0015898519108848e-06
51 1.987491336487834e-15
52 3.0991674568427876e-13
53 3.811885564354197e-11
54 5.497194684411703e-07
55 0.00010248290694019472
56 1.519859607602374e-08
57 8.559214225482705e-30
58 4.846048251602939e-08
59 2.176171581361236e-06
60 0.00010325074791446589
61 7.441097590596304e-11
62 5.3689460264018576e-05
63 4.051841048343217e-05
64 4.847691010537629e-10
65 2.1374055174172364e-07
66 3.576736309166663e-07
67 5.605783579700039e-25
68 1.801794001366936e-11
69 1.8674581442833464e-05
70 3.482994306943436e-10
71 0.004349014541988636
72 6.446021536072705e-39
73 2.622221352987704e-46
74 3.642901769367274e-14
75 1.7503922200709065e-11
76 0.0015162457506988128
77 5.68272409648021e-07
78 0.0033361034413464906
79 0.0012426126351090115
80 1.1743794304647956e-10
81 1.0320125043523752e-11
82 1.1696999152120538e-10
83 5.008178744880347e-41
84 9.076895886194339e-11
85 1.4671500031698368e-07
86 7.176671287445282e-08
87 8.162783987873994e-07
88 0.0017591472183554485
89 1.3931426719464022e-05
90 3.6710130632710787e-10
91 3.1884855120791173e-10
92 1.767174337918588e-15
93 2.887217147153788e-05
94 8.176909916737183e-34
95 6.948039293500683e-30
96 1.1424870398792321e-17
97 0.001157578117539728
98 0.0002386047866086649
99 1.5281644633619788e-05
100 2.3426998469902832e-09
101 3.563067064019495e-05
102 0.00120719317825231
103 0.00015909583947501738
104 2.520025405842417e-10
105 7.683684803931996e-31
106 4.1885847038138274e-19
107 1.5090544107886848e-06
108 1.1482017820435293e-12
109 6.807961630924287e-07
110 1.955431702409205e-08
111 2.131646588952787e-38
112 4.466566007630988e-05
113 1.972390748748927e-23
114 6.66967926480112e-05
115 9.46738080644708e-12
116 3.461843530611744e-11
117 5.7480984941500986e-15
118 1.1324038475914204e-10
119 0.00010134642514406126
120 7.031723706878725e-09
121 6.068180607930864e-11
122 2.572821576770414e-12
123 4.3413886016991e-16
124 4.4093167406748865e-10
125 1.4274658862530617e-05
126 9.073331762213644e-08
127 2.5828070961810803e-05
128 7.568690983293963e-06
129 1.3374869840836324e-07
130 0.0007935904054739711
131 2.5391501506514394e-47
132 5.126732395581108e-08
133 6.267567075682366e-11
134 8.298945048542327e-12
135 3.2184307906530668e-40
136 2.390047211818721e-10
137 1.3967970474841038e-21
138 7.059255661711772e-29
139 5.569254997158069e-07
140 1.2748854092502304e-07
141 4.392632839746211e-06
142 1.1103393377080717e-05
143 4.746392502234758e-13
144 0.002721936571229554
145 6.959440288249619e-06
146 1.8378566448685752e-06
147 0.002117573371476306
148 3.6608576833678125e-22
149 2.073375530987873e-09
150 0.0007853733039831499
151 0.0009055021762260455
152 5.449539969569265e-06
153 2.786878939662789e-23
154 6.132634210007133e-11
155 6.538736048898751e-08
156 0.003561420931562753
157 7.527394733790979e-07
158 3.0727798773288165e-08
159 1.9988995400657115e-05
160 1.8587592595139586e-06
161 4.1473618146351e-12
162 1.60152272399387e-38
163 3.402755906182804e-06
164 1.1925562658868074e-10
165 5.087759275326827e-05
166 1.6455932412617915e-09
167 1.490550485505004e-05
168 2.150355802232596e-27
169 1.1277934691151221e-09
170 1.8651189656956015e-09
171 4.295693156469903e-31
172 6.032729710833883e-12
173 4.722745289041101e-10
174 1.801431314109182e-06
175 4.6465149761194846e-09
176 5.107455064606702e-18
177 0.002329260440295575
178 4.188340023589225e-11
179 1.017732119844147e-18
180 0.004311899508098061
181 7.619419261440657e-35
182 6.9455507880528504e-06
183 8.371197587462941e-11
184 9.625867845953138e-06
185 4.029425195668542e-06
186 1.8847059786287835e-07
187 1.2413543643058392e-06
188 8.675878131102562e-09
189 2.853623876087577e-07
190 2.074534197668365e-06
191 8.826857220876926e-05
192 0.0001431023250515112
193 6.838732249321469e-37
194 1.4306574035734286e-11
195 1.832647204376793e-09
196 8.469902492728541e-10
197 6.006152524714648e-15
198 9.578351347670185e-05
199 3.4626863636366475e-16
200 1.4415408641550624e-05
201 1.6336520587408606e-08
202 5.31122384293449e-07
203 1.2258462071791356e-22
204 3.9326467889817225e-13
205 1.4585246204268912e-11
206 1.4522869777007702e-10
207 1.8998995437117665e-13
208 9.552974637584008e-05
209 1.2215072329826793e-07
210 1.4723615668843522e-23
211 0.0018794485776168746
212 8.223660902573961e-07
213 1.2559981626150094e-21
214 6.391827243631438e-06
215 6.9774635111799656e-12
216 9.762287246760753e-29
217 1.8205424994851696e-11
218 0.0002089236376582261
219 8.197027727142172e-07
220 8.272371093531075e-18
221 2.362574776056267e-13
222 3.7464685712719866e-08
223 2.3677235443451904e-11
224 1.8747535675564888e-22
225 1.1118524129934384e-05
226 5.672968545330857e-06
227 1.110345237783339e-30
228 5.873105054448059e-06
229 4.714694612381819e-14
230 3.268385815667944e-11
231 2.7037565372727818e-11
232 1.8177818651182738e-05
233 3.090423833073558e-06
234 3.9095224375364185e-11
235 4.9937141915756054e-36
236 2.27422146814715e-05
237 1.0731088016784687e-30
238 2.8406187375321897e-08
239 2.5866124440036627e-24
240 3.773558350316672e-07
241 2.016093330080602e-05
242 1.1901437143175626e-23
243 3.617204917942653e-05
244 0.0014923285096278445
245 1.8659888699861716e-26
246 2.3962238104674034e-28
247 6.123516284346973e-07
248 4.3738596336055166e-48
249 0.01964721988186999
250 1.9751286282796336e-06
251 1.052112905850773e-46
252 6.273497861373445e-05
253 1.4885792346313462e-08
254 2.0036113185771e-26
255 1.364373628446401e-07
256 8.95802992537234e-12
257 1.9268793562251306e-41
258 3.1072386843540206e-11
259 3.76174941186979e-28
260 1.5850764226855138e-13
261 9.57191372287082e-11
262 3.2296953524457137e-05
263 0.04086740803649536
264 5.822447464763492e-07
265 0.045435585393001125
266 6.127552111583037e-19
267 7.646709514106286e-05
268 8.917517479057889e-05
269 0.004415644765577015
270 1.4164398643626927e-07
271 0.0021024672520158277
272 0.0014324922635052513
273 1.1710679518069444e-20
274 0.052392403485889694
275 1.3772142165936102e-11
276 0.20441263583877434
277 0.2027126848887248
278 3.213336660771545e-11
279 2.262347153643419e-31
280 2.3054380318564083e-09
281 4.953903361042207e-05
282 0.010565348463138285
283 6.5570374961896165e-40
284 3.900068365602459e-07
285 0.002520371211551058
286 0.005145262684177601
287 2.827698664458387e-17
288 1.5439789778204324e-35
289 0.0019093702779775417
290 0.012946202438385635
291 0.0013002896275306115
292 0.34251623553816624
293 3.1693227788039394e-07
294 7.964045436744425e-34
295 0.0009384372273476906
296 0.02757986884870266
297 0.00466378144935022
298 0.0001398984436540052
299 0.00871149509355939
300 7.122014966033219e-08
301 0.034037170141498464
302 0.00019783214255934847
303 1.0715656802087518e-27
304 1.978099081256473e-06
305 5.354557189234339e-07
306 1.0734505182483539e-05
307 0.0012132481438402484
308 2.0485427680491692e-07
309 0.03417922277418446
310 0.009677255636383282
311 0.1721424696116704
312 0.017642875717444873
313 3.341847684450003e-05
314 2.9880545874858426e-09
315 3.293532965664341e-06
316 0.01995769628399038
317 0.027478580410713088
318 0.23178475783186778
319 3.226347255283602e-11
320 1.1502730473253176e-09
321 0.020026741122130726
322 5.0133269896384124e-08
323 0.022047783762603166
324 0.0006566640943072101
325 0.012213417115456735
326 0.06154844859339734
327 0.022913140200463523
328 5.457188862339969e-14
329 0.014674423269940473
330 0.014525278621745784
331 0.0003909813045192739
332 0.5201049903249827
333 0.0030238289556025594
334 0.6954377208329333
335 0.11995162704810207
336 0.01376474041500905
337 0.6542726061139336
338 0.8059918873295027
339 0.009507811445986877
340 0.7830267982689599
341 0.0010018450407009425
342 3.0950166929647766e-08
343 0.01120054226684935
344 3.8002908237243203e-10
345 0.012734421924061717
346 0.018603276992802058
347 0.008538289210921205
348 0.864585091656193
349 0.862495558400641
350 0.15725528393157776
351 4.603190231192773e-10
352 2.7220514031403e-05
353 7.603911345038626e-09
354 0.7802603818212247
355 0.8523445016674425
356 0.0027443194304647453
357 0.8807555540173831
358 0.14850110690256088
359 1.7800059056551175e-37
360 6.143869696978521e-22
361 0.31136357554218824
362 0.004964170289239118
363 0.19853961556507585
364 1.3700452629790649e-14
365 2.1996313444579343e-12
366 1.1713528411713325e-22
367 0.00019744912745207088
368 0.011401640594329457
369 0.8307755316723008
370 0.0006701581339442496
371 0.00018304295942355684
372 0.0009198380839022832
373 2.8010811015551806e-05
374 4.5062944667110894e-08
375 0.6616667274000497
376 0.0075944145330282915
377 5.193048843408444e-13
378 5.634280343816705e-05
379 0.7263601671339509
380 0.5884246454389367
381 5.81769236447497e-05
382 8.163978338449645e-14
383 0.0618785458373401
384 0.34563481601668306
385 1.1826939594544504e-22
386 0.5023874294700578
387 3.0370495208406894e-08
388 0.009367794293881807
389 6.710815010114066e-13
390 0.36703683946987037
391 0.0282597006322671
392 0.053796969819179016
393 0.01880663095159875
394 0.30160381856694823
395 0.0961495945748135
396 0.36641181143442625
397 2.523940745004641e-16
398 0.015949655660911582
399 0.02085225539491948
400 0.010435502383667715
401 0.011779142170427621
402 6.039103264172744e-22
403 0.03703459362066162
404 0.3955930273745276
405 0.018056205924468705
406 0.4521674938176765
407 0.032531539989879114
408 1.9171811671379304e-06
409 0.00028263558253038243
410 0.011146738244858416
411 3.6224327424874417e-10
412 1.440231852708571e-34
413 0.22132884731214736
414 7.263781476811085e-25
415 8.759066159999342e-29
416 0.21815441072893926
417 0.33536953274812786
418 5.7284388904584233e-08
419 0.41236959669207446
420 0.10290974962204502
421 0.08029273586140614
422 0.006219793700185399
423 2.0273844435697634e-21
424 0.21443253510094257
425 1.0157219394277158e-36
426 0.094102673388957
427 0.281661335185525
428 0.2883414021701241
429 3.940870658500832e-23
430 0.24916153366368723
431 2.4392345997426624e-23
432 0.0002629635435327283
433 0.004079432168806147
434 1.3237375844390916e-06
435 0.00016659316103606473
436 0.4270467284224632
437 0.10310777451727722
438 0.14481025968566197
439 0.0032140718870436887
440 0.2950417766405226
441 0.008745551751822922
442 0.0034031418802551072
443 2.1626425351759848e-10
444 2.5237643181289825e-23
445 0.00409514822662776
446 1.9359101401678394e-05
447 0.3849186314857642
448 7.951376462922003e-20
449 0.004085829913316723
450 0.01601705797139622
451 5.111787130394457e-22
452 3.194340490435163e-11
453 1.673095507563294e-08
454 4.718166115794072e-41
455 1.7822199308142056e-05
456 2.7039756106527546e-07
457 1.0708934599025704e-10
458 0.4228882451505595
459 0.0002897653468085843
460 5.919062589149423e-09
461 0.015908047830390782
462 5.103631492217506e-22
463 2.9114237739347824e-05
464 0.3795345338569675
465 4.253365603853974e-05
466 0.0018368660087130703
467 5.4873023613655933e-05
468 0.011703310570344364
469 1.1313131070168422e-30
470 0.00250014151739367
471 0.01959384706444515
472 0.4485531228230957
473 0.0006368097599323512
474 6.5670282491685675e-40
475 2.105647228762177e-08
476 0.02007908777434624
477 0.017680440996631026
478 8.624528391728836e-08
479 0.06350324131575753
480 0.5535308680654543
481 0.4506513436986945
482 0.055550922469907234
483 2.0665595755062798e-07
484 0.2787579128675811
485 0.5770170153002466
486 0.12068069159650632
487 0.6388455715890711
488 6.765228140181e-17
489 1.2972821231786432e-06
490 3.242127563159964e-07
491 3.9470625849684083e-07
492 0.000914592880947169
493 0.005031089742613279
494 0.28966188901316076
495 6.187718456793084e-08
496 0.03259270995466737
497 6.989042237317161e-07
498 7.129408802420447e-06
499 0.3523207165300895
500 0.004203130749721121
501 0.0041717191201521035
502 1.475589475090391e-07
503 0.439103386844104
504 0.44320628671121953
505 0.38115748905078106
506 0.09572534286420904
507 3.997296209413435e-06
508 2.552877995147751e-08
509 2.3595113448629456e-09
510 4.209027560623887e-37
511 0.15486376525377768
512 0.036171383222939536
513 0.004713281008566474
514 4.806040425189588e-08
515 0.010509575989470289
516 0.024422666076441956
517 1.8011012767127425e-12
518 0.0035049845822204694
519 1.6294773835990736e-08
520 9.522083357683196e-09
521 4.775574836822647e-12
522 1.85121697002364e-17
523 0.2092205962799983
524 0.0006439614161225532
525 4.9790600212150004e-12
526 9.146559408528237e-07
527 0.025427062318699484
528 2.2879741693149985e-20
529 0.0648054080901704
530 6.263967800190991e-09
531 3.7081372816323886e-06
532 1.7461991820363405e-13
533 0.12187382225193359
534 2.7188505347488047e-08
535 0.15629631472992697
536 0.010597877771274794
537 2.5566386786719942e-11
538 4.003528603358485e-09
539 1.6234560743205713e-09
540 1.4879782753878412e-27
541 2.2587579196924617e-42
542 0.05543070100044795
543 0.06435037449011356
544 0.6364806866888468
545 0.08849527037686158
546 0.0087088366816822
547 1.3961329121168604e-05
548 0.011207186030309811
549 0.009643235946467264
550 0.04882955354980479
551 3.0174532074128166e-15
552 4.839410739101495e-30
553 0.03149160872589676
554 0.004497900502801882
555 7.880555452367863e-07
556 0.03152194111635427
557 0.0044859577048560525
558 0.03163938287741053
559 0.03873296978234896
560 0.09278078356616372
561 0.010044389512152753
562 0.001773858450737022
563 9.740228053202344e-16
564 1.2553999681439664e-13
565 3.9892999211892206e-07
566 2.1372519311622444e-13
567 2.1569101425186772e-09
568 4.239187899578291e-28
569 0.000517093863020739
570 0.042967111076358804
571 3.2032230486185614e-21
572 0.05058088111388611
573 0.003995933266535342
574 3.5163516212308643e-32
575 0.018585323061101913
576 6.909083110835344e-12
577 5.744511304345842e-07
578 5.020286250401484e-05
579 0.009993941828841293
580 3.3111575789862587e-09
581 5.203525659945615e-10
582 5.031018675967144e-09
583 0.09206110602314378
584 0.025111333622452596
585 1.8035550991483273e-12
586 0.057039797163471635
587 9.656655846353978e-35
588 3.7111714731919634e-06
589 1.6460623252476559e-16
590 0.06672022460768187
591 4.7085911312653447e-05
592 0.014757869317186784
593 0.00010758268544153417
594 4.7229067082450934e-05
595 0.00047029338464462165
596 3.4223289305905524e-45
597 2.7383361428126753e-20
598 4.564397731236482e-12
599 2.467325536171833e-40
600 0.0010925646348209992
601 8.132975197472361e-05
602 5.939333821336273e-10
603 4.4753878511550334e-13
604 0.015281792098639672
605 0.001996554452734625
606 0.008273987177890081
607 9.926049819870467e-13
608 0.0019245404933488296
609 1.1156245580333921e-09
610 8.869738491196675e-10
611 1.6600684502059045e-06
612 0.07383084871461636
613 4.514475351804145e-08
614 1.686242269397923e-12
615 0.00047531800985023127
616 0.006494444522993274
617 0.00498185374692866
618 0.029540111425771263
619 0.000775500335518
620 0.003032953841824722
621 7.132005424527153e-27
622 0.014605654291972013
623 0.03362019739104394
624 7.169354855702255e-13
625 0.07167563802582344
626 0.08947329088267432
627 0.010066439550228169
628 0.07907566742522393
629 3.969491733717308e-12
630 0.0021656387028972323
631 2.4777899111202147e-12
632 9.435509937127317e-07
633 0.03192407292889324
634 5.07786724945701e-27
635 4.618270676435293e-30
636 0.05257708512599815
637 1.5811548401334713e-34
638 2.6833773009101617e-06
639 1.5402672108021802e-17
640 0.008439864582456475
641 0.04721842947279066
642 0.08278586945759094
643 0.011309371373593871
644 0.005546951684092982
645 1.4728530428320574e-17
646 0.004904897461582735
647 0.0038489111345945577
648 0.6782840902735929
649 3.352631887511736e-17
650 3.0248586944085637e-06
651 0.7454676852058025
652 0.09434162333016913
653 1.1871060106552568e-20
654 4.500752891946053e-29
655 2.4309207086989984e-33
656 0.0712840670945234
657 3.500603241215808e-10
658 1.6331049683671566e-21
659 7.640730536436386e-16
660 2.600281759468682e-06
661 4.0345834715565806e-33
662 6.210612467914774e-06
663 0.5749318587671536
664 7.138635516531575e-10
665 6.706795200284388e-10
666 4.754017808303116e-06
667 5.979152320411867e-07
668 4.1331315098294936e-06
669 0.0013031821138204435
670 0.008055157298661117
671 1.560210566207229e-05
672 2.920815389777942e-10
673 5.058858355660567e-32
674 0.007365163376726066
675 0.11627253089469534
676 0.006487293296070336
677 0.0915248982430172
678 0.10689321816977924
679 0.0036631803489481926
680 0.0016100221265027033
681 0.0005802578358080916
682 3.106007615822176e-33
683 9.596107307617691e-06
684 1.2096532493225975e-08
685 9.732610898111363e-18
686 8.979562615958448e-07
687 0.0006772439526043469
688 1.4720758329125657e-12
689 4.823624629319379e-05
690 9.398952620233864e-05
691 0.06579697274894436
692 3.666236945240968e-13
693 2.7574063783773005e-12
694 2.4760542261743225e-27
695 0.0017044062447885183
696 0.0007265254596774237
697 2.927372220440058e-26
698 0.06685466677099407
699 9.5204499383656e-05
700 0.009170941590892616
701 2.799950054345915e-05
702 2.4009359839482257e-05
703 0.0012788133983411833
704 9.818612621753014e-09
705 0.008086332519838134
706 1.8012364059497797e-08
707 2.590931947988766e-07
708 5.504275554816934e-21
709 5.579977144669109e-28
710 6.66228863788351e-13
711 2.589374263040766e-07
712 0.7587007896055815
713 0.028623420953003516
714 5.224557614464072e-19
715 1.2446011451889195e-25
716 0.003945406275182603
717 1.4386010912294434e-09
718 6.447910939640758e-09
719 0.006665586924706424
720 0.0008649997439797021
721 0.00032891269587005727
722 0.00045080900771625134
723 0.10542915441376419
724 7.991298423736328e-06
725 2.761663372309213e-26
726 0.0013069696094830455
727 9.089544728334431e-09
728 3.7345147736384846e-24
729 0.6479101853367498
730 6.198945980430991e-05
731 1.777409410268314e-17
732 0.09439928812536741
733 5.530361698101053e-28
734 4.356181444493102e-31
735 2.5710488389655656e-18
736 0.588768438949736
737 0.12137564758563968
738 6.927305217944997e-25
739 1.58205378436162e-26
740 1.2005716604853623e-05
741 1.2716764822865807e-25
742 5.833933015451741e-16
743 0.0007395859943087925
744 8.714403365988641e-06
745 8.397128631447966e-21
746 0.006139558412883981
747 1.2257400923621548e-06
748 8.79651989458453e-17
749 0.5942235216773569
750 0.08095455057608344
751 1.2076715619319033e-06
752 0.039635119237544224
753 0.030749950627562635
754 3.228524976445745e-17
755 0.0006975353474924007
756 0.002206247833497523
757 4.982395939700153e-09
758 4.7526566821949374e-27
759 0.010894936387568872
760 0.6159924318430409
761 0.6568633935134658
762 7.928375848700937e-20
763 0.0003070385502551132
764 1.5784093067526142e-05
765 6.588946925871716e-05
766 0.014745530073733377
767 6.56768585937137e-31
768 5.353127971936643e-26
769 0.00998251737074419
770 4.9435274063339233e-14
771 0.015589124105158492
772 0.00018653263558666476
773 0.03703119376315455
774 2.1219206793130317e-16
775 5.404242445640742e-07
776 0.026564975582865864
777 0.0008707234617191983
778 0.26522914813530174
779 0.0001728177394186727
780 0.00735968479264655
781 5.137409334168369e-05
782 3.625571915028261e-22
783 1.7146413246769004e-07
784 1.699184814546562e-19
785 0.002319318836482235
786 5.923319243878701e-35
787 1.743703399752599e-22
788 0.0017269507411514437
789 0.01652961764875358
790 0.19177140585150992
791 0.006650014205901155
792 3.755713048059726e-18
793 0.00221161137291086
794 2.865803140401738e-17
795 0.001256042147172367
796 0.16333735885603468
797 1.3527608425955034e-13
798 1.4524818651487629e-10
799 0.5701929984543527
800 0.0014225563013084272
801 0.00487888756732536
802 2.762911614452516e-25
803 2.3444755810415387e-05
804 3.4469954213321017e-22
805 3.00058320909092e-21
806 4.013447906102895e-14
807 2.5992782813649777e-13
808 0.6835183238058529
809 0.0006163846403116727
810 0.013311464953172796
811 1.4117863238623083e-08
812 1.3978568500600414e-11
813 2.151320268079971e-09
814 3.4688057081164004e-07
815 9.951500366847624e-24
816 0.08292920103400551
817 2.5553023312200167e-31
818 5.4556353300693855e-06
819 1.4534106086095077e-07
820 0.003705283642071023
821 2.69296742008803e-08
822 3.838635477760757e-05
823 6.757321378607767e-29
824 0.019283894393283835
825 0.12012455828214146
826 2.5284339926467897e-15
827 2.8401573692303715e-21
828 1.2475697611088938e-08
829 1.8446834034376147e-09
830 0.04763865539688753
831 1.7155594586734968e-05
832 0.11431463553426548
833 0.05594612391547665
834 0.00013778905928569927
835 0.04720066879058829
836 9.865329384770797e-16
837 0.6523368710543073
838 6.488101254210136e-07
839 6.156945900965706e-05
840 0.0793441714711667
841 0.0050515742963729285
842 0.07311561820339246
843 0.00015369935316916756
844 0.006672876886729011
845 0.00019431998770374988
846 0.009432455691583661
847 0.48666090043475957
848 1.4607756491717353e-28
849 4.3049828195065796e-21
850 0.05422682328894359
851 0.0003084888112393479
852 0.0004891346791805196
853 0.00031713836505932664
854 5.878154813743998e-25
855 2.1608380582774755e-14
856 0.1782403692331396
857 9.742009429344538e-34
858 5.409764049039143e-32
859 0.00011111861882440744
860 6.481041952408511e-16
861 7.855225232376725e-09
862 6.074679936071797e-06
863 0.0016248555602313064
864 0.052837413033563714
865 0.12334169552340742
866 2.806990403221429e-17
867 0.0004329379499352739
868 0.06179464091974627
869 3.379165808983317e-12
870 6.184061844992227e-13
871 0.0015881297254206296
872 1.368066277963539e-11
873 3.803779816687433e-05
874 4.447287498950234e-06
875 4.336778952110116e-20
876 2.824818482144101e-05
877 0.0003756539398286343
878 0.007944198889922979
879 0.00031803065465355957
880 0.11528250150994979
881 0.0003338428758779993
882 5.61603745621079e-06
883 4.846830068940668e-10
884 4.197804326103952e-05
885 3.0209039139391485e-06
886 0.1203231811475147
887 6.652428607863471e-08
888 3.910564938472229e-23
889 4.26134472158284e-11
890 0.015822883755246597
891 1.6214171750426123e-14
892 0.14214505201200325
893 0.0011157253483394223
894 2.7786986798356296e-11
895 2.8125516387124384e-14
896 7.786393445446862e-11
897 0.16946244657077647
898 6.419034562753647e-14
899 0.08474755070141425
900 2.6427251790787764e-15
901 4.593623955951621e-16
902 0.08743308957111418
903 0.05505491289548069
904 1.538305305550639e-16
905 0.0166051624958567
906 0.02000312367105021
907 5.989901100265679e-44
908 0.00041235963583726077
909 0.002453289549451639
910 0.004438792783848139
911 0.0020718359755407113
912 1.7835053905392255e-19
913 2.8462837245693424e-25
914 4.4031798364020266e-08
915 0.12085866433431579
916 3.2387924453730318e-09
917 7.75033806819675e-12
918 8.042641883186952e-14
919 1.6228044915525177e-24
920 0.13385619866066972
921 2.0920161246836758e-05
922 0.0011182748002943055
923 3.9103507780383924e-06
924 0.0009734960647865219
925 7.896667373981565e-27
926 7.118901970545357e-22
927 1.6364457498002328e-12
928 7.629748246169607e-05
929 2.058335019796997e-05
930 0.1208436780727002
931 0.0003567034987608321
932 7.264296650336608e-11
933 7.13184052737999e-05
934 0.7885553380675276
935 0.00042094999995487503
936 2.75174339075873e-07
937 0.0048096396494427774
938 1.3677469580036837e-23
939 7.564295470416979e-18
940 0.025316778262091926
941 0.005763174131217371
942 0.5849741689148478
943 1.7768414015172808e-07
944 0.03967169677424034
945 6.049461271471961e-08
946 0.08844617884097242
947 2.0306172002091723e-05
948 1.978886433153831e-07
949 1.1912582247764011e-07
950 9.399342323634529e-08
951 0.0689265308275604
952 3.033829975680405e-06
953 0.7566428678166663
954 4.298372596509647e-08
955 5.509209021579363e-05
956 7.651418338933883e-07
957 0.0432941801424422
958 0.09566568899737041
959 5.1578310925813735e-06
960 0.0018232076092171328
961 1.4807244228162858e-05
962 0.6498370216265648
963 0.10017470595826693
964 5.834621190267143e-30
965 0.00016115943744848772
966 0.051292909542878115
967 4.280640510425227e-15
968 5.699779358836731e-19
969 0.11795281648336896
970 0.055717833238164684
971 7.848000765243186e-15
972 0.0005375148792822694
973 4.12093904408213e-06
974 0.003805883020326641
975 0.00013207461542031896
976 0.001958697909498915
977 1.8480319327523567e-05
978 0.000840946001873084
979 0.035877471820415854
980 2.5257837422386816e-16
981 3.112207411753647e-06
982 0.00023094072514043355
983 4.2233347412356886e-22
984 0.000927784037199389
985 0.020254785718370857
986 0.004181786761998774
987 0.00018223248641623758
988 4.268718795717557e-18
989 0.2744337091907781
990 1.6841489024130115e-16
991 0.00018038668756839736
992 0.05873245878311376
993 0.006847831409753058
994 6.461386792708017e-18
995 0.04199023485242934
996 6.173995576609367e-06
997 6.2706267266509956e-12
998 0.11201605829323635
999 0.09307792927935729
1000 0.8318900703302488
1001 0.0002179057659877644
1002 4.873865079534642e-06
1003 0.05253271109437978
1004 0.20362732070478493
1005 2.5125814395751635e-10
1006 0.00047805250070716423
1007 7.2894217261763e-17
1008 1.6750642691981034e-09
1009 0.014866412969156148
1010 0.0013960366487769263
1011 4.617020088545431e-13
1012 1.2379860182739586e-18
1013 0.0002441753956202166
1014 1.619935965010273e-11
1015 0.0006920367006612713
1016 4.545945517487213e-20
1017 0.00017003557642652974
1018 2.390049546326202e-05
1019 0.004306623024456643
1020 0.2850742507952498
1021 0.00020578852256245467
1022 8.337608169874912e-09
1023 0.007226553815874602
1024 0.0004435015614384643
1025 1.6323213265219075e-09
1026 0.0048260422644234
1027 0.0012950214779847134
1028 3.1067578461791826e-05
1029 0.18548172254680312
1030 0.0002017295659201185
1031 0.7940893319475116
1032 0.024602154831317467
1033 0.014873785097571667
1034 0.00023334579133826663
1035 0.0011914262124073942
1036 0.156590562838695
1037 1.9771264631379364e-06
1038 0.03585956209214748
1039 0.09032815459087888
1040 0.00252102772675631
1041 0.018804095935366548
1042 5.097125980159159e-05
1043 0.01223321837578254
1044 1.1761270939836464e-25
1045 1.6002208973576214e-13
1046 1.5622999790624748e-10
1047 0.8122842984166566
1048 0.004095056278253056
1049 0.02401108467659578
1050 1.908431535677438e-08
1051 1.0063134158439882e-10
1052 7.576411755859509e-05
1053 6.705413499967934e-05
1054 4.6874640323724225e-05
1055 0.003484834845162421
1056 0.001416410247249144
1057 0.000416804506899416
1058 0.02186454906972336
1059 0.06765510942909345
1060 0.036435492582428806
1061 0.0032658343575649776
1062 9.335222998129648e-09
1063 0.0014973275202791233
1064 1.9976838694640832e-18
1065 0.04051985717915211
1066 2.9172573644691803e-26
1067 0.03241701795075981
1068 2.797702454183859e-07
1069 0.049754119438216664
1070 3.3906948641170716e-09
1071 0.0008708238306485672
1072 4.714954279964166e-06
1073 9.44635474365653e-06
1074 0.00538992738169528
1075 3.865402084709139e-12
1076 0.024423591467287183
1077 1.5858135987001289e-07
1078 3.962239213945699e-15
1079 0.042164445070934635
1080 0.030811381869990273
1081 0.0005744488046876793
1082 1.192010650531494e-09
1083 0.05242795154025851
1084 0.040938175622271956
1085 0.05145530295498661
1086 0.015088187996475074
1087 2.401820923750172e-16
1088 0.2910869815572549
1089 1.1423160060685668e-06
1090 0.013241185687216288
1091 0.0006596650011133356
1092 0.17219830650718246
1093 0.0002930249097573584
1094 0.0035649082715945406
1095 0.03719403671368501
1096 2.13014843222843e-05
1097 0.004897223890079927
1098 0.042211182238090054
1099 7.211857482975325e-06
1100 2.8178250265203127e-14
1101 0.030734222967645514
1102 0.15547823485835177
1103 0.07741632167958802
1104 0.0027689129542708664
1105 7.835224070957533e-17
1106 5.109973883401622e-10
1107 0.1027141422661125
1108 0.039389577735178476
1109 5.147885945831303e-12
1110 0.07334668756306771
1111 7.145245738822254e-10
1112 1.935841257630903e-05
1113 0.06361312734963372
1114 0.0005181606545725773
1115 2.5380315354102238e-09
1116 0.0002613036064815757
1117 2.342943318081308e-08
1118 3.859778896230068e-24
1119 0.22979795588867621
1120 5.617442165672099e-08
1121 0.0017466394546025229
1122 0.001415284350163493
1123 4.5652675757549596e-06
1124 0.005542646951403942
1125 0.07060035746495061
1126 0.0015321236005369236
1127 0.06006134499392868
1128 5.17390387433414e-22
1129 9.368254732316389e-12
1130 0.07974229671967334
1131 5.2290224423478835e-12
1132 0.7363780944611257
1133 0.011840537618046907
1134 3.5253765738195624e-24
1135 4.103327485838823e-05
1136 0.0005575240125972617
1137 8.202280637190296e-07
1138 0.044929936767668086
1139 2.942721916712923e-07
1140 5.9030624477671274e-08
1141 4.0950217116406895e-19
1142 3.317804212340386e-21
1143 0.0004028405764055896
1144 5.046588778707273e-09
1145 6.280727895569377e-08
1146 0.026518550707491532
1147 0.01927472886683504
1148 0.0009836302676464203
1149 0.022400342126374533
1150 0.7238127382311761
1151 0.00018969026371556643
1152 0.0005058411254515356
1153 0.13748578760989966
1154 1.032103179530616e-09
1155 0.004932332484594803
1156 0.1302362960846763
1157 0.07676373285453554
1158 0.04706652191256368
1159 0.00032450225629846217
1160 1.6246854166572213e-15
1161 0.04474298491601801
1162 2.2475557212920346e-09
1163 0.06002713035087616
1164 0.0004172728962813505
1165 0.04137503413734494
1166 0.13447755382081528
1167 9.270322886553479e-08
1168 0.007404414709124705
1169 0.0006861561726319733
1170 0.14967579718167998
1171 8.567132032342561e-05
1172 0.06126753797907225
1173 0.00022813007234626217
1174 7.862125951683017e-09
1175 0.7769487748868164
1176 0.0004329834740219558
1177 3.973427176143507e-09
1178 0.001435140741371172
1179 0.06460252569857551
1180 2.814605414794175e-07
1181 0.008423503875011971
1182 0.0037860216713012785
1183 0.4112819631154191
1184 0.002412480621185247
1185 0.1108415594567925
1186 0.09155168238180703
1187 0.08294262368069782
1188 0.04971138711894832
1189 0.0006685417077278839
1190 1.0061319494384773e-05
1191 0.0015931438532734328
1192 9.012703110299153e-05
1193 0.13983826424481802
1194 0.002305705547186835
1195 4.995130343603019e-09
1196 0.16554314730743394
1197 8.869577346180342e-12
1198 0.0006810950610842091
1199 2.1749533379484647e-08
1200 0.001060686861296842
1201 0.00034325681444034726
1202 0.030968328699046865
1203 3.671871176918261e-14
1204 2.256484568997185e-08
1205 0.19346309610665616
1206 1.9359547632343487e-08
1207 0.00048391480832071635
1208 0.00012011242280860229
1209 9.622688867731823e-14
1210 0.0005763735551367822
1211 0.2345748365719327
1212 0.1219243766338336
1213 0.10926829233907036
1214 4.542656148914121e-21
1215 0.0072214750134553685
1216 0.000823023817971788
1217 2.829669298523731e-19
1218 0.00014391298835809082
1219 0.00030425774253794893
1220 0.689245581798618
1221 0.00023754821378298515
1222 3.4944105927057252e-06
1223 0.00026868131603661143
1224 7.903653942546657e-09
1225 0.0003216997704229803
1226 0.019662657434971538
1227 1.2028499514404298e-06
1228 0.018276227972455567
1229 8.731705606702263e-14
1230 0.06182775914192691
1231 0.036621218104963514
1232 0.2799804145739366
1233 5.446083727022153e-06
1234 3.3459889317042825e-06
1235 0.04893164266497353
1236 4.4228338520624204e-18
1237 0.026850491974856016
1238 6.932201526917005e-05
1239 0.03412584430960965
1240 3.005938403637233e-19
1241 1.4657433730451097e-08
1242 9.596385924688979e-07
1243 5.869215223222288e-06
1244 0.00014052808467186078
1245 0.05233950963148945
1246 0.0206234769951844
1247 3.739779530148532e-07
1248 0.004186873569738173
1249 0.5601990523188385
1250 0.1581537680414543
1251 0.00012853271471845968
1252 0.3557470360279032
1253 0.008372341051288933
1254 0.18253359637282193
1255 0.04876595076528006
1256 1.375585925112186e-07
1257 3.734506688816832e-09
1258 9.318235597523275e-13
1259 2.0690274335728003e-05
1260 2.559928419051229e-14
1261 2.610843305273673e-07
1262 0.516094741173629
1263 7.261121533729106e-05
1264 0.6414047163009228
1265 2.486749479136697e-07
1266 0.07062600942930933
1267 0.018064263332803535
1268 0.00011807404234001693
1269 1.9933826627076847e-08
1270 0.0037034334941389354
1271 2.2614285184577438e-05
1272 0.00021321095261598309
1273 3.0138130820574123e-17
1274 0.19570133150157185
1275 0.03203722985564788
1276 7.341613666376482e-07
1277 0.012809734146394382
1278 0.09169506697439957
1279 0.0716624002006776
1280 0.0003992010872146317
1281 0.002128945308808336
1282 0.22155821225000338
1283 3.878881192764993e-11
1284 3.8923407647072513e-07
1285 0.09309771666076291
1286 3.5915048281471025e-10
1287 1.262425995768399e-06
1288 0.0001667557667170074
1289 0.001241383580471721
1290 0.16167365614481807
1291 0.074108109159202
1292 0.12533634505922825
1293 0.183757964803921
1294 4.0234862328686184e-06
1295 1.3840770922059265e-06
1296 0.15571509403354458
1297 1.3173701639081057e-17
1298 0.03050276520744188
1299 0.6758342392946103
1300 1.223203140792969e-06
1301 0.015115385182286455
1302 0.009865891835176707
1303 0.28631998249325197
1304 0.01892405164280097
1305 8.906222937914588e-13
1306 3.1713163695415557e-16
1307 1.542273828230427e-06
1308 3.963072611038599e-05
1309 0.00011855615225719536
1310 0.2752775816828439
1311 0.010908294381131216
1312 0.005954304053168921
1313 0.4020811969631466
1314 0.0005837621176463032
1315 0.0002526159953447922
1316 0.0013556352502574183
1317 0.0005144198304082971
1318 0.7182446176513242
1319 6.671583986676072e-06
1320 0.0007018117158299884
1321 1.6470219631746363e-05
1322 0.0260239610208481
1323 4.392980398872185e-06
1324 0.0027616312545687815
1325 0.5609432360565826
1326 5.865529126420716e-27
1327 0.037754102537494186
1328 0.5458849371850674
1329 4.7101737873490616e-06
1330 0.22485458929175187
1331 6.26034885352318e-11
1332 9.628336533455573e-05
1333 8.908876237899698e-05
1334 0.00030694359175575313
1335 0.0011447933321605472
1336 1.873001178991471e-05
1337 1.2782720771889158e-05
1338 6.408326541539479e-07
1339 0.02725559295086605
1340 0.03509425808325936
1341 0.09568958902213166
1342 0.4046335669024484
1343 0.0009006860787398463
1344 0.006662939860887942
1345 0.6827643001398302
1346 0.531690813862777
1347 0.028604153249265026
1348 1.8077485677594342e-06
1349 1.5124581216793516e-05
1350 0.02109171929278599
1351 3.7873242842532057e-07
1352 0.04341092919255277
1353 0.0005729591056968443
1354 4.591161599210768e-08
1355 2.6848371301388785e-10
1356 2.71043900204648e-05
1357 0.04602010489067796
1358 0.029930110248279154
1359 0.4278233428611106
1360 4.6661268512259986e-08
1361 0.0006297583412439242
1362 1.1969455591383836e-05
1363 1.5428897579537164e-07
1364 1.6132060369646198e-08
1365 0.00012849902165473022
1366 0.46774782190326514
1367 0.11423112188871279
1368 7.502962639120942e-15
1369 0.010677939059054809
1370 0.2210732429284884
1371 0.0013438368785309105
1372 0.0014065151335710998
1373 0.0004235968276619792
1374 0.0005559862369650611
1375 0.001464540953794954
1376 0.00011796895405663445
1377 5.250277978692872e-09
1378 0.20769215997449492
1379 2.8746303953004938e-12
1380 0.18728525664849763
1381 0.001047282176856854
1382 0.14365214787791716
1383 0.000675151274471677
1384 3.098602366141694e-11
1385 0.0446197328174409
1386 0.0415562274119855
1387 6.478394975188247e-05
1388 0.7438639786426943
1389 0.11799524670073391
1390 0.0020539151352957415
1391 0.00013690757791916234
1392 6.111677707531314e-05
1393 9.797015954766907e-05
1394 1.1098751174966379e-05
1395 2.487800716027439e-13
1396 0.00017909321857172174
1397 0.20741253174074703
1398 0.32902876947459164
1399 0.8456950515590587
1400 0.5270786985429647
1401 0.05737532942116602
1402 0.00017801794520664287
1403 3.3872781818867124e-08
1404 9.812773143444677e-06
1405 2.140359103859881e-06
1406 4.6233273425061397e-07
1407 0.0221617023735222
1408 0.03803883951958024
1409 0.0004656847371558581
1410 9.00883270329407e-05
1411 1.2741803125534256e-08
1412 0.0006911627284677624
1413 5.7873241373311165e-06
1414 0.06906264174505088
1415 9.481140421313332e-10
1416 1.6664433365401038e-05
1417 5.733679596226907e-12
1418 1.5489864026792577e-05
1419 2.091035073031066e-08
1420 2.897796155670716e-06
1421 0.07828162983004001
1422 1.566380745996751e-08
1423 0.5695950372866458
1424 0.0005561736416703516
1425 1.7388191051490692e-05
1426 3.506314746239641e-16
1427 0.02332218356369937
1428 1.4154500067498433e-06
1429 0.0011356215538223093
1430 0.7098338152505477
1431 1.0399790505130966e-06
1432 5.310058400932548e-05
1433 0.016145416016537826
1434 0.08439606214293907
1435 0.0003521585329309787
1436 7.234135917836146e-06
1437 0.04836313262983822
1438 0.036054803559707346
1439 0.046706428691447185
1440 2.1781222509816036e-07
1441 0.00034372526660930914
1442 1.7506927610170214e-09
1443 5.569672364765869e-07
1444 8.27355707050173e-07
1445 4.097479412538283e-07
1446 0.0027193482480010445
1447 4.3702474147681315e-08
1448 6.328782869700806e-11
1449 1.5003994028153454e-07
1450 0.00026732381141369424
1451 0.2796064981201611
1452 2.0577756186119977e-05
1453 0.0004993837391684022
1454 0.0006919017419682906
1455 1.1016534276817257e-11
1456 0.2307340021431583
1457 2.7702575586146887e-05
1458 0.07026610638608279
1459 0.00988930681487276
1460 1.5622302656834066e-06
1461 0.0034071342896864767
1462 0.06855733138141025
1463 0.5181393633042967
1464 0.14356195967018676
1465 0.00011662491389503673
1466 2.0784707284768957e-11
1467 2.395311406414112e-07
1468 6.532782763000292e-15
1469 1.9439828966759208e-05
1470 3.698427009541942e-06
1471 2.965508643339794e-12
1472 0.001033769642985472
1473 1.1271071880069492e-07
1474 0.0015859895870118685
1475 0.02809630152436479
1476 3.3770128451765423e-06
1477 1.0112493695684005e-05
1478 9.694443916307808e-09
1479 0.004653349067791683
1480 3.940641504445159e-08
1481 6.336572772951697e-05
1482 0.000719474555387787
1483 2.036816480614559e-06
1484 4.9762105617198996e-11
1485 0.0001860216638566656
1486 2.5346046550018236e-09
1487 1.0266879164935662e-09
1488 0.002995326470180288
1489 0.059600168168108224
1490 4.009132660250906e-17
1491 0.00021616538185034888
1492 0.06087760010068955
1493 0.0039409261182027375
1494 0.018408198568252737
1495 1.0998264984937854e-08
1496 0.2369862439365516
1497 1.0263194870561477e-05
1498 7.558103427875428e-09
1499 0.0016970086116038518
1500 9.126625071133132e-10
1501 0.003573577429561292
1502 2.2017495932710025e-06
1503 9.105795372602381e-12
1504 0.10002440717746142
1505 1.2352409276043874e-06
1506 0.4894083258025394
1507 1.1205520606558797e-08
1508 0.0012404416353136401
1509 0.00027082401029590667
1510 0.1833820132337939
1511 0.2159604930607592
1512 2.7142593317966032e-05
1513 0.029833101223534837
1514 4.951343648773632e-06
1515 0.1393308194948108
1516 4.906158707739868e-10
1517 2.7084799949001343e-06
1518 4.50112366046543e-07
1519 0.003529802369708253
1520 0.0013127917932655088
1521 0.0007297479382024211
1522 3.680303844912261e-08
1523 0.00042996140310923303
1524 0.0011024776413384734
1525 0.0014799192190857614
1526 4.572677161502389e-09
1527 0.00957282421457544
1528 9.389645483154022e-12
1529 2.4479830120900084e-16
1530 2.546204704011166e-07
1531 6.814652270660322e-05
1532 1.6602657414510568e-12
1533 0.07164507655176722
1534 0.000871129542512948
1535 2.3745375347580435e-07
1536 5.025939401018537e-13
1537 2.6254185717853843e-14
1538 0.0005017762243330385
1539 0.00028789367675946894
1540 0.3035988147921154
1541 3.568204918796083e-07
1542 0.0040139848703837945
1543 0.08694951197500675
1544 1.859805014664831e-11
1545 0.024240853789360455
1546 0.687712181756063
1547 8.149327652039537e-11
1548 7.248176986507407e-05
1549 0.05932591000394113
1550 0.0005993823031641049
1551 4.916712474954778e-19
1552 0.002215115503270747
1553 8.278885048511575e-11
1554 0.0001782087251574574
1555 1.1169550080941827e-11
1556 0.036400502997177064
1557 1.1495842643550728e-11
1558 1.7032287822439705e-18
1559 1.774597773869482e-05
1560 0.4195109339930351
1561 1.669405385428899e-08
1562 2.8233477153314636e-08
1563 1.2147450494702497e-07
1564 6.376863449595913e-10
1565 1.7325490884241484e-09
1566 1.8168432584150856e-05
1567 6.525497316801646e-09
1568 1.2365339298009558e-18
1569 5.448610115344404e-06
1570 5.422063035453416e-12
1571 3.876437872162474e-08
1572 0.034322772496338444
1573 9.022747651426691e-15
1574 1.166731734998023e-07
1575 7.120221769034894e-05
1576 0.0012210992413814773
1577 1.397696202440786e-09
1578 1.6958895134416535e-10
1579 3.276982329217583e-10
1580 8.52499361639273e-08
1581 7.840441415544066e-07
1582 0.025601733272876626
1583 4.68970302768261e-09
1584 2.4501286131303537e-09
1585 0.011325554530549486
1586 0.002580019382921544
1587 0.011527230678050856
1588 1.2565446583234667e-08
1589 0.01769602284595405
1590 0.000186166376275461
1591 1.910888847439004e-11
1592 5.404929623382643e-10
1593 0.000500640568548435
1594 0.0025884821342052077
1595 3.2064721961536314e-08
1596 1.6802237206142026e-10
1597 1.3873382947090327e-06
1598 4.40791791455408e-05
1599 0.03437506379443197
1600 0.0002962986288502427
1601 3.3072746830295627e-09
1602 0.002295331032139258
1603 3.8663324357814433e-16
1604 2.3405967832628147e-12
1605 3.799828578160916e-09
1606 1.600196842237911e-08
1607 2.042899807343839e-05
1608 3.4448286584708805e-07
1609 0.1546467787013748
1610 0.10470837609741447
1611 7.668700152468184e-12
1612 0.0002037299162118102
1613 3.4876332787319244e-10
1614 3.385364522295898e-12
1615 1.2896571193678438e-07
1616 0.0010659151090008415
1617 3.4953610426313634e-07
1618 3.179275147905662e-05
1619 0.00027153603479563004
1620 0.25115928014667344
1621 1.8006199966121075e-11
1622 4.094721417440415e-12
1623 1.772968125157963e-07
1624 0.0003893592670892767
1625 1.377059654810473e-13
1626 0.10500920718545541
1627 2.7008848552852358e-08
1628 1.0641221491038203e-05
1629 6.03728633979046e-07
1630 2.9754299241459146e-10
1631 9.553138791184235e-12
1632 0.015134714402902356
1633 0.0017255836245115071
1634 9.270560309418663e-08
1635 5.485344351032339e-06
1636 0.0010731351759259398
1637 5.599325014906715e-09
1638 0.0006426047476468905
1639 1.2452181977492429e-05
1640 3.80665982542409e-12
1641 2.6725558354148975e-12
1642 1.2435798401119897e-11
1643 6.251043853063165e-07
1644 1.6314453566986034e-07
1645 6.453701343064303e-09
1646 2.0880652805362339e-07
1647 2.4655092018302643e-08
1648 0.2496452440324588
1649 7.711018232703051e-10
1650 0.00018403341361036878
1651 0.04579109727803704
1652 1.0725519917889664e-07
1653 5.951268576409043e-12
1654 6.17280599580019e-15
1655 3.400754183987231e-06
1656 2.3847319722790242e-14
1657 9.608385585507022e-12
1658 0.005731048182481186
1659 0.11009280522825807
1660 0.00026868659379215517
1661 0.0006637133855367438
1662 2.924214569861195e-07
1663 8.986306252166615e-07
1664 9.379040368835127e-10
1665 9.931777882618442e-13
1666 0.00916618004074825
1667 1.5056224308845045e-11
1668 1.638085708722301e-11
1669 6.655474018286291e-12
1670 1.2216967354082354e-07
1671 1.4510348689920851e-12
1672 3.724680024760451e-07
1673 3.60205794629654e-07
1674 7.489701381956671e-12
1675 0.21425003215597244
1676 0.02145744255959425
1677 1.8602374018956496e-17
1678 1.2164381016953696e-11
1679 7.147594264055976e-12
1680 5.014212941077277e-12
1681 0.2301396611716163
1682 2.3980004508170583e-13
1683 1.2648918184214562e-08
1684 5.243089722864379e-12
1685 1.3640596666877311e-11
1686 1.6312613110275437e-10
1687 4.3548447638150503e-11
1688 1.2440094042189686e-12
1689 1.7900995992353751e-12
1690 5.572392180726572e-13
1691 1.4533288384105988e-11
1692 5.615502029545257e-11
1693 8.039464034934945e-13
1694 3.474458397921343e-13
1695 6.079051378469273e-13
1696 0.021791010175418603
1697 0.2827968485003641
1698 1.664153587189974e-08
1699 0.00012086487294448872
1700 8.782434371752426e-05
1701 0.0033620390461562297
1702 2.622255298731808e-05
1703 0.0002966685843143281
1704 2.9291833457022754e-12
1705 0.0007144895272432468
1706 0.0006782868453077324
1707 0.05503806723577842
1708 0.19764855547137342
1709 1.248482362556468e-11
1710 0.030327594617638846
1711 4.3688279880818306e-08
1712 5.5853243519276144e-21
1713 0.00015579651456370012
1714 1.490638988166828e-08
1715 6.2988476179095e-06
1716 0.15858525054275147
1717 5.864140676877796e-10
1718 3.988146765005767e-08
1719 3.582268617708699e-05
1720 6.158829651670616e-12
1721 7.637610296297507e-06
1722 0.013476981134730594
1723 5.4416590394093e-08
1724 1.729152434418807e-06
1725 0.0014481975663452138
1726 0.11861071360990748
1727 0.0021273371474330844
1728 2.0660068246198955e-11
1729 0.0013368130023608436
1730 1.3708238833324975e-08
1731 0.0003860765685471244
1732 3.5031077861114933e-12
1733 5.0042336466810574e-06
1734 0.0003048399708844158
1735 1.0500315887948863e-05
1736 1.7051980990690358e-07
1737 0.05769378476081615
1738 3.377015493026134e-08
1739 0.024118483473565624
1740 0.018519034738999938
1741 2.6511763605238914e-10
1742 0.07207122541019564
1743 0.0010116051238101356
1744 0.000426216756729974
1745 0.4134374523784191
1746 1.7017106859629113e-05
1747 2.819113369863178e-10
1748 1.0768983188930324e-05
1749 4.927752573221776e-08
1750 0.009453443191100398
1751 0.08267073157572692
1752 0.0018406567403435345
1753 0.0019380494893045362
1754 5.518375482886679e-10
1755 0.5223863557199089
1756 0.0009193381428030946
1757 0.15159445641726962
1758 0.0002497186157291886
1759 6.135802207357855e-14
1760 0.07186236310374221
1761 5.2744700021533085e-05
1762 1.0295314269500051e-07
1763 0.039462142930520874
1764 0.612484966345131
1765 0.2588938168953332
1766 3.7675193267447006e-10
1767 0.0031601087833530387
1768 0.05346086884415619
1769 3.4234267599147674e-16
1770 1.7840799745126074e-24
1771 1.1212107282476392e-09
1772 0.0007696319197778238
1773 3.5585274511661093e-13
1774 1.3929089665307351e-05
1775 0.6714591169952409
1776 4.8051694223000274e-11
1777 2.791407013471609e-09
1778 0.0010452766101599615
1779 1.86623979719827e-06
1780 0.029089677351644562
1781 0.0017563104618097659
1782 0.0026836722165462573
1783 2.186631683875022e-10
1784 0.03223551940367305
1785 4.597106515925034e-07
1786 1.6712822642914996e-05
1787 7.86270028514586e-08
1788 0.0005616235969120582
1789 0.4466467383884651
1790 0.0016225289606007385
1791 0.002209867614410023
1792 3.803643971794201e-08
1793 2.2482918306370422e-10
1794 0.000392988463677301
1795 0.6779437303470606
1796 0.002890008280315642
1797 1.7814593436756626e-13
1798 1.5656274148331485e-13
1799 1.0800502009145269e-07
1800 7.501728762230832e-10
1801 0.0010136975821432924
1802 0.364520462308049
1803 4.095277537487891e-10
1804 0.0214173399791257
1805 2.196907000821138e-10
1806 0.05587102612307366
1807 2.680433427428777e-10
1808 5.186220278387272e-06
1809 1.2191218342384706e-10
1810 5.1591493288291634e-23
1811 0.7745168387746781
1812 4.258030561317914e-25
1813 0.03319775747568212
1814 1.76924586996085e-06
1815 0.6344989713215029
1816 0.03500865581431303
1817 0.12948649013225005
1818 1.2333337567660097e-08
1819 4.216984842083909e-09
1820 4.784327123171951e-07
1821 0.031204926854742528
1822 0.20922077332271813
1823 0.011217318158243214
1824 1.1386020107342998e-05
1825 0.6713636305580214
1826 3.2891630399990227e-07
1827 0.5409216198301008
1828 1.105940563183315e-05
1829 0.03204857231560863
1830 4.727495993291708e-06
1831 7.40159473884768e-11
1832 2.025512144645157e-07
1833 0.7737591992172133
1834 0.2619328452467285
1835 0.03497278610097151
1836 1.2379801024829203e-07
1837 1.4359740471669757e-30
1838 0.002646449073603657
1839 1.4851762863454416e-11
1840 0.002250315221628446
1841 5.635255761846769e-10
1842 0.02113615814324606
1843 0.0004602747735402839
1844 2.2039097462471186e-08
1845 0.027148959349449754
1846 2.298620433034775e-10
1847 0.5511272127984018
1848 1.2403340373603874e-05
1849 0.8258007749152172
1850 0.34994549264442015
1851 1.4160789012622886e-09
1852 0.30585884328574564
1853 3.4794032808309456e-10
1854 0.001959479843500271
1855 1.2392068078436683e-09
1856 4.573317371434242e-09
1857 3.229854054405316e-05
1858 9.146305328425038e-08
1859 0.06886562233864331
1860 0.0010744586212812443
1861 5.336148909003308e-13
1862 7.640531952416952e-06
1863 0.034842068913975656
1864 0.000104027050618162
1865 1.0824729102719099e-07
1866 0.023473942815637968
1867 7.914185187345815e-10
1868 2.5189389624970113e-09
1869 1.3752995244510965e-08
1870 6.243811823962793e-08
1871 0.015130217182510376
1872 0.8132310251209612
1873 0.24462063898523984
1874 0.3646521932424391
1875 1.0067489782955585e-10
1876 0.002849838822461255
1877 0.0001464092801587181
1878 0.28285465656178477
1879 0.0027647679095327057
1880 0.041259709741611625
1881 5.770251443610488e-08
1882 1.3490420510975972e-07
1883 1.0445430748182177e-08
1884 0.01373212873675096
1885 0.4425230703654894
1886 1.622087583662544e-06
1887 0.7396804478298274
1888 0.0023024452910585733
1889 6.093338175091386e-05
1890 0.00018526598321921652
1891 9.350413659162075e-08
1892 1.5412254551116934e-05
1893 4.938343521110641e-08
1894 3.611377327762624e-14
1895 0.007914343532591713
1896 0.012262658891578564
1897 2.8650985528757255e-06
1898 0.27082061911310173
1899 6.798153001320673e-08
1900 0.0008574755883488626
1901 3.6197857817000086e-09
1902 4.6544662515411425e-08
1903 9.43223066586583e-09
1904 4.141983100129471e-08
1905 1.1621078412704122e-09
1906 3.483857080600198e-09
1907 0.11919652196261167
1908 0.013757043040186349
1909 3.0269482165992455e-09
1910 0.20650801016144443
1911 1.245496352958785e-07
1912 0.011117839110093276
1913 0.002124622759500567
1914 0.0005328404687190083
1915 1.1735170130507568e-08
1916 5.264662472100692e-07
1917 0.21166492172499668
1918 3.06175907758337e-17
1919 1.2203766169348353e-10
1920 1.4204691432695819e-10
1921 0.00261115294259836
1922 0.0011071645681408704
1923 0.32538099602336956
1924 0.6166770278680024
1925 1.1676155949049501e-07
1926 4.085706684769068e-06
1927 0.003381859577593159
1928 5.110689998885024e-08
1929 2.9316164017072934e-26
1930 0.0002099255934950209
1931 1.4660779192091119e-05
1932 0.00011926873238791127
1933 1.571135843121094e-07
1934 1.8236813429100928e-07
1935 3.4802829328727057e-15
1936 5.4888743123445665e-08
1937 3.660266924331134e-08
1938 0.13312262207391257
1939 0.0027998926903564964
1940 0.004966811952431921
1941 0.008931405781470699
1942 0.0008487498931384726
1943 1.0355093609763756e-09
1944 0.2086704520168929
1945 0.008279247988912063
1946 0.0022010180715175574
1947 0.004531784312205744
1948 0.05528893794312302
1949 0.142605528373491
1950 0.28925358032743376
1951 0.0001112240407499842
1952 0.20602392400413716
1953 1.7150065128726256e-10
1954 1.3784773781086868e-09
1955 5.3687082671793175e-08
1956 0.0051629513953755585
1957 1.4386160372361627e-05
1958 0.07845591036448159
1959 3.3647764589597594e-18
1960 5.509662655158907e-07
1961 0.3454776891140383
1962 4.286123486971941e-07
1963 0.0001388594068982074
1964 8.737627606757416e-06
1965 1.9425191869468704e-07
1966 1.3218170277703597e-08
1967 0.4713934003874472
1968 1.0949497882479264e-06
1969 0.21230222755424025
1970 0.0003273575561778699
1971 0.043175350639488526
1972 0.24567341386511082
1973 0.14424701241362056
1974 4.605037834608685e-09
1975 3.909407570591744e-06
1976 0.0017034167982655413
1977 3.1390427558987804e-06
1978 0.0006181159135274032
1979 7.254645744473888e-10
1980 4.2496606810221584e-08
1981 2.4721860492753795e-07
1982 0.009807791802036215
1983 2.2612262951778328e-36
1984 1.708750246723108e-10
1985 0.22165536790043883
1986 0.434718806348557
1987 3.0978340356520343e-09
1988 0.3339634832832342
1989 4.2564910392693825e-09
1990 0.20263532001029833
1991 0.001356408938646711
1992 3.7857751380296736e-09
1993 0.0022720120715246056
1994 0.22856183946408026
1995 0.0002452089024852079
1996 2.3490385560833735e-05
1997 0.11555434822648247
1998 4.534713237392166e-08
1999 1.2756163285975794e-09
2000 1.0564550412157194e-07
2001 0.17994387546403298
2002 4.828205010542189e-09
2003 0.14921396758238878
2004 0.0049649121952617175
2005 0.527013082449703
2006 0.0002505534583329931
2007 5.172886198654889e-10
2008 1.4752705673068292e-08
2009 0.0018533332312796306
2010 0.00011820020603170701
2011 8.215480937817142e-05
2012 5.837048627038111e-10
2013 1.1253514333775998e-08
2014 2.346462280466952e-10
2015 1.4215366792375002e-07
2016 1.2021636866173322e-07
2017 5.5174258873443995e-28
2018 0.000394310232209963
2019 0.5960528456178489
2020 1.918046648058953e-07
2021 0.08346550496732459
2022 0.002020792640257399
2023 0.283890403222971
2024 0.020516080736091298
2025 0.037014164939504185
2026 3.3151973591076184e-12
2027 0.6422555592206272
2028 5.549491820893882e-07
2029 1.3645716069144174e-07
2030 7.268880664354283e-05
2031 2.54455061324253e-08
2032 1.1720977886957067e-06
2033 0.0005872037668139575
2034 0.03517478090908143
2035 5.856755353649884e-09
2036 1.7868844837152411e-06
2037 0.5023981158663223
2038 1.4088233759303979e-06
2039 5.335108260712333e-06
2040 0.0001329543449057032
2041 6.211793053227608e-10
2042 4.259897461154872e-06
2043 1.4765317348645455e-05
2044 0.007634478567883779
2045 0.7617697345946817
2046 0.001860916170689334
2047 2.021815820807507e-05
2048 0.04475675893083746
2049 4.891362797415701e-05
2050 9.050950516884309e-07
2051 7.165100779499173e-17
2052 5.610757864717865e-05
2053 3.7150307481303865e-06
2054 0.6251800746063605
2055 0.056099832904045195
2056 4.1561820555628107e-07
2057 1.885134870508083e-09
2058 1.3994989851813462e-09
2059 2.3061743401371005e-08
2060 3.982720516449989e-05
2061 2.3950924789354662e-08
2062 3.2421877677366404e-09
2063 0.002744840378002515
2064 0.03509703372892609
2065 6.484400533588068e-05
2066 0.8370928802177389
2067 1.2189813159503516e-05
2068 0.0007577760233160116
2069 0.0023244159729978154
2070 0.002581688493250524
2071 0.020466381378801683
2072 1.592897862417611e-07
2073 1.5412690137462807e-05
2074 5.80206248988378e-09
2075 0.002262701415680951
2076 0.13857312057667157
2077 0.00020709904559379917
2078 4.3972023569733675e-10
2079 3.207484889898517e-08
2080 3.135349879077101e-08
2081 0.0002959675080703815
2082 3.51405877351967e-15
2083 0.606103143754261
2084 5.52732135445557e-12
2085 6.540094490037657e-06
2086 0.0002444130211688303
2087 0.8499733036586741
2088 0.004551664281077331
2089 1.5495962112104266e-07
2090 0.0260383499630643
2091 0.0036609839686658607
2092 1.101502811894018e-08
2093 1.7375617752248676e-06
2094 4.130939279281775e-05
2095 3.736173880298125e-09
2096 8.458959367204033e-07
2097 3.392154948896858e-05
2098 1.0502451741697745e-05
2099 0.00029578674655755875
2100 4.1472957276065437e-07
2101 0.018406391885187324
2102 1.8221246892461306e-05
2103 1.420259783559796e-09
2104 1.7389772610836123e-05
2105 1.7989700225311536e-08
2106 0.029971619138265782
2107 0.31657229149210353
2108 0.05591796443871641
2109 0.004630230516586577
2110 0.00016002306128670758
2111 0.09764000073423108
2112 5.61178694466876e-33
2113 0.0042623957302784605
2114 0.5047778581948044
2115 0.5455222808373977
2116 0.00031580722737217944
2117 0.7971283816440351
2118 7.409300895780532e-11
2119 1.674677648366943e-13
2120 0.0001045841200419681
2121 5.460282459817852e-05
2122 8.711601602903885e-05
2123 5.422010753917381e-06
2124 1.9374615133766554e-16
2125 0.20682496806637393
2126 0.0084269307992415
2127 0.0013866584222767791
2128 0.005672450128525755
2129 0.010053935666198683
2130 0.25311733978996653
2131 6.236102390187421e-06
2132 0.15815274180470623
2133 2.0071426459492178e-08
2134 0.17846830183360135
2135 4.2671544840580186e-20
2136 1.6808016988036397e-06
2137 4.663877540431569e-09
2138 0.0011526719532741784
2139 0.7734694028429832
2140 0.0019141228471073527
2141 6.326484469367885e-05
2142 0.00148084434827445
2143 5.426111209942629e-10
2144 0.002159804190172487
2145 6.364407307417209e-08
2146 8.4225074233089e-06
2147 3.514421414485662e-43
2148 5.580549037381824e-09
2149 4.5211178562902727e-07
2150 3.4097967920099556e-08
2151 1.0841985746469646e-05
2152 0.05763575016897203
2153 0.0018472794039108207
2154 0.004591047907543507
2155 9.254574418790622e-07
2156 4.99832830083067e-06
2157 0.31049220809433353
2158 0.686974506183688
2159 0.00022957170670636197
2160 3.756896326506075e-09
2161 0.027262507164064843
2162 2.654606297695443e-10
2163 6.743313427884226e-10
2164 7.735572965168291e-07
2165 1.099177081035901e-05
2166 5.430245956346389e-08
2167 0.023141939125048337
2168 0.07844056951514101
2169 0.2386494164468629
2170 0.00021147291465111677
2171 1.2846410702734055e-08
2172 0.1335701893096949
2173 0.0013112022852012264
2174 0.0008962597189679613
2175 0.01002467550196054
2176 0.1657466161038972
2177 0.0004953820602441538
2178 2.1727136016879418e-07
2179 0.010619103708450634
2180 0.0005468763013129574
2181 0.8737857301497558
2182 0.4549240970822114
2183 2.2515536551000328e-06
2184 9.067601062967944e-11
2185 7.898554396785634e-09
2186 1.3141239037562514e-06
2187 0.000375081379383893
2188 0.000799016260672661
2189 0.45092554165229604
2190 0.4870034324495967
2191 0.00021008741536618383
2192 0.00018402336076563984
2193 0.39453923114530964
2194 0.0005965169547296125
2195 4.1221062972067796e-14
2196 5.1077719160219394e-09
2197 1.0564310165392585e-14
2198 2.0318389223618897e-08
2199 2.072552286530219e-06
2200 8.242850759144218e-09
2201 0.0027616399917184172
2202 0.41597165283627063
2203 0.0014377662265869012
2204 0.0034831053214288673
2205 0.0036113996883464124
2206 1.5550046303430208e-06
2207 1.2035716046350456e-10
2208 3.019817352531714e-06
2209 1.960163603598589e-12
2210 0.7188075689782794
2211 4.92243495947527e-06
2212 4.620148744523324e-07
2213 0.0003860060292209216
2214 3.9528184090237945e-05
2215 0.32421166758246667
2216 0.543190910364596
2217 2.9548698368929465e-09
2218 6.241917809816328e-24
2219 0.00011398969670942465
2220 2.053823681432415e-09
2221 0.0023600524996637427
2222 0.558209514141117
2223 8.319527840876228e-10
2224 0.2825813627648324
2225 0.004880589064548438
2226 0.005493413691286748
2227 9.899895610820536e-24
2228 0.0010180801368027664
2229 0.34838589713200735
2230 5.7948590086247126e-05
2231 0.08897551881045465
2232 0.4029954354119998
2233 0.009640284308526037
2234 4.038721109750036e-06
2235 0.016495401147142836
2236 1.1670517534956237e-08
2237 2.9722225970363105e-34
2238 0.2822513798204336
2239 4.5659764072242843e-07
2240 0.32201804306668746
2241 0.004766397832247694
2242 0.001641842383645146
2243 0.33616551310245846
2244 0.010289063268156547
2245 0.018186473669281635
2246 0.09015387351444197
2247 1.2920930552759633e-11
2248 1.2532283744629178e-12
2249 0.0009462431402358208
2250 0.0019189306133558881
2251 7.334865074900143e-06
2252 0.0005874361645532656
2253 3.452664446553014e-06
2254 0.016285623000155392
2255 0.03809374841929928
2256 0.23281445398075473
2257 2.416167471409178e-09
2258 0.01743618154232581
2259 1.72228283129253e-27
2260 0.00383099141378908
2261 0.009067430161848163
2262 9.5970310089933e-05
2263 0.3048332317648208
2264 8.779151457352076e-08
2265 8.15880977393635e-05
2266 8.143001304367624e-07
2267 0.0062082224711684925
2268 0.2459259258627186
2269 0.022601532562432552
2270 0.001741456218881902
2271 1.3490123815375631e-06
2272 0.0007398303109862726
2273 2.0681475680563894e-06
2274 0.3306664732238293
2275 2.3909403769182246e-07
2276 7.049051056905635e-05
2277 0.0008570783326430772
2278 2.8571460140521524e-08
2279 4.406665967222059e-06
2280 0.27834148781711066
2281 2.5424118976193383e-08
2282 1.4230263745467367e-12
2283 2.8025519638353733e-08
2284 0.0012363659521061553
2285 1.640748661135783e-05
2286 0.19218025573977704
2287 0.014011339423489644
2288 5.1032742140803495e-11
2289 7.672852530984021e-11
2290 0.0707678550934058
2291 2.9184431099702312e-06
2292 0.008472526289563699
2293 0.3001356675208684
2294 1.2549833907126806e-13
2295 0.007255488050235404
2296 2.5321901422134356e-09
2297 8.338977045672124e-08
2298 0.024303810359364426
2299 0.00010950375318991758
2300 1.3441122166174163e-08
2301 0.21773082843034708
2302 2.71876697612474e-13
2303 0.00025906620485247164
2304 0.5449910957080183
2305 0.2725075420389502
2306 3.294928051679247e-14
2307 6.926784693794497e-05
2308 0.3942125554464505
2309 0.39683444169594856
2310 0.29166946498350327
2311 3.7649627879146086e-06
2312 1.8395416093473837e-13
2313 0.12599261866718214
2314 0.022456346166081435
2315 0.016730772887221527
2316 0.00790635226962265
2317 3.4148322708716716e-05
2318 0.001290890657358235
2319 0.0026787468125229947
2320 4.2762065851317546e-07
2321 9.660400379904502e-16
2322 4.042668369260614e-09
2323 8.352381294384707e-08
2324 0.16036842189025277
2325 6.567738383246691e-11
2326 9.61327577103543e-08
2327 7.557306604990973e-05
2328 1.6223278872390624e-08
2329 8.460726737227094e-05
2330 0.0024298757508210704
2331 3.450577762384038e-09
2332 0.17035940975078986
2333 2.6517831332028754e-09
2334 3.174111009691848e-05
2335 0.13566452513087485
2336 0.026732361791045704
2337 7.905650407057373e-07
2338 0.0014423930003673922
2339 0.5555239286994315
2340 2.3506198977122755e-08
2341 2.1006851250630668e-20
2342 0.00010393632124316104
2343 8.115229940020553e-05
2344 1.2758097711522458e-09
2345 2.5469118654623493e-05
2346 0.002001319401064114
2347 4.4513812211378356e-13
2348 0.00018882850586200267
2349 2.9985462849307497e-09
2350 5.396549631367821e-09
2351 6.921099245720814e-29
2352 8.739335950035378e-13
2353 1.9181241436449604e-08
2354 0.006658235393608363
2355 0.0002867902759831176
2356 0.38383273075669283
2357 2.070731223718161e-09
2358 5.553947085915636e-07
2359 0.724675908506713
2360 0.017278155526466988
2361 2.242327580993493e-08
2362 9.08309021851291e-18
2363 1.7288529972675706e-12
2364 0.0045648790603587735
2365 0.00018606155027284802
2366 0.000775713403490988
2367 0.0049556352400469735
2368 0.09566861614158291
2369 1.510366559485311e-12
2370 8.642207079894735e-09
2371 4.797944339187813e-09
2372 2.1302041748262505e-10
2373 0.0025329438065377265
2374 0.012940992061372841
2375 9.581080769768537e-06
2376 1.3712493955614992e-12
2377 0.00013970461889945145
2378 0.0010398083537667287
2379 0.0007649888183109978
2380 0.0057994242090872
2381 0.020448867096112898
2382 0.007425066112083414
2383 3.070090282462531e-14
2384 1.2424878315358042e-11
2385 2.357135952986938e-13
2386 4.8494474747259186e-08
2387 0.0011042514145154251
2388 0.001284444044020853
2389 4.772138635061573e-05
2390 0.0043705773602838865
2391 2.417931980018956e-06
2392 0.41874559544179996
2393 2.6632299324386348e-09
2394 0.0005951827235448222
2395 1.0071865311046917e-16
2396 0.0007739994350633507
2397 0.0004300389096675818
2398 0.0001547673552328973
2399 1.732897032267552e-18
2400 0.006088210962276444
2401 5.4844974310356075e-11
2402 0.021401685786241388
2403 9.25788280759131e-13
2404 0.05043819004667423
2405 6.943906042375932e-11
2406 0.5964804307697519
2407 8.854374661003634e-05
2408 0.6486066160839001
2409 0.010150834027955778
2410 0.0010648537760998163
2411 0.030596320648777712
2412 0.7327933324825178
2413 7.2308246042764475e-09
2414 0.012336701248969816
2415 0.0157800251246397
2416 0.008157316757957235
2417 1.9565088877202444e-09
2418 0.0003791784686215581
2419 1.2067469808467003e-11
2420 0.004625219439226247
2421 2.4378806323189253e-13
2422 0.0008618639641612395
2423 0.0009395402415371525
2424 0.8346342644605024
2425 0.8547678233671224
2426 1.6481615299633343e-12
2427 3.5494446904202004e-09
2428 0.0007498143668172495
2429 2.2078421355101915e-19
2430 0.0009864307535905924
2431 8.676113280834828e-17
2432 0.005443174539315085
2433 4.808309157630422e-18
2434 0.879610529758188
2435 2.459006697955593e-36
2436 5.243295444612093e-13
2437 8.14153170615825e-07
2438 0.00020194393017273712
2439 0.00018402717162639107
2440 0.005824426759499045
2441 0.0007809504135649233
2442 1.5684195718051216e-08
2443 4.774766172056526e-36
2444 3.25007174555056e-17
2445 0.0001586888236954037
2446 0.1492603269989581
2447 0.023576465694057896
2448 0.8583895511914401
2449 4.005150551483808e-08
2450 2.191373828766867e-10
2451 0.7712784760904001
2452 0.8259757617936728
2453 1.6864284227378483e-21
2454 4.3208546303984656e-10
2455 0.016057673203096576
2456 1.1889074796385196e-06
2457 8.355843012683081e-10
2458 1.1295585776567343e-17
2459 3.351647548281303e-07
2460 4.9232643005449635e-09
2461 0.1727384567484154
2462 4.8807081690387706e-05
2463 1.5913798548291075e-08
2464 2.2493421904757304e-12
2465 0.010464875092078477
2466 3.4811463523074223e-23
2467 6.199343993695083e-20
2468 0.00016559986038340436
2469 0.04496038849650329
2470 3.204786503303934e-09
2471 1.2514025382378696e-18
2472 6.289610708459383e-05
2473 0.0017339302362690185
2474 0.0009789524564158794
2475 4.0205069905453603e-25
2476 2.070602118526956e-08
2477 8.499289833044878e-09
2478 0.005893760578744789
2479 0.004146236177146598
2480 0.015974011889408325
2481 4.1678106326157054e-19
2482 1.0889754042848551e-11
2483 0.024326389363351516
2484 1.2067423714642909e-20
2485 3.1233905504632527e-38
2486 0.192650312862763
2487 1.4809447608459004e-11
2488 1.8483041027905819e-09
2489 0.0003482281910105917
2490 0.022830291940256642
2491 3.682362026435986e-09
2492 0.006338748487519453
2493 1.0686810873554457e-07
2494 3.730719502597147e-05
2495 0.22859386555309016
2496 9.692730634499317e-08
2497 0.23890176634243193
2498 0.001650470594302907
2499 0.000395630099143562
2500 1.3058589578297117e-13
2501 5.4913290935078515e-18
2502 0.012605576542673773
2503 1.960269703006883e-24
2504 1.901357611315979e-13
2505 9.512525146230269e-20
2506 1.4140569615720992e-20
2507 3.692529033965576e-24
2508 7.817411061107879e-19
2509 0.01965905817269406
2510 3.487693285931297e-08
2511 0.007254188353773404
2512 4.970192803889589e-24
2513 1.0006954062871808e-34
2514 1.9252923578516715e-13
2515 1.0367384173328609e-19
2516 0.017425475740065616
2517 3.127685498195396e-10
2518 0.0006846728830608512
2519 9.404483167319089e-19
2520 1.9495963594217358e-10
2521 2.3835547063639647e-20
2522 0.008218734926705945
2523 4.5180491543107804e-08
2524 1.4323114002196935e-06
2525 1.0478100506605359e-18
2526 8.602816390995793e-10
2527 1.6802350604759549e-09
2528 0.003057687054300872
2529 4.039527008828366e-21
2530 8.426351185273227e-15
2531 2.455056644524602e-13
2532 3.853294806442707e-05
2533 3.5917868836136604e-07
2534 1.1120124569715879e-38
2535 8.269844889679844e-09
2536 0.0008211822755547959
2537 2.566189861931636e-11
2538 0.0007578385706712468
2539 0.00017752848100852363
2540 0.00011370641497046508
2541 0.010441895670669749
2542 0.0002685754695172899
2543 0.0009440013467873435
2544 0.4306915883762402
2545 1.0207558604935252e-06
2546 2.57578519822637e-06
2547 0.00020002919988526638
2548 1.9445439350949227e-06
2549 0.0036842786258090214
2550 0.14341815899705393
2551 0.00013038727887555937
2552 1.7603731748238676e-12
2553 0.010348955240096172
2554 2.1042109887697507e-11
2555 8.01503296259729e-11
2556 8.670292844135192e-24
2557 0.004183381628234547
2558 2.8162588699197644e-09
2559 1.995656643853955e-15
2560 3.5847319859882363e-16
2561 4.200659478615564e-18
2562 0.00031569707143669004
2563 0.00037231669075192634
2564 0.026824208113268463
2565 4.522875333123715e-37
2566 3.1662229182990845e-24
2567 0.1780587555765925
2568 1.1589760625106398e-24
2569 0.002075581623222935
2570 0.15928814442123318
2571 6.348076096052619e-09
2572 0.003539517127689305
2573 0.00590581314356039
2574 2.337793359664989e-09
2575 9.693624337744478e-09
2576 4.0599809478371435e-07
2577 0.0007281075787744673
2578 2.3390848426459654e-14
2579 0.001699811196727824
2580 0.00010014572750989765
2581 0.0002758304512744223
2582 0.0014440194337868066
2583 0.14584843915581286
2584 0.07579058456686219
2585 2.1927058776588165e-12
2586 5.2226424685660836e-05
2587 1.2182422693654676e-06
2588 9.52437927533395e-19
2589 0.003345979395148926
2590 8.414853585014003e-26
2591 0.000583626049283439
2592 4.1459298585020073e-07
2593 0.473853996684915
2594 0.0014496696105265187
2595 0.5142455747747662
2596 0.0005231634354939397
2597 7.065754589855047e-07
2598 0.000249463461417498
2599 0.01086592754991343
2600 4.904981169813679e-09
2601 0.006579976485241734
2602 0.00022319966787805916
2603 0.009066927842944914
2604 2.312049162445654e-18
2605 2.4789674520160866e-19
2606 2.668921184630969e-07
2607 0.00045154110467107754
2608 3.6361721591303435e-14
2609 0.007217124394731325
2610 1.4345908263813115e-22
2611 0.01420662212623756
2612 1.1477021823348494e-43
2613 9.038186256688226e-05
2614 7.85203269166629e-12
2615 3.0164050661539533e-13
2616 0.11298400461081606
2617 0.0037316516109533026
2618 0.13149349905099506
2619 4.453671510797091e-22
2620 4.895306568041433e-30
2621 7.47527877142648e-38
2622 0.005642711913875431
2623 9.281288846686393e-20
2624 0.0020643886807675156
2625 9.833529998366853e-11
2626 0.766343836469096
2627 0.0006442678248384918
2628 4.065906803214071e-20
2629 0.7855059860282978
2630 3.6266064136419637e-10
2631 0.015133830139805727
2632 6.5759112307439665e-25
2633 0.01097209889305028
2634 0.0010002443544330007
2635 8.364656177387435e-05
2636 4.049022952830568e-23
2637 0.6894656142634518
2638 0.0003530278648206355
2639 2.6548549617476057e-25
2640 0.3923390466089233
2641 1.885890988716397e-06
2642 4.140352054521274e-09
2643 0.0004944127105658962
2644 1.5939027041457355e-23
2645 6.607932803972937e-07
2646 0.0022462507785028585
2647 0.49707707719614763
2648 9.43237646973014e-36
2649 0.0005635898995660348
2650 3.735129216868125e-33
2651 3.766064746521516e-05
2652 0.16353722657030828
2653 0.0037858303119539002
2654 1.0444143536387822e-05
2655 4.3274351428968943e-07
2656 0.06770249133972663
2657 1.3170081636711075e-06
2658 3.28029823560983e-10
2659 0.00029621039840711317
2660 0.2944864875591992
2661 0.09036333335213276
2662 0.3511622304010423
2663 1.1150142635114452e-05
2664 1.0084096795190386e-21
2665 7.640413141456521e-08
2666 0.5430229391112604
2667 1.220343758152269e-48
2668 0.008663224517997425
2669 0.15162494574962287
2670 4.017566338757962e-05
2671 0.03468841163992021
2672 2.257936283263598e-05
2673 0.4769407735071115
2674 0.01452540625894674
2675 0.5638745881297422
2676 0.0639657271861347
2677 0.005673987774759174
2678 0.06260414371142227
2679 0.0055518073331962915
2680 0.38342767016300816
2681 0.33157995553172326
2682 0.00012276981337191296
2683 0.44722759972899456
2684 4.41335344607415e-42
2685 3.8497971899523955e-05
2686 1.0520780822087888e-12
2687 1.390365133292953e-11
2688 1.3985983111120994e-15
2689 3.566606358464128e-05
2690 6.231256899391483e-07
2691 0.22846124424651695
2692 0.008133497237271886
2693 0.42367748520510773
2694 1.163804505598694e-16
2695 0.005030607788279924
2696 0.4063813143217439
2697 0.35505714466214156
2698 0.047202890111928866
2699 0.00044664536174115745
2700 4.000332195533773e-11
2701 0.01789866529126243
2702 0.0001690373076246697
2703 0.018999557806022267
2704 5.1307853079993875e-05
2705 1.1853078930840484e-09
2706 1.1181868444074858e-22
2707 3.071694110795212e-22
2708 0.01195418940502303
2709 0.701801115465995
2710 0.01883325368982802
2711 0.0001248946677631964
2712 0.018554135869642784
2713 0.128983184867015
2714 0.012199523706664508
2715 4.226503002054124e-11
2716 4.455452713810367e-19
2717 8.382998552049682e-11
2718 0.020093224583042066
2719 7.125246722476234e-17
2720 1.0683351781007447e-06
2721 0.00017977378922928163
2722 4.686916537747674e-10
2723 0.3746368818501972
2724 6.137696457139304e-11
2725 4.703524666995945e-10
2726 0.005527403588474725
2727 8.826206132815824e-05
2728 5.030339140921753e-09
2729 5.479017209379279e-10
2730 2.6819269082293812e-05
2731 0.4161888934734651
2732 9.435742475228557e-08
2733 0.09778226114249168
2734 2.5723187828429585e-21
2735 4.494483798696448e-10
2736 0.04119851314709281
2737 0.0032416901117145918
2738 0.2522150822966882
2739 2.66014877932173e-14
2740 2.589388295560549e-11
2741 9.103475355609304e-06
2742 9.201794338047647e-07
2743 5.95879536833497e-11
2744 0.0003435740484633775
2745 0.00011083092130547086
2746 2.676447218362697e-05
2747 9.421307679031706e-06
2748 0.453416211890658
2749 0.5524969404981613
2750 6.622959918024106e-23
2751 0.6123192477449428
2752 2.2974688656292196e-15
2753 2.883395359797281e-07
2754 0.002951724224384585
2755 0.05089772209673413
2756 0.006565387212993444
2757 1.7330080308609774e-05
2758 8.52815651576739e-05
2759 0.1273292505218054
2760 7.567782451645823e-14
2761 0.00417958623279179
2762 0.07775578600909383
2763 2.3210815471112794e-12
2764 6.054901052884521e-10
2765 0.33802296411435157
2766 0.44400391409370743
2767 7.757942771723828e-05
2768 0.04766430548957713
2769 0.00031725101311186007
2770 0.02567205922065564
2771 6.340216038779103e-16
2772 1.4343796477263425e-05
2773 5.9143505158680985e-05
2774 8.010438270281024e-16
2775 2.2555627406392597e-05
2776 0.24462189977461976
2777 0.18829572496975364
2778 0.3325842402612345
2779 1.778957416050815e-05
2780 0.13613011196520766
2781 7.449700816573249e-11
2782 0.16843430375202317
2783 0.2939604516981842
2784 2.6736452211012644e-05
2785 8.779872902742774e-05
2786 0.3023102246002892
2787 0.6228185835107398
2788 0.09066449421791002
2789 0.3463479625097058
2790 3.706039528547282e-15
2791 0.6388620789158153
2792 0.3368693324282908
2793 3.7046817871825485e-05
2794 1.1899939169257569e-07
2795 0.056634006095458087
2796 0.029862668031701442
2797 0.0037474465685229585
2798 0.030915197303881647
2799 0.06837689751801072
2800 0.01281019867809564
2801 5.761447915770881e-05
2802 3.7050750797532645e-08
2803 0.019752514384747406
2804 2.96319264926994e-05
2805 7.3862901195534e-06
2806 0.026912722468772955
2807 0.09006973200026537
2808 9.829880568693e-05
2809 0.4990776369557886
2810 0.13753468856654497
2811 0.11665380808541546
2812 1.5752534583576707e-11
2813 1.0969277892857939e-05
2814 2.0131220778757447e-07
2815 1.3487591271552651e-09
2816 3.770814394160142e-07
2817 2.177456302475576e-05
2818 2.294126134416245e-08
2819 1.4145743607678715e-08
2820 6.995959950419669e-05
2821 1.3021193544746073e-15
2822 9.095850530454724e-07
2823 0.19782994177384977
2824 0.008031899266524067
2825 1.6346183145287724e-07
2826 0.2356617902245397
2827 0.10456320093713004
2828 1.7201327353686014e-14
2829 0.31721561113680313
2830 0.07545836604921123
2831 0.4642767825064186
2832 0.3968836497829785
2833 5.459400423928135e-06
2834 0.1630740795411105
2835 1.3260539137169771e-14
2836 0.5048056041574704
2837 3.1009817815650582e-09
2838 1.2336859475081934e-05
2839 0.508838704997327
2840 7.3203371998571355e-06
2841 0.47548538890299563
2842 0.18665115688858655
2843 0.1939407271840828
2844 0.4126021992814771
2845 1.2827086084956484e-09
2846 3.865777788757681e-19
2847 0.007795430733100437
2848 1.0438039014158219e-07
2849 5.7757611116038496e-08
2850 0.0016154647311680374
2851 0.0005506977897875653
2852 1.4527110028062687e-18
2853 4.002276037667772e-06
2854 3.068446715731727e-06
2855 0.0015688521910238147
2856 0.3311641171834993
2857 8.145021530930503e-24
2858 0.0884811501947256
2859 0.0005453040124190836
2860 0.014645254968394826
2861 0.00019708796027119216
2862 1.1048581962639892e-09
2863 0.16614193050970333
2864 0.001216434919902751
2865 1.018815689500774e-14
2866 0.20214177044328707
2867 9.097053357583656e-12
2868 9.82510123152486e-06
2869 0.0004208432911533964
2870 3.888012608178972e-09
2871 1.3295087107043806e-07
2872 0.10481842220638007
2873 2.836963727515034e-05
2874 1.3810238847726807e-09
2875 4.954902257672174e-06
2876 7.62807821793719e-08
2877 3.0977187503280064e-06
2878 4.268943978775209e-06
2879 1.4701761932910319e-19
2880 0.0300078336685724
2881 0.0018200141183670755
2882 3.924871480294201e-05
2883 1.242760208966374e-06
2884 0.009172525384291568
2885 6.259351124133615e-14
2886 0.0038450259596685995
2887 7.739628386736919e-21
2888 2.2064964955865636e-06
2889 2.8822332956921005e-11
2890 0.3714227442300746
2891 1.496208724828242e-07
2892 3.541572827327345e-05
2893 8.510722107568416e-15
2894 3.370469265555853e-07
2895 1.6523123787041894e-06
2896 3.585966927109726e-07
2897 0.18861597147983605
2898 1.5653281144498763e-06
2899 0.20002444210134698
2900 5.666459370616294e-05
2901 2.5644552585121205e-09
2902 4.321836090421235e-05
2903 0.13545469249495243
2904 6.314744080431303e-16
2905 0.00555334070091398
2906 7.627293098500663e-08
2907 6.001228986497502e-08
2908 0.07420363115029853
2909 0.4064020770218717
2910 0.010884275814571824
2911 0.3189300272001212
2912 0.0004269553779719277
2913 0.0014990072033125958
2914 0.12027932741912206
2915 4.3333300310880045e-11
2916 1.799595489711063e-06
2917 2.3359726536272312e-06
2918 0.33953649662503405
2919 6.49593187824822e-05
2920 0.00012091826498392002
2921 4.685784158191713e-20
2922 3.490552186410718e-07
2923 0.1779965485067184
2924 2.13823196493678e-07
2925 0.010384415290663938
2926 4.8871036739618e-05
2927 0.12532056522034943
2928 5.603236502663604e-08
2929 1.6010785431199162e-14
2930 0.30468112347961707
2931 0.186066955765177
2932 0.09678325482969956
2933 0.4811609639724837
2934 0.10690256874135474
2935 0.1333180479472066
2936 0.27066710003058386
2937 0.1441712350684381
2938 8.123279029507458e-08
2939 0.12342129552166946
2940 9.266297084671368e-06
2941 0.572101598435653
2942 0.11322384772109494
2943 0.29613544012318255
2944 0.03768757473629023
2945 0.25516445120080067
2946 0.5005878113833274
2947 3.6266532989351135e-05
2948 0.2407731748581032
2949 0.10763860616557117
2950 2.4392821543605703e-15
2951 3.142366804337605e-32
2952 0.20355984765261897
2953 0.08953646192325554
2954 3.723041565744479e-08
2955 6.2212423713643e-08
2956 4.752517361858819e-15
2957 3.063747252858564e-07
2958 9.408643227416513e-08
2959 2.4454290920741614e-09
2960 0.07845295164465639
2961 0.3215969128528245
2962 0.007538122024290905
2963 0.22767423692182767
2964 0.070551818655388
2965 5.4179504207824795e-08
2966 0.09844663367317377
2967 0.24433432538735012
2968 9.123782260185724e-08
2969 3.5525159015284646e-05
2970 5.645493231428591e-06
2971 2.1740316799488782e-07
2972 2.6598396827184095e-08
2973 2.235260518442066e-07
2974 0.0896940380934202
2975 6.224261774819511e-07
2976 1.4392168701381792e-16
2977 0.259710647167554
2978 1.6004919344121418e-05
2979 0.04784081214313883
2980 1.2789485084623834e-10
2981 6.128975183702923e-08
2982 0.05949476918427229
2983 4.912166710928189e-08
2984 5.130577569473281e-08
2985 1.4911368201151952e-07
2986 0.12584823073050191
2987 6.567531618837576e-05
2988 0.002482115405468186
2989 2.0862983808243043e-05
2990 0.0017547985714834967
2991 0.18004301954556848
2992 0.1538462820974528
2993 0.005190639068777221
2994 3.929179562497219e-09
2995 7.098034092362573e-07
2996 1.900168307752369e-05
2997 1.5115409970218212e-15
2998 2.627003141628781e-05
2999 0.15275437773007672
3000 1.0440656781201151e-35
3001 1.0448221152779651e-05
3002 0.007884415927626164
3003 0.0016665307761517814
3004 0.0008890833757316652
3005 0.0027961700352327474
3006 4.894524833589395e-06
3007 0.00018793647781948925
3008 6.00181413557201e-26
3009 2.035658203580874e-07
3010 6.604637797839087e-05
3011 8.20637909966281e-10
3012 5.915519667507434e-05
3013 0.0010221650046155833
3014 3.332102275772383e-05
3015 8.446172404965292e-06
3016 2.991364057058301e-05
3017 1.179620385303294e-07
3018 0.5542012424902293
3019 1.1013332140315438e-07
3020 1.1884245099495816e-08
3021 1.5066028294537213e-05
3022 1.0370616847592459e-05
3023 4.879472975119679e-06
3024 0.03221549700552044
3025 1.4852945129785128e-06
3026 0.022303279469147678
3027 0.013948447770945388
3028 0.007899621702417689
3029 0.0375276672157626
3030 5.116125696328573e-35
3031 1.5807231107816214e-06
3032 0.007758581858629935
3033 0.020080012284669047
3034 0.02786516814032711
3035 5.205667993822824e-07
3036 0.01552315744382746
3037 0.0011869897769847633
3038 0.050804008683168096
3039 0.0036869344791325967
3040 1.3408034292103301e-08
3041 0.04584367642812903
3042 2.49983471110807e-05
3043 0.005857864948120717
3044 0.40990319853413537
3045 0.00931991663286887
3046 0.007962473370490893
3047 0.010088192935506312
3048 2.8905751152386466e-08
3049 2.991419429931205e-26
3050 3.9768744549220314e-11
3051 5.519210577210589e-13
3052 5.037088708030064e-09
3053 2.5488461733153074e-34
3054 0.011061115079236614
3055 4.499760008527098e-06
3056 0.4062968965368698
3057 2.2222312696922183e-24
3058 0.31716782077835565
3059 3.009045294937735e-05
3060 0.5030347897184734
3061 1.4467529941704745e-05
3062 0.0019078187904495775
3063 5.5372695719695665e-12
3064 1.208928686170127e-05
3065 0.015228846132905764
3066 4.586538565664798e-06
3067 5.854792329917551e-11
3068 1.970396147589216e-06
3069 8.674661900794532e-06
3070 1.580149650688672e-06
3071 6.347800831121379e-07
3072 5.099910421470759e-07
3073 2.0848716850874533e-07
3074 1.5854775978822723e-07
3075 0.013285376421745968
3076 2.9104928675910075e-06
3077 0.000982524722843605
3078 4.2826236792064455e-35
3079 3.047507388641693e-11
3080 2.3479942351110453e-34
3081 8.757797928735371e-07
3082 1.2463523478725232e-05
3083 1.3017111235990628e-07
3084 1.8024621347504077e-08
3085 1.3713201869803706e-09
3086 3.638833230214784e-14
3087 1.0648950881697005e-09
3088 3.853070906631341e-13
3089 3.74425330333194e-10
3090 1.9883286776388147e-06
3091 1.67682046585298e-19
3092 0.00413780160560769
3093 1.842529780048571e-11
3094 1.3796666981621071e-11
3095 1.63244931171178e-27
3096 4.1690061017667526e-13
3097 0.017270848405343032
3098 3.449619507809423e-10
3099 0.0036559018124695747
3100 0.005494722878999688
3101 6.648570187702056e-07
3102 5.5094434602792995e-14
3103 5.877985238284837e-13
3104 1.8247211674949223e-08
3105 2.497485452097211e-41
3106 2.733016550719743e-10
3107 1.0304562505191003e-10
3108 6.972647539696825e-07
3109 4.374180125875823e-07
3110 5.355902793792091e-29
3111 1.6869112894799804e-10
3112 0.00852696154792925
3113 0.01647195924955419
3114 0.017712627019587583
3115 2.3988766096361136e-31
3116 4.7676919907954063e-32
3117 0.0018603180758044243
3118 1.3188380096297244e-06
3119 0.003696681135285612
3120 0.002492434154189274
3121 0.002696447686981422
3122 0.046977162868934046
3123 1.451255745474898e-08
3124 1.1946532014563807e-13
3125 0.004848011169949404
3126 2.4423519323163198e-23
3127 0.07074221442051622
3128 1.8410546265048534e-05
3129 0.005940029489960288
3130 2.035815007275286e-26
3131 0.00017517408521300088
3132 0.0003010067746200284
3133 1.2955072180328639e-06
3134 1.6326376940591294e-08
3135 5.5189100842343095e-08
3136 1.295141780034541e-09
3137 8.195258455001332e-07
3138 4.779782087656787e-07
3139 2.767636236586519e-10
3140 2.1496560683474554e-25
3141 1.566516737750437e-08
3142 0.0004451937045251401
3143 2.2477137831063596e-06
3144 0.007996528077434225
3145 0.0007142790848014833
3146 1.782417661957657e-17
3147 2.8592275694343284e-05
3148 4.905028477445345e-14
3149 1.270392593171158e-09
3150 1.1202432699109558e-12
3151 2.5360206710043123e-11
3152 1.5433075191344806e-27
3153 0.007168509389499236
3154 4.551829502844364e-34
3155 7.258110060710263e-62
3156 1.0485723029958139e-05
3157 4.346763448500006e-12
3158 2.3547097808638739e-07
3159 2.4801973806747606e-06
3160 2.3199408313321326e-06
3161 2.310936220904928e-08
3162 4.293482029977071e-10
3163 1.4664780894730263e-11
3164 5.909200335133582e-36
3165 4.383729825237262e-11
3166 2.376221805948638e-16
3167 1.6809296440640304e-07
3168 0.00012637066791457936
3169 1.0103336658117424e-09
3170 1.7927710589182917e-10
3171 0.004111279799137223
3172 3.37107145307979e-29
3173 2.0460403436019343e-12
3174 3.3104634245539833e-14
3175 2.0743718235272683e-17
3176 0.000624254010350336
3177 2.6724669597780757e-13
3178 5.7725491162058e-10
3179 4.4456382723786545e-11
3180 0.013301693204685468
3181 0.0001864570475523005
3182 7.300033921257947e-05
3183 4.513813754701325e-06
3184 1.0331095894808817e-05
3185 9.977027026868461e-14
3186 1.9113719356695722e-39
3187 6.790267621313926e-12
3188 1.1463132933456727e-10
3189 1.1380458894123199e-10
3190 1.065001032030803e-29
3191 2.125725366988824e-12
3192 2.761180572000035e-12
3193 0.00011958554129177971
3194 2.507050697998055e-05
3195 8.804682021839305e-05
3196 3.428120592700511e-11
3197 8.519423213076298e-06
3198 1.0467248217510581e-10
3199 1.6261178859002402e-28
3200 5.511919493721357e-25
3201 5.882666098703457e-29
3202 0.0053105042018791
3203 7.287470651395698e-15
3204 9.648246319924788e-07
3205 2.9515417455469027e-06
3206 8.923219062467065e-09
3207 1.663892103684842e-08
3208 2.0058924453584067e-29
3209 1.2832443036153076e-20
3210 2.26118294203399e-30
3211 0.0001233773630969514
3212 5.420844601554476e-12
3213 0.0001978177688124299
3214 8.985582753177529e-29
3215 4.017933397443908e-33
3216 1.8486612929562794e-11
3217 0.000654628133272201
3218 0.0015102251169873506
3219 2.235353379406108e-11
3220 1.6598457617952546e-09
3221 6.758473286356184e-08
3222 5.784195683798115e-27
3223 1.6245766244255942e-06
3224 3.4388833233477755e-29
3225 7.171427151739632e-07
3226 6.128331049746127e-10
3227 1.743831820132347e-29
3228 8.910620080625224e-11
3229 2.01183426232417e-11
3230 2.8012083468311337e-10
3231 1.207181581652419e-09
3232 4.773792156866645e-20
3233 9.877604014430053e-07
3234 8.852740082301792e-09
3235 3.696047106570219e-12
3236 8.292435978304659e-13
3237 4.723146129121862e-11
3238 1.5383528917506924e-12
3239 0.008112496947199899
3240 5.927315411509262e-09
3241 4.7203749448423376e-23
3242 1.0056776493372311e-10
3243 4.1285721271359954e-18
3244 1.4371823332676435e-06
3245 0.00024378559278925545
3246 9.332755824284571e-08
3247 4.2654252896078504e-08
3248 0.0027547688610174165
3249 5.023518854385891e-07
3250 0.00014864897871489955
3251 5.165361965839981e-11
3252 0.0005788557088044474
3253 2.4836237246311784e-06
3254 0.0009086401246610127
3255 6.6581726016741525e-12
3256 2.0934177395776103e-25
3257 4.476877950625191e-11
3258 1.2987098597528552e-23
3259 2.514984161422015e-19
3260 3.7609686105258996e-30
3261 3.0904559008486996e-33
3262 1.6000439541988445e-11
3263 4.661905824803036e-16
3264 7.02812491519045e-09
3265 1.3220713885881278e-09
3266 1.2645422787093456e-20
3267 1.3198338021292721e-06
3268 7.264499910377122e-06
3269 0.00010253121723196073
3270 6.951656619542659e-05
3271 9.571847012235926e-14
3272 2.2942690016383397e-14
3273 0.0003237224562991657
3274 1.4542706215531921e-11
3275 1.1994373394835053e-19
3276 4.493400385185246e-19
3277 6.971414927397238e-08
3278 7.465929658871563e-14
3279 1.6464286140565602e-10
3280 0.0005125849514452597
3281 3.574003550798589e-07
3282 6.865938584658142e-11
3283 7.298563409851269e-11
3284 1.4591271897251246e-07
3285 2.1239214636964368e-07
3286 7.149034161012158e-11
3287 5.852193865599176e-22
3288 5.0502174678897e-09
3289 6.291111353632226e-06
3290 3.3062253027805314e-10
3291 1.193978687627285e-08
3292 6.564317918682177e-05
3293 1.242998652363264e-31
3294 1.0944663040052111e-10
3295 5.7361971740099855e-11
3296 1.2286097631864132e-32
3297 1.5315826674597497e-12
3298 3.3913229393473514e-31
3299 0.001427477796727448
3300 3.2141396527857284e-13
3301 9.996762067875122e-13
3302 7.073557314212082e-36
3303 3.981874289864177e-11
3304 2.0229115185311677e-36
3305 1.4983112631472119e-16
3306 0.005007352968594722
3307 5.439711870422356e-06
3308 7.493839700940811e-42
3309 2.933422866331694e-25
3310 5.930365296715527e-11
3311 2.986226171181643e-10
3312 2.940018023734493e-06
3313 1.3943235980691861e-11
3314 9.000017524537888e-46
3315 1.4334896741197354e-12
3316 1.3698187916755115e-10
3317 1.2578652330741858e-32
3318 2.932328311047336e-10
3319 3.3353916822103186e-41
3320 4.5320981731510253e-14
3321 2.6694124569671033e-26
3322 5.309808249922684e-13
3323 1.3795749208154117e-10
3324 1.8259191032262966e-27
3325 0.007713196361219083
3326 1.4058108702445314e-08
3327 6.732578235412683e-10
3328 2.160517791347406e-08
3329 9.659481580705556e-10
3330 1.0037628944247914e-08
3331 5.413314857829145e-07
3332 0.00015527698500321062
3333 1.8150092272332605e-07
3334 6.57919280054698e-20
3335 9.882879560374649e-06
3336 1.8497927310039233e-17
3337 2.8026235984913663e-05
3338 1.5608159995853814e-38
3339 2.977681921548493e-10
3340 2.7257361609147815e-06
3341 6.105308896264603e-05
3342 6.107126537339008e-15
3343 2.598238704950714e-28
3344 4.3141224572567825e-10
3345 0.0004551971628171336
3346 1.9277611321273283e-43
3347 2.7671702231738657e-10
3348 1.712747594307047e-37
3349 8.129163091121394e-12
3350 0.009063541665731348
3351 5.457804792492907e-09
3352 8.885368033054676e-14
3353 3.7721946052624584e-33
3354 0.0005532180732913085
3355 6.21456409442381e-11
3356 0.00031050350801746973
3357 8.638540503381565e-11
3358 4.1869521895062957e-19
3359 7.953087743021074e-25
3360 1.7104041431152338e-09
3361 7.879979855686586e-12
3362 2.6263797700852126e-18
3363 2.5878387209155036e-10
3364 1.8363339858227433e-06
3365 1.4286558147972307e-12
3366 6.657647558342099e-37
3367 6.403083590496333e-05
3368 3.398326891930887e-27
3369 4.307623513569075e-06
3370 1.1467049056999656e-10
3371 0.00018491336321369982
3372 5.527744654390448e-10
3373 1.4109182432638318e-10
3374 0.0001627118899963066
3375 5.682356448140719e-26
3376 3.077847067614146e-06
3377 0.0033488278635006746
3378 0.0013727467737753493
3379 2.2691863985074243e-27
3380 2.138600191922439e-35
3381 4.3292092011730145e-10
3382 0.00026912106802976166
3383 2.4889177829758294e-07
3384 2.0150734610660696e-44
3385 3.171718286925418e-06
3386 1.1713611589619093e-11
3387 2.0636787826612762e-20
3388 2.326188948973387e-11
3389 3.056811694659025e-10
3390 0.0004975472725858029
3391 7.649584101964412e-09
3392 7.88558322911853e-14
3393 3.661675304298144e-08
3394 0.002176225000979321
3395 1.4323488392671632e-27
3396 9.717628214245192e-07
3397 5.147298151090584e-12
3398 4.772398435880658e-15
3399 0.00045242590547221474
3400 1.4104165020747852e-09
3401 8.861371724485046e-09
3402 1.605562617942851e-07
3403 6.316342786845885e-14
3404 2.5756657215834533e-09
3405 2.3307226509852113e-06
3406 1.610832084291569e-11
3407 8.622916363992667e-11
3408 2.139642686603548e-37
3409 5.2132387597788815e-06
3410 3.417361493592531e-05
3411 2.8682859618164477e-12
3412 1.260234962826552e-06
3413 0.00010830142386066348
3414 2.775134934481891e-17
3415 8.102218102689138e-05
3416 1.0851740137839846e-09
3417 1.2657007372331103e-11
3418 7.674896419688424e-05
3419 3.360098885517067e-09
3420 1.2410056118867852e-06
3421 5.164164193901441e-12
3422 2.3497502984785605e-20
3423 0.001643998956238743
3424 5.641668652239746e-11
3425 3.590293989296456e-10
3426 9.470680932822379e-32
3427 4.498472083805806e-20
3428 2.6725093720471915e-11
3429 8.58438374127031e-27
3430 2.1395751385728576e-17
3431 3.388154532586514e-10
3432 0.00575083480518169
3433 0.0007621220080158453
3434 0.0018468371608264403
3435 5.866808245438895e-11
3436 6.599505414654702e-21
3437 6.337046337495168e-11
3438 2.170800691941999e-21
3439 1.664021923321984e-11
3440 0.0006222389604726923
3441 0.00023677165427774444
3442 0.002974588269576007
3443 2.2110262003259934e-08
3444 1.0340854539094831e-21
3445 5.4352584003247735e-09
3446 1.2643755056213117e-16
3447 2.2400478743948476e-35
3448 1.5459457982882645e-20
3449 9.070711981499629e-23
3450 4.274544680057815e-14
3451 0.007238105641378591
3452 1.2901278767869106e-11
3453 6.008351707966677e-22
3454 2.522171717790354e-20
3455 8.307820475136998e-38
3456 1.825571591515752e-22
3457 0.0012091665485659032
3458 9.3384282444974e-11
3459 4.794483629584488e-21
3460 1.3393895352172246e-11
3461 1.0755242386929656e-09
3462 1.9177661745233764e-42
3463 0.002630369527177779
3464 6.037055231812999e-16
3465 1.3252746792954265e-39
3466 1.6141085576850084e-13
3467 1.6162598006256925e-05
3468 0.00021701762391924083
3469 6.083649844502339e-16
3470 3.158932885560294e-05
3471 1.58793454876787e-11
3472 3.764337323088251e-34
3473 2.0156850241591677e-11
3474 1.855252496983257e-09
3475 0.0030880687911902355
3476 4.089027626110131e-09
3477 1.038090089926246e-42
3478 0.0004227750700507479
3479 9.887345723867002e-11
3480 2.022151457853898e-05
3481 3.287526959090681e-28
3482 9.75797019012024e-11
3483 3.155831323857788e-20
3484 1.7145640618672744e-10
3485 1.4917432624964133e-12
3486 0.004271196648298098
3487 4.409525923600716e-07
3488 2.8376394678575815e-13
3489 1.4200207281201072e-16
3490 0.00153544336757843
3491 3.613619069723811e-11
3492 5.967580915410817e-05
3493 3.903666440653052e-10
3494 2.7643490320209547e-11
3495 1.3111234137590523e-05
3496 5.302325441516473e-07
3497 1.294447952535629e-20
3498 2.267652846628973e-32
3499 3.380357203124424e-08
3500 0.0009428972404356516
3501 2.347026418002236e-18
3502 2.994806843519032e-10
3503 1.0720433522079777e-27
3504 1.8050005133827426e-20
3505 0.00018478264627956557
3506 0.0007195923158294458
3507 9.553442699816677e-11
3508 2.2733413426618333e-13
3509 5.5489743822007174e-11
3510 7.705331193267267e-19
3511 6.103587513903798e-11
3512 4.9285533587025896e-05
3513 0.0006953715400641666
3514 3.501947423642066e-18
3515 3.5471773122629945e-12
3516 8.67672707025463e-28
3517 5.8447029203634985e-05
3518 1.514031491758804e-25
3519 2.314232126595973e-12
3520 6.886267335376414e-28
3521 5.2099336182159676e-05
3522 1.3617137914642124e-28
3523 8.109886526702179e-26
3524 3.3044442243037324e-39
3525 0.004246136798411728
3526 5.743887367716492e-05
3527 1.4230667895338688e-41
3528 3.384209131181367e-41
3529 4.710322159782049e-11
3530 1.733654339517814e-34
3531 3.887875046466803e-10
3532 4.208360479298987e-11
3533 0.0001506685910591368
