0 6.750164732783296e-06
1 6.089608250474838e-06
2 1.827062039263283e-10
3 5.044080062140344e-06
4 1.110578102342444e-07
5 4.2737968900627497e-07
6 2.2247260489070455e-08
7 9.820533945761169e-12
8 4.749332710822724e-18
9 1.2364709358872892e-26
10 1.3462365011719476e-06
11 2.766039392117177e-14
12 2.783976415281113e-07
13 1.9866226360799685e-25
14 0.0009446735016961716
15 1.3701199393380105e-07
16 1.1607300373331076e-09
17 8.721461600130164e-06
18 3.582033720528459e-11
19 1.44550355433449e-12
20 1.9117844334100353e-08
21 5.010073133711998e-09
22 0.0041638522988575585
23 3.563826299109924e-08
24 3.0165886040732046e-06
25 5.957284496635458e-06
26 3.5033750702543225e-21
27 4.470134816981701e-25
28 3.0521940960614014e-05
29 1.6566297538851362e-09
30 4.362582405401368e-24
31 5.9804568744968295e-05
32 5.838990837759415e-39
33 8.109732812181631e-08
34 1.1681351526135112e-09
35 2.6028549389220886e-11
36 1.1569313920174081e-05
37 1.0350264094851775e-16
38 4.271345975597737e-06
39 0.0005015140359268151
40 8.186949295661766e-19
41 2.0755220440204494e-24
42 3.071879109805646e-14
43 3.297105752497814e-05
44 7.548767108545245e-08
45 4.9031187094531664e-08
46 2.1880494748017946e-07
47 0.005963868270503545
48 4.431579173258097e-05
49 2.6241405758580684e-11
50 8.144954168743899e-10
51 1.493777263727258e-10
52 6.016564687210987e-13
53 2.533882413395889e-07
54 0.000159986990014325
55 3.127817663955897e-06
56 4.814722491491474e-05
57 2.5031967652261025e-22
58 2.9971520082125164e-07
59 2.19736342021545e-09
60 4.354516962166821e-06
61 5.880285823819246e-14
62 0.003929150988138025
63 3.978543918705403e-06
64 1.7472048149648852e-06
65 1.6441405620526016e-10
66 3.314796694302145e-10
67 1.1237084594726546e-18
68 1.2115331119366965e-07
69 3.2230495904940904e-08
70 5.928762873808848e-14
71 8.273015379328653e-05
72 1.4268277941320117e-30
73 2.528314957538008e-37
74 3.1190342869646755e-14
75 5.446760752956688e-15
76 9.562048854297507e-06
77 3.3327839640179642e-06
78 6.856015015484298e-05
79 0.004720360562465391
80 1.3519932925461676e-11
81 3.2650839961356456e-15
82 1.0990486165648771e-11
83 1.3662550765288885e-36
84 2.4690563095391746e-13
85 2.701159889884963e-08
86 1.0692273657376035e-08
87 0.00021934296030404337
88 2.5266381788042785e-05
89 0.005111683925768557
90 4.501950431269666e-12
91 3.346315353693787e-12
92 1.4306709266927078e-10
93 0.0026524172640651797
94 3.890505308024084e-27
95 6.217882909060771e-23
96 3.207394122455081e-12
97 1.3060508267011165e-05
98 0.0009028066027810098
99 0.0020099002237528745
100 1.2383984817454772e-05
101 0.006643867702882465
102 5.481759216548381e-06
103 0.0011792619076774417
104 3.70175297107482e-14
105 5.4512369192486946e-24
106 2.4701954988148147e-13
107 0.0016130600325612583
108 6.830619432045124e-17
109 3.320874635855853e-08
110 1.6845959942808128e-07
111 3.7555573007177336e-30
112 0.006341934044723047
113 2.472075387830525e-17
114 0.00016234828466867363
115 7.455563500874711e-07
116 6.762255692830637e-13
117 2.4263549542150656e-14
118 3.7573900159075955e-13
119 2.6760878799506756e-07
120 1.093554238050731e-05
121 4.178521126983841e-14
122 3.979423146006311e-12
123 5.20775982842443e-11
124 3.320870841055882e-11
125 2.1916073806392296e-08
126 6.754880423227553e-05
127 4.176640700478086e-05
128 0.0019823769634263163
129 6.010578077511341e-05
130 5.696777808884733e-06
131 1.296144749085778e-38
132 7.485287453383572e-05
133 3.687079364075887e-07
134 7.379823276536231e-16
135 8.185549491776423e-32
136 1.2609029372501506e-11
137 8.917984495576631e-18
138 5.029199059520873e-21
139 0.0004084840817251762
140 0.0003797038167118249
141 4.1445450982162715e-07
142 4.443321095051669e-05
143 6.091630326857695e-13
144 3.781679694024463e-05
145 4.6983621860902804e-07
146 0.001317668994388933
147 7.613526588460336e-05
148 7.142541823584434e-16
149 4.0336206097461415e-08
150 7.747415893755431e-06
151 7.76508680851492e-06
152 0.0019246267330093815
153 1.5792588132878712e-19
154 1.9731863834372643e-07
155 0.0003037520299443851
156 0.00013385100114941448
157 4.82339743890562e-08
158 3.830405377005282e-05
159 0.009839430943490825
160 0.0020115153065877363
161 8.018366878911665e-13
162 2.3896602694679234e-30
163 0.0016943201993238682
164 6.384453600822901e-07
165 0.0001373955982512568
166 3.2551023307744908e-09
167 4.159830912752234e-07
168 2.0920467147851022e-19
169 3.5760001168251875e-09
170 1.6090000434415e-05
171 1.610093805288585e-22
172 6.509234744688026e-08
173 4.059944496510216e-06
174 0.0021379963953260454
175 3.111007139269451e-05
176 1.951733682080467e-12
177 0.022182052872189547
178 3.260782090734888e-14
179 5.21847040655166e-13
180 0.027969964840448204
181 4.0147105054937e-27
182 2.527775504761666e-05
183 1.988024985891479e-07
184 4.909498479754112e-07
185 0.0009593044308917429
186 1.5628023534248194e-08
187 1.6686463536295113e-07
188 2.18261901114248e-05
189 0.0007565327640094485
190 5.421353643997919e-06
191 0.004276968325294258
192 0.0006775118684696835
193 1.6348150094606814e-28
194 5.53688561243814e-15
195 4.442491862301463e-06
196 1.5305504652707532e-06
197 5.245507060151655e-10
198 5.6568058182118944e-05
199 6.388174971777312e-15
200 5.356270306195727e-07
201 7.503897324490103e-08
202 1.7651632628636454e-06
203 1.1079371308197913e-16
204 2.2457657803613323e-17
205 1.4866513322293967e-07
206 5.897022253803429e-07
207 4.9968573071078414e-09
208 7.186584617574275e-05
209 0.00035179586211641874
210 1.1374365539048123e-16
211 0.005220969109803299
212 9.14260915906262e-08
213 2.329564391132237e-15
214 0.003677306833945762
215 5.2329207047013625e-08
216 3.623412399708441e-22
217 1.6027388860855375e-07
218 6.993876641099882e-07
219 0.0009040593152990908
220 2.7384120737362197e-12
221 2.9039069541272647e-13
222 0.00021540799716701135
223 1.1090348183781546e-14
224 5.48617338488196e-19
225 0.0020148493518188553
226 0.004492621655751367
227 1.549266166904278e-24
228 2.576779841292915e-07
229 7.08986203488191e-14
230 4.970820084778205e-15
231 4.322682389230716e-15
232 0.007934942347267802
233 3.973250886940149e-07
234 9.369673712274234e-13
235 1.119943646096464e-28
236 0.005928683083229889
237 3.672519107484446e-23
238 4.3043560221567197e-07
239 8.535187339532469e-21
240 0.0003305574064705917
241 4.217615930759663e-05
242 1.1730102007890374e-19
243 8.713375832040335e-07
244 4.712566373883224e-05
245 1.402565046182156e-18
246 5.583991969697469e-23
247 0.00038570533872118464
248 1.5629057122700975e-38
249 0.13358196851992923
250 7.988387014101237e-08
251 6.8379612125606635e-37
252 0.004329938744317036
253 0.00010782189578038591
254 2.7726991011313924e-21
255 3.938449109085019e-05
256 2.291460219404614e-12
257 1.4139365806736148e-32
258 5.147085717930621e-13
259 5.178695047400623e-23
260 2.275247228684014e-09
261 7.234591530810158e-12
262 0.0013202899924522058
263 0.05189387642113051
264 0.0001418724615221174
265 0.04863470683850579
266 3.368440242171736e-13
267 0.0007574106790027459
268 0.0022533791727275643
269 0.013194707152085046
270 3.6650229563278675e-05
271 0.022311554012788542
272 0.019782190657268696
273 1.7900440537081313e-14
274 0.4655940174355083
275 9.519368758332394e-13
276 0.13548957126736497
277 0.11848471341351609
278 1.8318009524527358e-14
279 4.131577176366928e-24
280 3.027733595299628e-09
281 0.00010784380251204899
282 0.0003285296266797029
283 1.7145064637933423e-31
284 8.651241476471829e-05
285 0.04796096513838902
286 0.0644200807604003
287 7.925520960787721e-12
288 5.6151376757157995e-27
289 0.0004306086993459534
290 0.023460957395541698
291 0.00038501704205938644
292 0.1554473257904885
293 3.1347220911111916e-08
294 9.851217335649355e-26
295 2.7239049022827577e-05
296 0.046544818863220205
297 0.0009241756617867456
298 0.0024347874336207898
299 0.0687495620358811
300 0.00014567019076576007
301 0.009967330532360335
302 7.191332055343658e-05
303 2.679247987122699e-20
304 1.033484985627378e-07
305 0.0010784556260889251
306 8.450982509956206e-07
307 1.013813503856293e-05
308 0.0002523652563361488
309 0.39920512774551065
310 0.2379791958540203
311 0.13507627669285152
312 0.3029935910455142
313 1.07134493675087e-06
314 9.352294108033122e-08
315 2.0063987625227095e-07
316 0.32509124555258606
317 0.009840182125900819
318 0.11502696990666679
319 9.222518192298039e-15
320 8.402514633370545e-09
321 0.2617171199849456
322 0.0003087736114311659
323 0.2022782782362045
324 0.00018095450608075452
325 0.2169362258144869
326 0.05251566862252277
327 0.24090056374631982
328 2.805898583590308e-08
329 0.20435670666241393
330 0.1743813851138934
331 0.0001557869240465975
332 0.2076129887444182
333 0.01662293306301525
334 0.4284395636595537
335 0.08820909942419562
336 0.10843744171066537
337 0.4688542213867001
338 0.4590141521365007
339 0.09697274416064186
340 0.5188324989093267
341 0.01770224855319119
342 6.701259714292458e-09
343 0.10980621106102058
344 9.843044721025454e-13
345 0.13715434494646236
346 0.1556216964382966
347 0.02126439424461743
348 0.5284930895591655
349 0.4573026308153368
350 0.035341879887759164
351 1.4107605148279316e-12
352 0.0008113958524874228
353 7.34440307390881e-05
354 0.35765729508037564
355 0.41920773357192825
356 0.023273690792954816
357 0.5026619695110098
358 0.03956262131275107
359 4.2761729852906943e-29
360 2.352882854367974e-16
361 0.16640959366867417
362 0.00011879945557889478
363 0.05275546881007696
364 8.541932784858572e-10
365 1.4952991250855424e-08
366 7.462400820471141e-17
367 0.0049763362137029326
368 0.00042728654350594834
369 0.44011877943546734
370 0.010876704100438544
371 0.0022772554319174247
372 0.011409636665838782
373 2.3686406221117463e-06
374 0.00017534498739411224
375 0.28405755855553144
376 0.00020598941516692055
377 4.657284633198656e-13
378 0.000849276151214627
379 0.3618379877674587
380 0.27184322778630615
381 0.002212630766687452
382 1.3908171779079637e-09
383 0.016404992924073866
384 0.06216282115846757
385 5.65511710321147e-17
386 0.1781696039675165
387 6.72035642867955e-06
388 0.0003838897268273202
389 1.326045107699266e-08
390 0.07798294284390718
391 0.2769198146015594
392 0.017193066539871366
393 0.205677843049688
394 0.08600655788093012
395 0.0847870376580233
396 0.1213233344841689
397 3.6599168190432764e-11
398 0.27514885294113356
399 0.0013239555334993026
400 0.0003931101457058262
401 0.22538002764725523
402 3.617635344910051e-16
403 0.0031753176205420145
404 0.06173765285946538
405 0.0010080895507736905
406 0.08315336302714056
407 0.38961176349278215
408 9.755643487480458e-05
409 0.005194053366684408
410 0.0005274769805138647
411 5.343498322566661e-12
412 1.7435858835892036e-25
413 0.04616338173860699
414 1.0080477512490011e-20
415 3.1718142423040625e-23
416 0.05391487932457156
417 0.045132981261568006
418 8.284877143184668e-06
419 0.06558517745683563
420 0.02509917949506992
421 0.04865568599248704
422 0.06273875011050813
423 4.821693342658276e-16
424 0.02498006972126196
425 5.6657242537983235e-28
426 0.027255808765001614
427 0.03873063755464395
428 0.056054912637195475
429 1.7898711893207238e-16
430 0.07741170977981392
431 2.421051904892236e-17
432 0.002361857112215429
433 9.686611882603882e-05
434 1.3015563949630256e-09
435 8.223333798077433e-06
436 0.13155116135882913
437 0.010359402721465995
438 0.017244216967540773
439 0.011524972545599704
440 0.06745886802687884
441 0.000288822873434813
442 0.01007848663306666
443 2.934216720649948e-09
444 2.326659909299098e-17
445 0.00997577070998483
446 5.096021824684039e-07
447 0.06472869636252555
448 3.839584733631757e-15
449 0.008371982707452987
450 0.003231569363191976
451 1.3157863218393584e-16
452 4.594133008749032e-12
453 5.857619751779069e-06
454 4.903322430150872e-32
455 2.2560405978697035e-05
456 6.363212345388225e-05
457 4.742857840100269e-10
458 0.08339354775507368
459 6.682024268662584e-06
460 2.7901014752527506e-10
461 0.0023070625169340606
462 1.790595788549863e-15
463 6.987546481474397e-07
464 0.055320317833013104
465 0.000900660596696896
466 0.030862864396285446
467 2.0515163617627584e-06
468 0.014020141512715419
469 1.459801691324029e-23
470 0.01137148283760417
471 0.003269676259996966
472 0.07682192891466719
473 3.7388934920114777e-06
474 1.085983882556983e-30
475 1.2510400640297256e-08
476 0.0015883579607824465
477 0.0012309819378281599
478 8.244379847900358e-06
479 0.046924056124851926
480 0.3285882250322784
481 0.24986606278506676
482 0.0056582690729233285
483 8.596716129057783e-06
484 0.03499369737836828
485 0.5425071820203503
486 0.07781312801405098
487 0.5195134746112469
488 1.986096574799126e-12
489 9.595238682472863e-05
490 9.171600247546613e-06
491 7.663761665376836e-06
492 0.005044641569721627
493 0.00013860905827703797
494 0.37374803370233295
495 1.6525823926280048e-10
496 0.002460799504706994
497 3.390992938510931e-05
498 1.9717351794284027e-07
499 0.05187330475666414
500 9.031012852394963e-05
501 0.010493391836512612
502 9.387574951765412e-06
503 0.21577552653331664
504 0.19170093717719533
505 0.1435100941839698
506 0.028717611925310825
507 4.0890914103284595e-08
508 2.3605377956165613e-06
509 2.597610151729032e-07
510 4.1330587564767004e-29
511 0.01685781498079247
512 0.0013516998016044521
513 0.008125102450424608
514 1.423482822993223e-10
515 0.011070658003528909
516 0.0008475194579644882
517 1.535953072606976e-12
518 0.0008724676654618783
519 2.3049085575273968e-06
520 9.232398666168789e-07
521 2.5574474921115683e-08
522 1.0211509437783e-12
523 0.026758268304375936
524 3.9066735231155216e-05
525 3.788971168281575e-16
526 3.0746378735980966e-05
527 0.0009870438581376724
528 1.9204819599397863e-15
529 0.0028225753912174876
530 9.607281178788312e-07
531 2.1544548951151513e-05
532 2.450401688693722e-09
533 0.042553207845556336
534 2.160129366944424e-08
535 0.04465920460756972
536 0.014721967857791354
537 2.0641850852903855e-10
538 2.8419443285290166e-07
539 2.7786085676179603e-07
540 2.885028615301388e-21
541 4.132618339828859e-33
542 0.002494731103184944
543 0.005999644327813949
544 0.8661796813779843
545 0.00447072708829511
546 0.00012980209332694281
547 4.70125092102846e-07
548 0.010379876354802012
549 0.007848284554091992
550 0.1756771972645493
551 2.6338657696185014e-11
552 1.9985284542798115e-23
553 0.003515925731914163
554 0.024495489513636642
555 1.1497475118698218e-06
556 0.15440808723371535
557 0.004764096671529309
558 0.22879025771849304
559 0.001615228786734412
560 0.010177599151311294
561 0.007221067206636361
562 0.0019086207020586978
563 1.5889320942246713e-11
564 2.361437746924723e-10
565 2.9710080738597637e-05
566 2.3945880090446906e-10
567 3.9892730004856285e-10
568 1.6102373836425025e-22
569 4.517679500052239e-05
570 0.2504942451706829
571 1.1718331636345644e-15
572 0.002054272382285403
573 4.7302885335525115e-05
574 1.2273609993787585e-28
575 0.0022319528947382676
576 5.624193397855061e-12
577 7.790141014945616e-06
578 2.6332377220367503e-05
579 0.0001607020423246467
580 5.039956459576341e-06
581 1.719608835787954e-10
582 2.3782063753562505e-07
583 0.004828003219620069
584 0.002459323868576785
585 5.621629457035781e-14
586 0.27406849838253344
587 3.4587116957168495e-32
588 1.610537069304582e-05
589 2.6630481780146563e-12
590 0.18847856160611137
591 1.9172892569081392e-05
592 0.00030881112230497494
593 2.902475969741828e-07
594 2.252698278209178e-06
595 3.5886376193755016e-05
596 2.43301458356193e-36
597 4.82677434474303e-14
598 1.850192162989437e-12
599 6.752363038044128e-32
600 1.4081391607115924e-05
601 0.0008897895709560977
602 9.20232855358938e-10
603 2.953033300398961e-10
604 0.0005436794128524672
605 0.0025375094843094435
606 0.005214207080500018
607 1.023550224089706e-08
608 0.0017730696905769734
609 2.6685296058347023e-06
610 5.5648013748849e-08
611 0.00033032968341384247
612 0.0035867287668558197
613 5.463938653236184e-09
614 1.4959635885292093e-13
615 1.2467109444165874e-05
616 8.464516117090313e-05
617 0.006198824039160954
618 0.0009675239793923593
619 0.005605017344967407
620 3.1325009329478565e-05
621 7.528508840972419e-21
622 0.00028649694993770094
623 0.203803209408974
624 4.904968137851892e-14
625 0.28797265411263623
626 0.3063645479178604
627 0.0013022896134579904
628 0.00373727026273426
629 2.728237429612053e-13
630 0.012398804949194882
631 6.81853383423911e-14
632 4.367929288656037e-06
633 0.3109018156694511
634 6.88622581049688e-20
635 2.803154734783095e-26
636 0.002010470447639807
637 4.386497170545795e-27
638 2.205178616577627e-05
639 1.9055836555532404e-14
640 0.004707683245129057
641 0.3575281235260606
642 0.0051391204169809485
643 0.0001907978259003626
644 7.105549767541061e-05
645 3.444939207288073e-13
646 0.0006835785935235481
647 0.0004684791346628117
648 0.8093204480055932
649 4.444467987871862e-13
650 5.890725105818607e-08
651 0.8517532621934488
652 0.20863693811088743
653 2.6894273724464254e-15
654 8.063237976397953e-23
655 6.074853750603148e-30
656 0.0031623868748526266
657 8.963125510942677e-11
658 2.2821692968377174e-16
659 1.5648960754222916e-15
660 4.357288901887729e-08
661 9.35083794317148e-30
662 1.481058062111776e-07
663 0.8853089343555721
664 1.5740426806829483e-09
665 6.816609028942122e-08
666 0.000802111522117389
667 5.840681046022825e-07
668 2.346969189009748e-06
669 0.012312793794691045
670 0.024150090906117375
671 0.0017729170008132047
672 5.424172616277083e-11
673 7.8798961862595135e-25
674 0.00017197408152040678
675 0.007065425085502498
676 0.023759198567481227
677 0.0053258506369134205
678 0.006037333054011829
679 0.037197736591478986
680 0.0012798529508032922
681 0.00046175554579727906
682 1.3113479824384448e-25
683 0.0025420337117511393
684 2.7337801727918605e-09
685 2.0410329417089765e-14
686 5.948109275932087e-06
687 1.1473710897942256e-05
688 6.148235916061298e-14
689 0.014356674594381372
690 2.4389654379494615e-05
691 0.003585617520268524
692 3.091086922923407e-14
693 1.7358726782545333e-08
694 2.7266244443312283e-21
695 1.7254885590408458e-05
696 5.130404237642101e-05
697 2.358561370577476e-19
698 0.40443747537569846
699 0.0007818494453995068
700 0.0001442370681147533
701 0.00027553470415728144
702 8.610522530322926e-06
703 3.192845703302022e-05
704 1.4115378473480255e-09
705 0.0012671443745973965
706 5.114870677548467e-09
707 9.1990710786668e-05
708 3.88085096112662e-18
709 9.543441782517352e-22
710 2.6720328580790676e-10
711 2.9295406585635426e-05
712 0.30955260522998546
713 0.0038556574743237957
714 2.5169992923507584e-14
715 3.8489512880694406e-19
716 0.0713074087010201
717 5.696709517828703e-08
718 3.6110930633822977e-10
719 0.0032530529341752066
720 1.8856155959056078e-05
721 0.00038955570314564
722 6.667759873372067e-06
723 0.309255212693564
724 5.94805553949162e-06
725 4.2570412232621453e-20
726 1.1516275267132648e-05
727 9.647546048020883e-10
728 2.7970667584167845e-18
729 0.20212999033110973
730 0.010220683491047055
731 3.871400089984187e-12
732 0.005162161064189193
733 1.7021463374486583e-20
734 1.2659411378411077e-27
735 1.1453884548196041e-12
736 0.3005132063358608
737 0.029986312581844452
738 9.894022035503501e-19
739 9.368340071890714e-20
740 0.00032204487294320764
741 1.188202383497401e-19
742 1.555684374719849e-15
743 8.334864328185167e-06
744 0.0012445785867164405
745 2.4340876172543378e-18
746 0.08352569186549245
747 1.6930733135026805e-08
748 6.775172142013071e-13
749 0.7514883394209706
750 0.08641516991012002
751 4.1419724427486485e-06
752 0.003006460290598836
753 0.002867272348319654
754 7.619380524738116e-16
755 0.0006607688430141746
756 0.0003391402487217606
757 4.3686842878873804e-09
758 7.493431545388564e-20
759 0.00019001648226317294
760 0.683190711489267
761 0.18953768968278725
762 1.0739853296064739e-17
763 6.377757185376006e-05
764 0.004797823633370734
765 3.9988815180236486e-07
766 0.0015516225109960945
767 1.7010011742195142e-27
768 4.2679943394914144e-19
769 0.0018051378377490406
770 1.6693762258936942e-10
771 0.0005069490061656703
772 5.776483047830274e-07
773 0.012427055103107171
774 6.7705803611025794e-15
775 0.0001320877333334165
776 0.0021584447501945482
777 1.2642275254764272e-05
778 0.3848070007090018
779 5.1455064497886816e-05
780 0.00010334680764559126
781 2.69535162913106e-07
782 6.588552273009885e-19
783 1.0943726366187938e-08
784 1.6007385917510863e-13
785 0.00025154601480443237
786 1.4968134154707298e-27
787 3.8044497800047043e-17
788 0.00023115664277448592
789 0.0423656111650963
790 0.029814189513305753
791 0.007373290356136074
792 6.301164069706589e-14
793 9.443630748648162e-05
794 3.5669084842561535e-16
795 4.488972140106184e-05
796 0.022424618943229734
797 2.127044265416566e-14
798 2.1927868273292548e-12
799 0.2584373930942729
800 2.2711768891754143e-05
801 0.0004887156921324234
802 9.602571235758015e-19
803 0.00031767435872450035
804 2.0078473742592803e-15
805 5.73692684892013e-18
806 2.9090088393364754e-14
807 3.160779099542396e-14
808 0.24183076838598527
809 0.0004189969323091203
810 0.00024286698969910184
811 1.8217445905564215e-07
812 1.2220746334119703e-12
813 5.27243137509981e-10
814 4.194741910163668e-09
815 8.137924727070385e-18
816 0.5372568512879723
817 2.233116830147188e-24
818 9.977093782482859e-06
819 1.0589611992389992e-07
820 0.024945461021357685
821 2.5337076574214516e-08
822 0.0002784738237736101
823 3.2968867801286126e-25
824 0.04252314991478392
825 0.5568619452672349
826 7.006475112965706e-12
827 3.3717118658240563e-18
828 2.3037568191938966e-09
829 2.4789629233978056e-10
830 0.018486428049216505
831 0.009716176835527744
832 0.025013951021658213
833 0.4776616118693931
834 0.011905638661158175
835 0.4309540479280096
836 4.931424214277868e-12
837 0.6461586896644442
838 4.239316025574753e-07
839 0.021088615756184096
840 0.21379386429296435
841 0.0018795615947025351
842 0.0037349775303105797
843 0.014025782870095366
844 0.002882684967516413
845 0.02983727317398574
846 0.0008836052020347062
847 0.4314000725616698
848 1.7082061878082745e-22
849 9.975040266229157e-15
850 0.012653457618123625
851 0.0020852191654830684
852 9.856304412426715e-06
853 0.018199186822503342
854 2.1093394082560857e-18
855 1.0860321099526718e-14
856 0.3234424305209154
857 1.6356019052125922e-26
858 1.8184872945022924e-28
859 0.017634290021065663
860 4.840818383668124e-11
861 1.2023666778869154e-09
862 2.024069914328423e-07
863 3.41926595097671e-05
864 0.45623501536250766
865 0.6358698539156602
866 6.426418271005556e-12
867 2.7841761429667036e-05
868 0.012042335316428343
869 6.656538292687897e-09
870 3.509387549027063e-09
871 0.011860915243476917
872 9.50854568546465e-09
873 1.5412856416107948e-07
874 1.081916635220212e-05
875 3.6662767601359105e-14
876 0.013277107063566898
877 4.096240036557508e-06
878 0.0008990697649961807
879 5.5661890081189684e-06
880 0.21235942441239777
881 0.030077193300883806
882 2.9728179530062266e-07
883 1.1609722284645735e-06
884 8.154780480639955e-08
885 1.33388128978796e-07
886 0.61332687696507
887 2.9722183882480678e-05
888 1.657366655177071e-17
889 1.0683358908455107e-08
890 0.022735366485993957
891 4.352047929703076e-11
892 0.023715642115202135
893 2.055864188744577e-05
894 1.1656536145764152e-08
895 7.725924238962098e-10
896 1.1969934095247208e-08
897 0.7100907890953668
898 5.535889651846021e-11
899 0.015921487753846712
900 1.1170688544954184e-10
901 4.17327345415062e-12
902 0.498029347274332
903 0.003918914525747178
904 2.0024494682695003e-11
905 0.0014533030140248529
906 0.0006079737253021633
907 4.326946362792962e-35
908 0.0021001863207661215
909 2.252896314521102e-05
910 0.006540046129980078
911 5.5689047113371095e-05
912 5.1892858290526975e-15
913 4.581224119882937e-22
914 3.802183758876455e-09
915 0.014980740028724121
916 1.0078992348599017e-09
917 9.101743182156538e-09
918 1.3170980963058384e-09
919 2.7167277837586934e-18
920 0.2986222971866236
921 1.1918035841777283e-06
922 8.780517816919657e-06
923 1.630908921573691e-06
924 3.780090663058604e-05
925 5.381468689628056e-21
926 4.975266866776909e-19
927 5.480629736684909e-09
928 1.6176156018561977e-05
929 5.754334493356157e-06
930 0.017795470335809707
931 0.0003575643766236582
932 1.0237833613217242e-07
933 1.479806683899114e-06
934 0.34374125814961876
935 5.398528121380487e-06
936 1.601326644726825e-06
937 6.44941304990387e-05
938 5.1863170178003105e-18
939 7.613488217473037e-14
940 0.31738922992879076
941 0.025465723754561045
942 0.2271518930253916
943 2.153081551286911e-06
944 0.00205889409608547
945 2.4379485079321816e-06
946 0.37719693585189984
947 2.056289799083503e-06
948 1.6712248663013703e-06
949 2.1526030579498017e-06
950 2.564638350526099e-06
951 0.21730758394427216
952 4.079607850718586e-07
953 0.2934405667764407
954 2.6487905965608046e-06
955 0.012704833331795758
956 1.1460606736893264e-08
957 0.002703991947750441
958 0.008729806803080543
959 0.004700609582633242
960 1.460408214729439e-05
961 5.473194146335815e-05
962 0.5630859181681809
963 0.010933930613352998
964 1.6439314566302732e-26
965 0.007472740789367955
966 0.23198839723763515
967 6.898311315498315e-12
968 2.690118243286642e-17
969 0.007722670924333171
970 0.0025489717171337536
971 1.9298343234791357e-10
972 1.7385768513500386e-05
973 0.00010075066840124048
974 0.0006557569853709453
975 0.015400433123047307
976 0.00010514199814073782
977 5.2166791415229576e-05
978 5.746911221228925e-06
979 0.010669442816947216
980 3.1660171191995577e-15
981 0.00010905546232070873
982 0.00022618965639929412
983 2.6297546895024024e-19
984 8.754063868664412e-06
985 0.07094658723712854
986 0.006594704260524094
987 0.0006440282060734445
988 9.841033777952881e-17
989 0.03697881132456369
990 7.514505056438197e-13
991 0.000508614633143461
992 0.0025085780557431835
993 9.910486380186679e-05
994 1.386400288305002e-12
995 0.08220680437209646
996 0.00010636885908389791
997 2.3533873739168668e-08
998 0.40569750912405456
999 0.1401893845006826
1000 0.3641778222917988
1001 0.00048780508026677864
1002 7.915578844799494e-07
1003 0.0019474558579914549
1004 0.0260284567103799
1005 6.843372833132232e-08
1006 6.108860068452104e-06
1007 8.528032628809333e-12
1008 2.16434080240606e-06
1009 0.007571649210516455
1010 0.0007069883371279741
1011 2.659475086038558e-13
1012 5.45519955934573e-13
1013 4.3046225095451157e-05
1014 3.546024579660371e-08
1015 0.00010452975634481828
1016 4.604772847100936e-18
1017 1.1701317341368619e-05
1018 1.0385022611688841e-06
1019 0.0029857102623281344
1020 0.07211779815429369
1021 0.0002476550735396258
1022 7.945068445352292e-06
1023 0.052775563178951865
1024 0.0017691976900229428
1025 4.247113307605007e-08
1026 0.0044451628249341305
1027 0.004365245516280542
1028 0.0098390918390917
1029 0.01997495736609343
1030 0.0003681084329182323
1031 0.40237071161709
1032 0.026400650080877577
1033 0.006725343873749928
1034 0.0003459104618747549
1035 0.005086221891509882
1036 0.018171432268659953
1037 0.000756817529430225
1038 0.0011442206180473907
1039 0.4458260631109552
1040 5.7005543332711614e-05
1041 0.0005169186706430415
1042 2.434432809406406e-07
1043 0.0003114673832895103
1044 3.979905885149015e-20
1045 6.915674798796767e-14
1046 1.4728502347222605e-07
1047 0.3303604639195909
1048 0.003286487863995634
1049 0.008764293101245978
1050 3.268617531875978e-05
1051 9.728748852239781e-09
1052 0.01659166719558726
1053 0.00800705345065788
1054 0.010867254645699388
1055 0.002110480597810201
1056 1.0409860957893221e-05
1057 1.857143442610529e-06
1058 0.04661375636280032
1059 0.3497322265267692
1060 0.02530737521354505
1061 3.2304989640491424e-05
1062 1.878975374963993e-07
1063 8.119333388250847e-06
1064 4.071617099798089e-17
1065 0.03619592400376527
1066 1.8418770222863595e-20
1067 0.0808366303367471
1068 1.1669340594963261e-06
1069 0.012078625671560431
1070 1.1364617798874932e-12
1071 2.8424599582596754e-06
1072 1.5324214996362918e-05
1073 0.0013666701693394584
1074 6.669121091887736e-05
1075 2.1445900766846272e-13
1076 0.010158528151533397
1077 0.0001150541906518282
1078 3.814971784069655e-15
1079 0.04842867647824143
1080 0.014722697984958595
1081 0.024230809681180847
1082 5.0937917614870375e-06
1083 0.008990911008944679
1084 0.060594757054349774
1085 0.13374616674096546
1086 0.07749479981032674
1087 1.2347330823432213e-15
1088 0.03402516513449271
1089 2.895986425777229e-06
1090 0.06407844936391947
1091 0.04174957047861299
1092 0.2225986856513847
1093 1.088671314167394e-06
1094 0.0018966717890327206
1095 0.023009420619309776
1096 0.004128728234174089
1097 5.662495104941237e-05
1098 0.03359593775926429
1099 9.076555902874443e-05
1100 4.36165447794953e-11
1101 0.016685459052380128
1102 0.6022085506710894
1103 0.006208455820400812
1104 0.0011150627128670317
1105 4.857825075339165e-16
1106 4.6928832595058987e-07
1107 0.5716244047515007
1108 0.003597152690509682
1109 1.643584322789687e-09
1110 0.25596253072658165
1111 8.059473262953577e-10
1112 2.990684441218056e-08
1113 0.12538753692436483
1114 0.027255182660025395
1115 3.5193170131431444e-06
1116 0.00970190324971943
1117 1.0794700099089475e-08
1118 6.961179542159982e-18
1119 0.023118546372975408
1120 6.367533635007343e-05
1121 0.0001656274310752742
1122 1.0037391073306223e-05
1123 0.0010762137589052413
1124 0.00019149547920682195
1125 0.49921687210018867
1126 0.000242803797372591
1127 0.13602861070444347
1128 6.084798239589706e-17
1129 1.3242638351026664e-10
1130 0.542411064371853
1131 1.087443031523163e-13
1132 0.24695063989382862
1133 0.07514587977434116
1134 5.317211990467531e-18
1135 0.00022737459649095566
1136 0.0017405574774167548
1137 3.1502567347041275e-08
1138 0.045903931295693895
1139 3.051632935964984e-09
1140 6.998935169352499e-07
1141 3.422857001571692e-13
1142 3.1683187955085767e-15
1143 0.015365526199185351
1144 1.3728626375705521e-05
1145 5.150834306796067e-07
1146 0.024185640136750872
1147 0.08210934102148457
1148 6.3428229614309105e-06
1149 0.0803441902352279
1150 0.24215057124174433
1151 0.00015584806214732314
1152 1.2082730409855234e-06
1153 0.011950765315137548
1154 8.259826905083541e-07
1155 0.03987700342103081
1156 0.01331504847229084
1157 0.3276359138898605
1158 0.005897244401939768
1159 1.4272109183854486e-05
1160 1.924642929237195e-15
1161 0.05865862241922711
1162 4.4313440494644045e-10
1163 0.09038423852010502
1164 0.02981671595095825
1165 0.07025479977272886
1166 0.41814821896179843
1167 0.00016243940139492772
1168 0.00010411940177723758
1169 7.6084608172514245e-06
1170 0.5187064826981247
1171 0.02470194769544192
1172 0.4134003061669001
1173 0.011492735792602387
1174 1.0002120661477975e-09
1175 0.2811866113893233
1176 0.045114431770244726
1177 3.3374158301754604e-06
1178 0.00019947058857909322
1179 0.012983219389533923
1180 0.0002972761212153127
1181 0.02158561348850752
1182 0.041745478116431686
1183 0.44822676874874545
1184 2.0838714321930392e-05
1185 0.5600618135425899
1186 0.02435161423442586
1187 0.013163983207872773
1188 0.005213192038979559
1189 0.034028905372666375
1190 0.004666559341219588
1191 0.00430122691928717
1192 0.0278915057431232
1193 0.6345951484625478
1194 0.0002967624518395553
1195 7.953528389302886e-12
1196 0.6844751204708888
1197 1.3269572338999097e-13
1198 4.104616684274276e-06
1199 2.0053701543610134e-09
1200 0.00046655799185025144
1201 0.024701270231139275
1202 0.0020604096211020648
1203 1.19527202681829e-14
1204 2.4986081653841682e-09
1205 0.035697485866969664
1206 1.2067248647104698e-05
1207 0.00028223565649870917
1208 3.2266308144092005e-07
1209 4.90691375984909e-11
1210 0.04582549070185926
1211 0.027935175561859087
1212 0.1507603627808353
1213 0.0076025971637592145
1214 1.035355683403281e-18
1215 0.0005923779412827933
1216 3.998092556726062e-05
1217 1.1456760039760585e-13
1218 1.094869618046226e-06
1219 6.133410173822741e-07
1220 0.3774471637546802
1221 0.03801336298048688
1222 0.0023672588061069725
1223 0.050188753765984334
1224 2.4411138744365583e-07
1225 0.030399876128642426
1226 0.037453978122644754
1227 0.0019099724681748641
1228 0.0058290739215145874
1229 2.0802759778090634e-14
1230 0.004614295007367522
1231 0.007711024731349757
1232 0.17511247070409952
1233 0.005713332060710282
1234 4.3676582700106963e-08
1235 0.3132060342482231
1236 1.8519975657400327e-13
1237 0.00695290095389574
1238 0.0044325146989845346
1239 0.27751586100765246
1240 1.677062562473327e-17
1241 1.3007887702540581e-07
1242 0.00016376137312539815
1243 5.317891320049603e-07
1244 0.0006567235407634687
1245 0.014504717435981446
1246 0.0014691635954781393
1247 2.6653414722338985e-10
1248 4.684148459097868e-05
1249 0.1844439606374602
1250 0.6918144794156225
1251 0.015251662234793928
1252 0.5853730360923481
1253 0.04405199895834395
1254 0.6943004146009997
1255 0.002377328856823115
1256 4.3485798041857154e-05
1257 2.5244174176801417e-09
1258 4.770660667257131e-14
1259 0.012572991982646472
1260 3.59588274571462e-10
1261 0.0006279197542826076
1262 0.602298486774635
1263 1.688909722607541e-07
1264 0.24494701084312154
1265 0.0005302239779752084
1266 0.004720734445937281
1267 0.01185680808626717
1268 0.023091857758460906
1269 2.1496276505975145e-05
1270 0.0003246571558734858
1271 9.508113336099312e-08
1272 0.02791219229926604
1273 2.2697096044388543e-14
1274 0.6475455177744033
1275 0.37796555601216664
1276 2.426409865302023e-08
1277 0.0009823826901114903
1278 0.4751398776204809
1279 0.12476938030705294
1280 1.3964112159520589e-05
1281 0.0002403152738011666
1282 0.7763865395243965
1283 2.862853403129584e-07
1284 0.00018644447507550906
1285 0.21909806064532433
1286 6.132078717304395e-08
1287 1.1418884767382837e-08
1288 0.03276618807326579
1289 9.037733329674668e-06
1290 0.4378388306323457
1291 0.48646394047327496
1292 0.32063084782856444
1293 0.550504004275316
1294 6.232737622850932e-08
1295 4.318992486411187e-08
1296 0.6289729504479881
1297 1.4013902237354426e-16
1298 0.001388017236668679
1299 0.2425100409177044
1300 3.2868668052995954e-08
1301 0.00036347187804379303
1302 0.00021957214241400463
1303 0.3274684836816963
1304 0.1192225303012702
1305 1.39138357556976e-09
1306 1.9587898003541353e-11
1307 1.6609069146894736e-08
1308 0.003192376065629901
1309 1.7593243207194734e-07
1310 0.19437865293341494
1311 0.012209547533238078
1312 0.00012143110700385112
1313 0.38687244245145874
1314 7.402784945220282e-06
1315 0.044012403315366766
1316 0.0007991255013590712
1317 0.00011019984069367465
1318 0.22446941075427695
1319 0.0006165755502429606
1320 0.0642279319491892
1321 5.342704775840113e-08
1322 0.17328948792673826
1323 0.004848523938684239
1324 0.001279925904073013
1325 0.1513777339823098
1326 1.4635723254833543e-20
1327 0.0016142022223214468
1328 0.4986362564100078
1329 6.765578119617717e-06
1330 0.049013741944770275
1331 6.695172653005877e-13
1332 0.028731420952221646
1333 0.014429742341507209
1334 0.04748486607172906
1335 0.07105861270266632
1336 0.0017176518041127217
1337 0.002147256363417579
1338 6.09021019652236e-06
1339 0.08305965599943661
1340 0.001048125361145418
1341 0.007160409364102055
1342 0.11075615461688684
1343 0.08821363346220164
1344 0.04334010938633945
1345 0.2852267113107069
1346 0.1556400167915719
1347 0.0007998549671402866
1348 0.0002118722920327186
1349 0.0017664481664074264
1350 0.0005388244018583218
1351 3.044567135983337e-09
1352 0.0017417406341436105
1353 0.06158825644545308
1354 2.0682459656268694e-11
1355 1.7088348051854926e-07
1356 0.002434574150262596
1357 0.0017238644873850805
1358 0.007678889960287941
1359 0.6021350414103743
1360 4.310529433569606e-05
1361 0.0007191220550158052
1362 1.0239674867614331e-06
1363 9.485280387288629e-11
1364 1.015047934065e-06
1365 0.0007906833948601382
1366 0.19717934372293044
1367 0.6168529284588364
1368 4.421546761965561e-15
1369 0.04642116371712328
1370 0.7534836598870958
1371 0.04627052559509034
1372 0.06834102837705301
1373 0.012321261524880415
1374 0.0014022715261065523
1375 0.05923039241641241
1376 0.0058353964538174945
1377 2.7166602449915564e-05
1378 0.7555802635007783
1379 6.204978317709664e-14
1380 0.04408718909097723
1381 0.031790249494638434
1382 0.0783010869384798
1383 0.019568556174757223
1384 4.083934062809241e-08
1385 0.0015429885277265963
1386 0.0013512239878177691
1387 4.3883018459968085e-07
1388 0.690597462498392
1389 0.48772636316216605
1390 0.0007186444467023123
1391 6.324729021862882e-06
1392 7.4008299516624e-08
1393 5.746182313918591e-06
1394 3.665041760279839e-06
1395 2.4105812067483038e-09
1396 6.608398146130094e-06
1397 0.32285778048362673
1398 0.07776776396325216
1399 0.3990220514687107
1400 0.42368600221051406
1401 0.0049043565812406835
1402 0.0001783709425326762
1403 9.053488993148132e-07
1404 1.3033865648107353e-08
1405 5.322546560068288e-08
1406 4.434244664554964e-09
1407 0.0368166385840561
1408 0.02723435602479529
1409 1.9041198895854443e-05
1410 0.022592800434461532
1411 4.964630444718257e-10
1412 1.976600279801701e-06
1413 0.0025951990813656537
1414 0.015851993415286942
1415 5.707370915809287e-07
1416 0.011330036417942951
1417 9.545633030388878e-14
1418 0.00030005792761144946
1419 8.736097018398079e-07
1420 3.3445676124312534e-07
1421 0.14166462269765787
1422 5.5835983020639566e-12
1423 0.724855836264616
1424 4.697596138148786e-06
1425 6.314850399532006e-08
1426 1.5722793037975204e-13
1427 0.022608856798582187
1428 3.266584758254107e-05
1429 5.136819089433224e-05
1430 0.3358953775133874
1431 1.2335865871204171e-08
1432 0.0002230571133748039
1433 0.01395946284231238
1434 0.5547379360414172
1435 0.04342775322554506
1436 2.0875278335927105e-08
1437 0.02134317958175179
1438 0.007660485543179147
1439 0.008078733484113702
1440 1.1461170869966944e-08
1441 6.336112220152676e-05
1442 6.735226771654315e-13
1443 4.139058920938699e-09
1444 0.0002647740795051253
1445 2.808056755809785e-10
1446 2.9973757105530063e-05
1447 7.347482521508562e-11
1448 1.0022924919938545e-13
1449 8.52676664834509e-11
1450 0.031032917245923598
1451 0.8083528856344004
1452 3.502520196551623e-05
1453 3.0737908725768244e-06
1454 0.07434414009710542
1455 1.1627671152041828e-13
1456 0.7413357351176819
1457 6.5603945698234e-08
1458 0.045749791867873674
1459 0.02146879746225667
1460 7.298313437961588e-08
1461 6.388844644068968e-05
1462 0.05047626280488378
1463 0.5333752201505181
1464 0.02920999313144288
1465 2.013441700394527e-05
1466 1.2079353040125433e-13
1467 2.7800788106070587e-10
1468 3.172797121998303e-10
1469 0.012581269940728116
1470 3.77595617439628e-09
1471 2.654597632586588e-10
1472 6.4014638772823014e-06
1473 6.037702772975092e-11
1474 0.003541165670615081
1475 0.35514995405683236
1476 0.0004750458738067775
1477 9.193465060788329e-05
1478 3.1719396520967022e-12
1479 0.00014084198951969663
1480 7.155851211011659e-07
1481 7.95502841239577e-05
1482 4.0420030282045966e-06
1483 0.0028121387112119067
1484 6.558936201983473e-14
1485 3.251138417806183e-07
1486 1.2155655433614657e-06
1487 9.193947524280816e-13
1488 2.7847501224084284e-05
1489 0.030192056726011836
1490 1.869947910013329e-14
1491 6.3263590568513535e-06
1492 0.4384209097054477
1493 4.275464168130279e-05
1494 0.010738248833350665
1495 4.8928541178139985e-12
1496 0.6735705245827744
1497 8.424081487620097e-09
1498 4.169899734073407e-06
1499 0.0011673025438500098
1500 6.15788300746021e-13
1501 3.611707120933038e-05
1502 0.003907279189762242
1503 8.615254434533939e-11
1504 0.20635795286031325
1505 0.0017934271015586038
1506 0.7235200224035111
1507 3.466373262179361e-12
1508 0.03548581313035241
1509 0.04897023403273704
1510 0.43408861806618093
1511 0.5599769439949597
1512 2.6874881947199877e-08
1513 0.07799458780700712
1514 0.003578721526583723
1515 0.31060170084087685
1516 1.8012987120512814e-10
1517 1.031998919113761e-07
1518 9.126756041178903e-10
1519 0.0005352536222225942
1520 0.044737450046937674
1521 0.07234380580250836
1522 1.526797157902277e-05
1523 3.1519780682357938e-06
1524 0.05053599859280856
1525 0.09045633268535315
1526 1.2132559462388171e-12
1527 0.01309376228584313
1528 1.138449466383559e-13
1529 1.8511522063677453e-13
1530 3.3420480687586856e-10
1531 0.02555699237002099
1532 1.9223027191736835e-13
1533 0.11033219038462362
1534 0.05293118292404082
1535 5.3810094208428745e-05
1536 1.0645164737159724e-13
1537 4.599804838884355e-13
1538 2.631195912853777e-06
1539 1.6140079318300023e-06
1540 0.31122692354717474
1541 1.0902733373958023e-06
1542 4.636881564493907e-05
1543 0.011603994706067234
1544 1.5380217492465563e-13
1545 0.1247394565718173
1546 0.8886540475604412
1547 1.5854218304995995e-13
1548 0.00011337359601213945
1549 0.03408372575773715
1550 0.050260823623480715
1551 8.442313881118515e-15
1552 0.09533562089191537
1553 1.5428759055373777e-10
1554 3.62626685250837e-05
1555 9.59751868043349e-14
1556 0.07107471693191582
1557 4.840989658619748e-11
1558 2.413147581575191e-15
1559 2.4210715179977885e-05
1560 0.3611614733223679
1561 6.1138861881822595e-09
1562 1.0798481490159346e-09
1563 6.270441077724875e-05
1564 2.3702567339001484e-11
1565 1.9152866113577898e-11
1566 1.2999584673308858e-05
1567 2.1268710864284747e-10
1568 3.579781434215338e-14
1569 3.5361394061738085e-09
1570 9.666813862685876e-16
1571 8.842091581546545e-12
1572 0.18559334625743854
1573 8.535012763610757e-12
1574 5.133082535829382e-09
1575 7.292290525641289e-05
1576 1.0163799198670871e-05
1577 2.27275588098995e-10
1578 2.6754170213518215e-06
1579 9.496090947369146e-11
1580 4.846890336632535e-07
1581 0.0005009530618940888
1582 0.005863510429703805
1583 5.006701884599488e-10
1584 4.128263037670789e-08
1585 0.003940574220047576
1586 0.08884060558486769
1587 0.004578556120088527
1588 9.823233573679206e-10
1589 0.004996051551209704
1590 1.6652065442307013e-06
1591 9.146932136306458e-14
1592 4.583950773730077e-10
1593 0.00025148817234626396
1594 0.07518826472614641
1595 1.989938401649354e-05
1596 1.0164973252732518e-08
1597 2.6833757902731347e-06
1598 0.0030278229280983364
1599 0.0063997466842097605
1600 1.6603003305315528e-05
1601 7.621525335737109e-13
1602 0.05773660068314307
1603 1.0192564777812908e-12
1604 2.851576551025687e-16
1605 5.302890685274424e-13
1606 2.17061453994037e-11
1607 4.217254218435698e-08
1608 5.997524512880022e-10
1609 0.014678203263564052
1610 0.2853208641015903
1611 1.6670457031308469e-15
1612 0.0001408510271090121
1613 2.4775490683807693e-13
1614 5.053362161949852e-16
1615 1.0916821678673117e-09
1616 0.0004094874314939977
1617 5.462813616627776e-10
1618 0.0018956309138142109
1619 8.630274832331864e-05
1620 0.027875793168189847
1621 1.2226616229064528e-13
1622 4.086467984254936e-16
1623 1.76817175131624e-10
1624 2.5579356024230945e-06
1625 8.644197189908293e-18
1626 0.43391416740757854
1627 2.8554286327888995e-05
1628 0.0006789396089416773
1629 1.3419868245527493e-08
1630 1.5886629651348922e-13
1631 1.8547776727455122e-09
1632 0.04599355834074362
1633 0.03922277532001763
1634 9.80013068588026e-10
1635 1.366404366585983e-08
1636 0.023864692893314686
1637 2.795609444738121e-12
1638 0.014763601969418763
1639 3.490012645168186e-08
1640 1.4301902528096952e-15
1641 8.385344861750917e-16
1642 1.3447381717656614e-15
1643 3.608408680888593e-09
1644 1.075765463030611e-09
1645 6.961215882737211e-06
1646 2.7452950055062536e-09
1647 7.259488017167903e-05
1648 0.025788470393336142
1649 1.838111612662773e-13
1650 0.007054916966758079
1651 0.139092018203202
1652 5.303757413488817e-11
1653 7.219360228991294e-08
1654 3.039211379129261e-11
1655 2.6005371862572626e-07
1656 2.7494543851025914e-13
1657 9.047704660335018e-15
1658 0.00010600090253966819
1659 0.3669229330576824
1660 7.416388937476993e-05
1661 0.0013512533142963567
1662 1.745618053211569e-10
1663 3.994581756205388e-10
1664 6.6714218321930996e-06
1665 8.296341819381121e-17
1666 0.00018407686789978685
1667 2.1160059220928114e-14
1668 2.7455614014891527e-14
1669 4.415865318461491e-15
1670 3.6761185304485846e-11
1671 1.4844550984396804e-16
1672 1.0246609717619439e-08
1673 1.3564613266632796e-10
1674 5.823838609081415e-15
1675 0.23299055233502744
1676 0.03104319672552258
1677 1.1196888074636922e-13
1678 1.4117818581993253e-14
1679 3.969223297834409e-15
1680 2.7544357856399518e-15
1681 0.022075754228670356
1682 1.8465261672422298e-17
1683 2.3787269500831213e-12
1684 2.4300878780911917e-15
1685 1.0616260237357831e-15
1686 1.2082450143547297e-14
1687 4.155474735035362e-15
1688 2.0359786425057475e-16
1689 3.6155408347607365e-16
1690 6.2453438894016e-17
1691 7.00341607698395e-16
1692 3.2897104997742153e-15
1693 1.1077168573662993e-16
1694 3.2796553662511384e-17
1695 1.7615259863570753e-17
1696 0.024087381410257458
1697 0.8359953814180517
1698 5.0506088146698975e-11
1699 4.85199200394914e-06
1700 4.479536124949609e-06
1701 5.709014381310068e-05
1702 8.145875873706755e-08
1703 0.05233381507766362
1704 2.4778388832939647e-16
1705 0.000979264681878744
1706 4.881548621382731e-06
1707 0.1282337308756247
1708 0.017560870186420344
1709 7.967278245369525e-11
1710 0.0016895184679727553
1711 1.6707630765003342e-10
1712 4.3442595547920926e-16
1713 4.991241954282123e-06
1714 2.7922320203206924e-05
1715 6.738648881805016e-07
1716 0.013083687187872537
1717 1.2139022531598716e-13
1718 1.4898612607287701e-05
1719 1.3116889190364432e-07
1720 1.3895708270470025e-10
1721 2.110714858632446e-06
1722 0.00029014716208557823
1723 2.5474427451124752e-09
1724 1.6765527433853894e-07
1725 0.09841861556130459
1726 0.009087909145659899
1727 0.1313888149684504
1728 7.905497883372072e-07
1729 0.00012851803954733664
1730 2.0994338146960543e-11
1731 3.826899131155483e-06
1732 1.9927664084039946e-10
1733 9.684046206285994e-07
1734 2.6204466092954857e-06
1735 0.0005882199054579097
1736 1.5147322415810619e-10
1737 0.0082873148194413
1738 1.2401992155187449e-11
1739 0.000604921579955619
1740 0.00042878693996616806
1741 1.5951590229467017e-13
1742 0.007072889019527691
1743 0.00012094994104125718
1744 2.3579384708846733e-06
1745 0.09226971916670876
1746 3.7824654689902296e-05
1747 2.2130769937891865e-13
1748 4.3036461090343955e-06
1749 2.1324688466980794e-11
1750 0.07882080565277405
1751 0.005878834723358793
1752 1.4116848437784427e-05
1753 2.2210250066067695e-05
1754 1.8330557656717664e-13
1755 0.12520334606644204
1756 0.00010902783677838207
1757 0.22883800932540982
1758 1.2531509056777988e-06
1759 5.051856317754083e-10
1760 0.008441010474645736
1761 0.00017301873499161755
1762 1.1101685600614414e-07
1763 0.37391868004043866
1764 0.15704695032291457
1765 0.33906357859459585
1766 9.398551752351428e-14
1767 3.923956212674868e-05
1768 0.0035120323522923927
1769 2.931531336570202e-15
1770 5.650100397631372e-19
1771 3.2114689569615365e-13
1772 0.08364496451977708
1773 9.777794738268816e-10
1774 8.207526046594932e-06
1775 0.18660835625939853
1776 1.0141623573079188e-06
1777 9.44755451512153e-11
1778 0.07504791644957015
1779 3.995141628377047e-08
1780 0.0007845669288292562
1781 0.0026915691214802672
1782 0.07636148384575929
1783 3.990024142199031e-14
1784 0.001956851279035467
1785 2.927956404553955e-09
1786 3.084918267462507e-08
1787 7.121444061892101e-10
1788 2.8172259643511875e-06
1789 0.11336488297369289
1790 0.0822847613100574
1791 0.08285199312771706
1792 4.9137635334168944e-11
1793 9.97560438992378e-12
1794 1.8228220247393499e-06
1795 0.20169995421117198
1796 0.06398489063621014
1797 5.747025915802566e-14
1798 1.3179808290033039e-08
1799 7.831512621811148e-10
1800 3.7914280306029164e-13
1801 9.476163810460756e-06
1802 0.21452094592756932
1803 1.1660411616534504e-13
1804 0.01607643275056645
1805 9.866844845708002e-14
1806 0.0032781233895345287
1807 5.6767181568725e-14
1808 1.1668903258446753e-08
1809 2.6834777908772826e-14
1810 1.0664301950851709e-17
1811 0.29434431909955877
1812 2.3545831907503455e-19
1813 0.0009653877608704945
1814 0.0003756311567465372
1815 0.20240121539574604
1816 0.0010885137831639514
1817 0.5320508915229759
1818 1.4263526075404764e-11
1819 2.1742618147235813e-09
1820 1.4040138476686611e-09
1821 0.13315499132112935
1822 0.1988095585052
1823 0.017958681960906744
1824 2.8608041915378838e-08
1825 0.5192803219118172
1826 7.775770144129201e-09
1827 0.38824751966722937
1828 8.192025050872513e-07
1829 0.001147277671312497
1830 2.043615186738481e-08
1831 3.4585009926395216e-14
1832 6.129424140899732e-05
1833 0.6406697611114204
1834 0.8122483264472303
1835 0.0011719782907330264
1836 1.6874960437471668e-10
1837 6.74487500289221e-24
1838 2.3780930043870262e-05
1839 4.352726126593731e-11
1840 1.8617133887947226e-05
1841 2.1064472082535887e-13
1842 0.0012545098992303048
1843 1.294950984285333e-05
1844 1.491742916318899e-11
1845 0.001034168917884533
1846 9.201250581771313e-14
1847 0.19015854392809706
1848 1.105545292538946e-07
1849 0.731672855277857
1850 0.8592253473027965
1851 1.8863550082557422e-10
1852 0.064134097068973
1853 7.975456504680936e-11
1854 0.11979937134109025
1855 1.010311122598086e-12
1856 4.1130124910969284e-10
1857 4.09286619532591e-07
1858 9.501752535853612e-11
1859 0.08687916669556137
1860 3.3495228492223775e-05
1861 8.679976549464644e-14
1862 1.794467337621216e-06
1863 0.07886175337188203
1864 1.3624363816450086e-06
1865 9.705760556043643e-07
1866 0.02990170167678594
1867 3.5763268132280204e-13
1868 1.4647224389126963e-12
1869 1.4311990620538152e-11
1870 4.9088323565767864e-11
1871 0.001828236912898232
1872 0.7768526218323065
1873 0.1185553529299115
1874 0.19125923711071857
1875 1.358915676866005e-10
1876 2.740748393628041e-05
1877 1.0191951170704472e-06
1878 0.7032048199417907
1879 8.702555973401343e-05
1880 0.12246992024298302
1881 1.1639311151582309e-10
1882 7.620438305056337e-10
1883 9.271725053065685e-12
1884 0.000872709356486914
1885 0.1655312454740233
1886 1.352839724376917e-07
1887 0.7646366386991879
1888 0.00043023325757936834
1889 0.00012195581540294262
1890 4.705535916435455e-06
1891 1.092941452512786e-10
1892 1.623673899722676e-07
1893 3.701042541345605e-05
1894 3.195915663602898e-10
1895 0.0006242917543413486
1896 0.04465866653634253
1897 0.00023543782668625275
1898 0.7477707564744314
1899 6.058737579153843e-11
1900 0.08396245689229385
1901 8.198603804579422e-12
1902 3.163050507315392e-11
1903 4.0116696255882376e-11
1904 4.850343058949185e-11
1905 7.016618019144203e-12
1906 2.442128082570617e-12
1907 0.010239004186166118
1908 0.0014643993362279109
1909 8.804512714832378e-12
1910 0.020853933810115625
1911 9.524056472965064e-11
1912 0.0006577692789543302
1913 3.925761819679022e-05
1914 0.00013255917497833768
1915 3.924682764750258e-11
1916 1.0060259133079317e-08
1917 0.44324944826538115
1918 3.3245096185821158e-12
1919 2.993903833517009e-14
1920 7.006477509722104e-07
1921 6.575952218606758e-05
1922 1.1589071310842362e-05
1923 0.1308232103297127
1924 0.6949887301429253
1925 1.7485860381873423e-10
1926 5.81602463551008e-09
1927 0.12904493656896387
1928 7.919341099199025e-11
1929 1.2017721520358999e-20
1930 1.2483092691183507e-06
1931 7.220450732109342e-05
1932 0.0015114666015025465
1933 2.811830471334912e-10
1934 4.2433557370417157e-10
1935 5.579609253261327e-14
1936 2.5117340197236995e-10
1937 1.805575484079616e-10
1938 0.023978094412652102
1939 2.8488421384550055e-05
1940 0.0016332848508534795
1941 0.0008122738982963471
1942 8.81228072977566e-05
1943 6.327203965618769e-13
1944 0.040304947559149235
1945 0.0005645122384081319
1946 0.13233459773433312
1947 0.00032993135544403027
1948 0.20606114698713765
1949 0.47498339393534295
1950 0.2616342401427882
1951 1.670462439010097e-05
1952 0.6870025363987922
1953 5.071309067335689e-14
1954 2.5268907417083197e-12
1955 6.111760762952248e-10
1956 0.1900123037124235
1957 3.048606640841077e-08
1958 0.013038680524343175
1959 2.8578764685711556e-15
1960 1.4714409085531703e-09
1961 0.8823018977672955
1962 9.824561470606935e-10
1963 6.313884294383143e-07
1964 1.428608252302958e-08
1965 1.0132164316395937e-09
1966 1.3262055546499598e-10
1967 0.584014662101597
1968 4.663151708704386e-07
1969 0.019986903238076167
1970 5.267849457700241e-05
1971 0.006601015015244834
1972 0.1348053244326254
1973 0.3923610077690745
1974 1.2512596166771536e-11
1975 7.62692425413569e-09
1976 1.4447329416433565e-05
1977 2.0708723492046335e-07
1978 0.001042079765783452
1979 5.521685479055326e-12
1980 2.5826652201312328e-11
1981 3.871273567820091e-09
1982 0.018444610879075028
1983 1.0764572386775892e-28
1984 5.808284544072413e-14
1985 0.09731662245945119
1986 0.08987578369700885
1987 2.728303654150966e-11
1988 0.06452191800672472
1989 3.938785872148815e-12
1990 0.017753722291898158
1991 9.137460418475485e-06
1992 1.3192046827763513e-11
1993 4.500783800265339e-05
1994 0.2179168543499489
1995 5.759727647191434e-06
1996 6.559575455917758e-08
1997 0.00809798960480035
1998 2.6773230623192463e-10
1999 4.190594138565564e-13
2000 3.999392977101369e-09
2001 0.014633911435869151
2002 5.915186347475969e-12
2003 0.011258859725023185
2004 0.1157234944936105
2005 0.11672327739202837
2006 1.059917231052206e-06
2007 2.579386316502925e-12
2008 5.915691926949257e-11
2009 2.8754576217146378e-05
2010 0.004279644949238045
2011 2.1920333056337775e-06
2012 1.8539881334370935e-11
2013 2.602937200647805e-10
2014 5.1538407523728324e-12
2015 2.832490108527716e-10
2016 1.788355831955004e-07
2017 4.035956651037801e-22
2018 5.300665780211599e-05
2019 0.14235020392564207
2020 5.670126329819935e-09
2021 0.005431869182769035
2022 0.0006217963860045665
2023 0.32536014684662234
2024 0.017512196038670293
2025 0.13318745309769606
2026 1.7922782101902092e-09
2027 0.43477568307837366
2028 1.0521297318994458e-07
2029 2.2376961082747606e-09
2030 2.973976999515487e-07
2031 8.390515216111265e-10
2032 3.0003747554103927e-09
2033 1.5297590440920514e-05
2034 0.005439894444099073
2035 1.6471800472447028e-10
2036 6.988860793966571e-09
2037 0.3163490867883205
2038 4.738209972186483e-09
2039 2.996000461647654e-08
2040 2.0565905889713026e-05
2041 3.960213634897109e-10
2042 2.0605969518747335e-08
2043 7.237270147426924e-06
2044 0.11386976323671112
2045 0.5526315345881199
2046 0.0034219498891963182
2047 2.213455281121318e-05
2048 0.2004028324696814
2049 2.116021052523833e-06
2050 1.611809133083349e-08
2051 2.0781805667837447e-14
2052 0.0009258846445020279
2053 1.383667223937147e-08
2054 0.16058947704812473
2055 0.003383130268752147
2056 1.9092254573511532e-07
2057 8.331533172633243e-13
2058 1.0152739296043881e-11
2059 1.748039392529962e-11
2060 7.321114115380134e-06
2061 2.2520321258556902e-10
2062 2.554856537906931e-12
2063 0.047091137391096945
2064 0.001956812015556315
2065 0.00016559514224860562
2066 0.6494071236758399
2067 8.461617826632052e-08
2068 8.294062639224335e-06
2069 6.39805358624651e-05
2070 0.0001279272131510791
2071 0.001053316655901189
2072 3.1121200616843027e-09
2073 1.26451881676098e-07
2074 4.800916096235621e-11
2075 0.00017629058973666224
2076 0.06668016470048281
2077 4.221954186869519e-06
2078 2.1590911773916082e-10
2079 2.9102698262101106e-11
2080 3.139376050285415e-11
2081 0.008539207725032956
2082 6.457136035928631e-11
2083 0.1666873700883165
2084 1.9980426180318296e-10
2085 9.40295131056716e-09
2086 1.3534321929675446e-05
2087 0.7087414384381372
2088 7.344628367166666e-05
2089 3.9404887831283064e-10
2090 0.10706224738229651
2091 0.12189374032862663
2092 8.807106633879147e-12
2093 9.604137368989905e-08
2094 4.860311611200967e-07
2095 3.90182727188103e-12
2096 5.0000106903068304e-08
2097 3.4511604571146666e-07
2098 1.9277398713887715e-08
2099 2.283413327023406e-06
2100 1.7338707606939986e-08
2101 0.003657080019264271
2102 0.0007961726112687507
2103 4.085951234916931e-11
2104 4.1993215413211137e-08
2105 1.124987797932911e-08
2106 0.003933668735515527
2107 0.14475814610690524
2108 0.007985838231706451
2109 0.18239023772172694
2110 8.246488518851198e-07
2111 0.015125221857741181
2112 5.630737339171669e-26
2113 0.1702666439917563
2114 0.28337792530040395
2115 0.16149338340523095
2116 1.5188319587559725e-06
2117 0.7178343538904276
2118 2.9911507972025554e-11
2119 7.982931895145086e-10
2120 1.7580127686087046e-06
2121 1.9336323022584593e-07
2122 1.2686382156898582e-06
2123 6.163073321826925e-06
2124 1.8748555428703904e-11
2125 0.08776407920717073
2126 0.0025613302441999295
2127 0.0003199095783255627
2128 0.107003152567513
2129 0.24805627584444978
2130 0.5782474803809303
2131 3.890365646460068e-07
2132 0.02636600984209087
2133 1.2137978529333032e-07
2134 0.591041943722711
2135 3.249752213999888e-14
2136 2.752569273205765e-05
2137 1.5581152205651382e-08
2138 2.081046324690804e-05
2139 0.5002398888609367
2140 0.11161516132470954
2141 1.9010933786940635e-07
2142 2.0003605665611307e-05
2143 2.231247880905028e-07
2144 4.751862642955298e-05
2145 8.653481451244198e-10
2146 1.8253306448849472e-08
2147 2.1624283151980956e-34
2148 1.0756501393242075e-10
2149 7.075827467977165e-05
2150 2.532482537995071e-10
2151 7.378931607235707e-05
2152 0.002298285711116814
2153 3.191451908144628e-05
2154 0.1292038855120952
2155 6.482189338168001e-08
2156 8.100921286236516e-09
2157 0.12621903560776473
2158 0.671833007746609
2159 1.5359805004010038e-06
2160 1.4191433398751757e-12
2161 0.003157372881444914
2162 7.031542763610788e-12
2163 1.3757399208952292e-11
2164 8.109083354129561e-08
2165 2.564323718697229e-06
2166 1.7156974483457138e-09
2167 0.0011297002826077711
2168 0.04170200759016717
2169 0.04301217056685037
2170 3.3970580463214597e-06
2171 3.528761492129323e-10
2172 0.14269845362508551
2173 3.755373888141194e-05
2174 0.00015402936740043784
2175 0.249607771425216
2176 0.14910850078812132
2177 1.1227885249528732e-05
2178 7.634343611384782e-09
2179 0.00019979827211639376
2180 6.976213747910075e-05
2181 0.6487745731866593
2182 0.14565152446967186
2183 7.342110705124063e-07
2184 6.511007300825545e-11
2185 4.73375574642153e-12
2186 1.964638997651928e-07
2187 0.00016204976277692034
2188 4.424253477300732e-06
2189 0.2213207872187147
2190 0.9364558884315317
2191 2.9031318460827598e-05
2192 6.792923683856132e-07
2193 0.29898378811088
2194 5.670215183932634e-06
2195 1.375960755403621e-13
2196 1.6355645813541572e-06
2197 6.480350792597231e-10
2198 1.6339268178139054e-10
2199 4.460043978662844e-07
2200 5.626656476630522e-12
2201 0.00010907692927671992
2202 0.9158126211084755
2203 0.0003829406809953727
2204 0.0008673814799812793
2205 0.0010329118838182296
2206 4.728590723620482e-09
2207 5.6077582432420616e-08
2208 9.491542748437533e-07
2209 1.2908540441053277e-11
2210 0.6241253798091576
2211 3.528503758186834e-06
2212 2.2915447680795655e-08
2213 1.665058796046253e-06
2214 5.905181801516821e-07
2215 0.7037182829108896
2216 0.5807245224478353
2217 1.2083789669425352e-09
2218 3.0226543459497226e-17
2219 6.869381256417136e-07
2220 2.7365037115633593e-11
2221 8.1553311511696e-05
2222 0.9353694622260207
2223 9.235886777528819e-11
2224 0.7850205348721645
2225 0.00018554988944458149
2226 0.00029717352272734456
2227 8.279542810680566e-17
2228 6.095756124844723e-06
2229 0.1200801471155925
2230 4.9338105097507236e-05
2231 0.012179696321398177
2232 0.27279431462164094
2233 0.0005012204133922902
2234 1.89123232043297e-06
2235 0.09439312033994374
2236 5.947913820379854e-11
2237 5.268926174736409e-27
2238 0.565410070334817
2239 4.0150656248286595e-08
2240 0.8544186855397015
2241 0.0002262066181723773
2242 1.1923293289793272e-05
2243 0.8063038835883197
2244 0.0007557543813477764
2245 0.0018034972248032054
2246 0.09250705432534287
2247 9.659220390353427e-12
2248 3.032608147185672e-10
2249 0.00018824590149876883
2250 0.12096916432069635
2251 1.4208016696300242e-08
2252 8.697485720303765e-05
2253 6.010500151451509e-09
2254 0.0014226754323561374
2255 0.023719789802264815
2256 0.4371840130441859
2257 6.928394991419818e-13
2258 0.0007884295513784827
2259 1.605673851068114e-19
2260 0.1501943852218052
2261 0.0005856197602624393
2262 2.0270583035502962e-06
2263 0.5816447939880178
2264 4.635991903314607e-08
2265 3.774543317980571e-07
2266 1.0157971874932274e-07
2267 0.16525406251294703
2268 0.09175589471052578
2269 0.0005340741251459622
2270 0.0012710214464721895
2271 2.412847896470022e-07
2272 5.41172141341879e-05
2273 5.368516658579045e-07
2274 0.45303863678915623
2275 1.491805104050582e-08
2276 1.6296914162850025e-06
2277 0.0005188892514780846
2278 1.8163166850386213e-10
2279 3.993319330880191e-06
2280 0.1978704603667392
2281 7.31981656767826e-08
2282 2.2337561817880768e-11
2283 4.0914267092330007e-08
2284 0.0070420689907026044
2285 1.4646264506846911e-05
2286 0.4268490905290686
2287 0.00041089033112683506
2288 1.618737792011751e-11
2289 7.667852037848216e-11
2290 0.004051749768419519
2291 1.119413610996437e-06
2292 0.00017873448224987626
2293 0.24307233952523716
2294 5.274608502033411e-12
2295 0.006592507399862461
2296 2.872401208908421e-08
2297 3.361485391501625e-07
2298 0.003910396553131794
2299 5.960545388748462e-07
2300 1.1414884122833026e-05
2301 0.03473951652384171
2302 1.8958652658052386e-12
2303 4.879712971487218e-06
2304 0.11553632773123053
2305 0.22084248424696315
2306 2.5269409470664846e-13
2307 0.0015233502765104234
2308 0.4627906390786909
2309 0.07271018941452975
2310 0.46126632993836625
2311 2.18515700376245e-06
2312 5.5660782005714096e-11
2313 0.008379206977268398
2314 0.0031891468474316248
2315 0.012330725152856988
2316 0.16020105895623202
2317 9.216959903531053e-08
2318 9.861930763855152e-06
2319 3.9644015173030437e-05
2320 3.232969519854244e-08
2321 3.318411940703813e-11
2322 9.740138744014017e-09
2323 1.7348809007138562e-09
2324 0.06533392967430215
2325 3.5953708426918335e-11
2326 2.3787852935560823e-09
2327 0.003771829964377045
2328 9.419349594119175e-12
2329 0.0004969510246309806
2330 0.0005232517332620266
2331 1.7427161856760733e-08
2332 0.013162712994696821
2333 1.4115431734549475e-12
2334 2.4864446321354116e-07
2335 0.010837672389498747
2336 0.0007850916093395573
2337 2.7085458834143775e-07
2338 1.763980594534448e-05
2339 0.13567282106163556
2340 5.198296627852939e-10
2341 9.512050624117753e-15
2342 4.0969314555145687e-07
2343 1.485084498675874e-06
2344 3.1601752781526843e-11
2345 0.00010176857293937646
2346 1.788159624505912e-05
2347 4.7580190821856075e-11
2348 1.5154321177194618e-05
2349 7.096388362212362e-11
2350 2.4454124087383626e-12
2351 1.831412217758469e-21
2352 3.477633984504918e-11
2353 8.169252494835222e-08
2354 0.00014907619535317875
2355 1.161454502249044e-06
2356 0.889147188435749
2357 1.1733473535594308e-11
2358 1.271634101213504e-07
2359 0.7710259774640659
2360 0.003030367012192986
2361 4.679552538800898e-08
2362 2.681766407670969e-15
2363 7.754334394574731e-12
2364 0.1738023599933712
2365 8.10671983075992e-07
2366 0.00025828499420414214
2367 0.00033456446016056463
2368 0.04269984548593522
2369 1.4176626654235374e-09
2370 5.682994677494733e-11
2371 2.2503235395685618e-07
2372 3.937526442309084e-11
2373 3.38532625667517e-05
2374 0.0031804413849705992
2375 3.557477481919287e-08
2376 1.4204285500159146e-11
2377 4.549647093078404e-07
2378 8.758728894087714e-05
2379 0.00022265275187584717
2380 0.00025503080262299574
2381 0.0006825521301525205
2382 0.00019235680223017717
2383 1.5631744480411022e-13
2384 1.5108021947277039e-09
2385 1.1205283148363503e-12
2386 1.3173048309498585e-09
2387 2.758567248924095e-05
2388 2.9543573566103465e-05
2389 1.5153310955293184e-07
2390 0.0002588421321619326
2391 2.795553687659572e-05
2392 0.11893510904856969
2393 5.439864336253761e-11
2394 1.2408490672706835e-05
2395 5.767353735428265e-12
2396 9.485105059067311e-06
2397 0.009492401809461018
2398 6.023911855445105e-07
2399 4.0921557821195503e-16
2400 0.00011235886204915379
2401 1.3499345314115093e-11
2402 0.000868443943625582
2403 2.359041011301072e-11
2404 0.025427425459260484
2405 5.4362233090686834e-08
2406 0.31253596509612486
2407 3.1208663157125886e-07
2408 0.391536111432585
2409 0.00025971771392463655
2410 2.1354277732267766e-05
2411 0.005703938107602341
2412 0.41414028681264675
2413 4.056120757148274e-11
2414 0.002677863662087697
2415 0.0006836181877431436
2416 0.002191731656856307
2417 7.486452986480506e-07
2418 0.00014184423131163344
2419 2.5047391582560138e-11
2420 0.09445476751617236
2421 4.4662299948010755e-11
2422 3.6865511266108605e-05
2423 1.4770709856074042e-05
2424 0.5016124939646308
2425 0.5909559031252063
2426 2.4842395958529576e-10
2427 2.6822274373367357e-08
2428 0.005610089198756546
2429 4.4359621047013245e-16
2430 1.4130405001404184e-05
2431 1.5898742656187728e-14
2432 0.0007666822559902874
2433 2.402310540013358e-15
2434 0.5695713412477631
2435 8.481290183166295e-27
2436 3.485711418454251e-11
2437 2.3281932439245554e-07
2438 7.071526654705215e-07
2439 4.3733631674839256e-05
2440 0.0013561967824935984
2441 6.3465264443417904e-06
2442 1.8840837425229e-10
2443 4.037194695592954e-27
2444 1.1809018717004812e-13
2445 9.29327026454288e-05
2446 0.05376065830807575
2447 0.013826414597606154
2448 0.5954467056683702
2449 6.934006502703002e-10
2450 3.249468332266198e-11
2451 0.5800988631171434
2452 0.6616525347437751
2453 1.084033856974308e-16
2454 1.483552862353604e-06
2455 0.0008359406312560653
2456 1.014178897737417e-06
2457 2.2948652734829423e-07
2458 2.058399157392065e-15
2459 7.519389403174961e-07
2460 3.478859004130184e-11
2461 0.015379028869172381
2462 2.844101640030506e-05
2463 8.483555507556182e-12
2464 6.9289442004014784e-12
2465 0.0072401320114241635
2466 5.382393257007777e-19
2467 3.8045916456250723e-16
2468 8.25392340275179e-05
2469 0.0015499207443184688
2470 7.907007983255965e-07
2471 2.5283599216914665e-13
2472 4.443811477572607e-05
2473 0.0010707744610855185
2474 5.8664094429657615e-05
2475 7.988492244053319e-20
2476 3.930325942946365e-10
2477 1.8556616118994849e-06
2478 0.0003465302818727594
2479 5.9944083339927645e-05
2480 0.0005675874086749764
2481 4.3929908213209645e-16
2482 1.1384664597244253e-11
2483 0.0007631928603833582
2484 2.3289724099081783e-16
2485 2.7562852427597216e-29
2486 0.5213761294906062
2487 2.204245959287382e-11
2488 1.8952421870036772e-08
2489 0.0010995068813027026
2490 0.011628499707701124
2491 3.88914726294567e-11
2492 9.880423944067188e-05
2493 3.0737363137314837e-07
2494 8.639764860587822e-08
2495 0.6328491303899757
2496 2.0229079216162252e-07
2497 0.5459823523424161
2498 0.00011255508342388059
2499 1.8090878307185958e-05
2500 3.5240073393907016e-12
2501 5.802212367817874e-13
2502 0.0003043120577690871
2503 9.033308970416203e-20
2504 2.0889514435372746e-12
2505 3.462115684268106e-16
2506 6.136950034306169e-16
2507 2.3311224247254227e-19
2508 4.996078484674745e-16
2509 0.0005143534740839541
2510 5.173613817031986e-10
2511 0.00012720583056152136
2512 9.022201749988867e-19
2513 4.550931984158735e-26
2514 3.356207250023857e-12
2515 2.6079312478958898e-14
2516 0.0004858800699589613
2517 7.481281407659945e-09
2518 3.58705773713771e-05
2519 3.7935582134740887e-16
2520 7.581247288501516e-09
2521 2.668252058952853e-16
2522 0.14041422312273794
2523 1.0767479879601607e-06
2524 1.6102769336770886e-06
2525 2.6220974785446004e-15
2526 7.828225200727748e-12
2527 7.931294011171642e-12
2528 0.0013342395052300423
2529 1.4394463340211895e-16
2530 8.865508915548945e-11
2531 5.536469498513697e-13
2532 0.00013948471172857768
2533 4.463303757715161e-07
2534 1.445637625300102e-30
2535 1.083141894442691e-10
2536 0.0004188513941334734
2537 1.1987078113153752e-09
2538 7.895497279762926e-05
2539 0.00045389855755353936
2540 3.849838097605162e-07
2541 0.006109139673581975
2542 1.07369402359412e-05
2543 5.341519434122328e-05
2544 0.7293430344115295
2545 5.416419092707422e-07
2546 3.896070080744157e-09
2547 2.517214961843836e-06
2548 2.5357384333419433e-09
2549 0.0026998888239667456
2550 0.010011821308627808
2551 0.0003794390402286474
2552 3.855480912378404e-12
2553 0.000576701016201866
2554 1.593928354973003e-09
2555 8.210574905836282e-10
2556 3.100107908497565e-19
2557 4.513043116398658e-05
2558 1.2675520493693676e-11
2559 1.0824843133512162e-12
2560 1.094467583746214e-11
2561 1.5206971854106592e-14
2562 2.527080393045681e-05
2563 1.9126620488694648e-05
2564 0.0007930623135935117
2565 2.6263744724658512e-28
2566 9.344616690537834e-20
2567 0.014780169091134068
2568 1.284201672402658e-19
2569 1.993939061345757e-05
2570 0.31431045323202356
2571 4.367256437309439e-08
2572 0.0031295124475509304
2573 0.00322195900850403
2574 8.998232902230968e-12
2575 1.5192436954907793e-10
2576 6.872473855267181e-07
2577 0.000868033113515757
2578 1.387456235928523e-10
2579 0.0022597200434675844
2580 1.3217559527539616e-05
2581 1.7818852117850278e-05
2582 0.00232362000084001
2583 0.010965340814487433
2584 0.003639009586433798
2585 3.3596464448232934e-12
2586 1.4084276608577385e-07
2587 1.7919975801069376e-06
2588 9.870855386710632e-15
2589 0.0002131646646835074
2590 2.0124026161929402e-20
2591 2.1727522299050364e-05
2592 4.003383064851024e-07
2593 0.8350535556842452
2594 7.095723126076337e-05
2595 0.9095771629435019
2596 0.00687280035156844
2597 4.610999373111136e-06
2598 3.683978469197822e-06
2599 0.0005023297157899902
2600 8.128740407823828e-11
2601 0.00032005478183728595
2602 2.5725156366803834e-06
2603 0.00015230003845036295
2604 1.426241541341774e-14
2605 1.884741369522039e-15
2606 3.059190734626777e-06
2607 6.4249519805711875e-06
2608 6.917476725893609e-12
2609 0.0008117792643798633
2610 1.5697858997366065e-17
2611 0.006654135213210875
2612 2.2905718163146902e-34
2613 2.717491258514799e-07
2614 4.885390695994944e-11
2615 1.0079036829640205e-12
2616 0.0068116308383773735
2617 0.00019399242600651753
2618 0.008531646392876378
2619 2.7093070451157877e-17
2620 1.3029223511614193e-23
2621 8.007601255250249e-30
2622 0.002614960820606385
2623 1.2595319643990389e-15
2624 0.00011633868079974406
2625 2.647328455772273e-10
2626 0.8282860343521508
2627 0.0009024398844302133
2628 1.0038943601256029e-15
2629 0.7865783690922865
2630 2.055734099403687e-09
2631 0.0002955691936153304
2632 5.2736253236235186e-20
2633 0.001451180404691993
2634 0.009492580199213495
2635 6.673797717054538e-07
2636 2.3691181116975566e-18
2637 0.807477053005512
2638 1.1532786269245734e-05
2639 3.781607718794045e-20
2640 0.8285079556479406
2641 4.7538633730102293e-07
2642 5.099352807334425e-09
2643 8.965513669159962e-06
2644 1.6817100373003814e-18
2645 9.86063920707233e-10
2646 0.00013995296321392053
2647 0.9128385773775742
2648 2.103724631815477e-33
2649 9.382795611788292e-06
2650 2.3091511297485487e-26
2651 1.539239142867018e-05
2652 0.053244367492856354
2653 0.000661674031116992
2654 1.3437937064148805e-06
2655 4.848850982633184e-10
2656 0.0035120470239102435
2657 9.032107229716667e-07
2658 5.1762128074587764e-09
2659 3.4482973816833446e-05
2660 0.6807659350112979
2661 0.005051054708139681
2662 0.7009649658641837
2663 6.029461803484912e-08
2664 3.3322779334021064e-17
2665 2.854108624369903e-08
2666 0.7749684489289774
2667 3.188085791901795e-38
2668 0.0016288060750463541
2669 0.010875065805216131
2670 3.7115286482381905e-07
2671 0.003715489114778461
2672 1.0540449036593749e-07
2673 0.6269193551310878
2674 0.0002942617760634279
2675 0.9139620908123638
2676 0.0026552994960873312
2677 7.572965696254367e-05
2678 0.0073161854018049515
2679 0.0011400179286848468
2680 0.4701025175327702
2681 0.7851194494776699
2682 5.200195606088286e-05
2683 0.9005392637052194
2684 3.449819390911758e-33
2685 1.3376217411147655e-05
2686 3.0007721552772564e-12
2687 4.409986384501571e-14
2688 1.4105269716974505e-13
2689 2.540865569794893e-07
2690 8.369524614339501e-10
2691 0.422344936408596
2692 0.0013475308470529605
2693 0.4386896653782937
2694 1.500225474329757e-13
2695 0.0006228445277970422
2696 0.8232954303755625
2697 0.3054162644214021
2698 0.002271257286014276
2699 4.130693418226365e-05
2700 1.1953221177845844e-09
2701 0.00037769855107099606
2702 1.7335022054857275e-05
2703 0.004419023377767148
2704 2.5157556077969506e-05
2705 5.3028862595350256e-11
2706 3.8110244446667496e-18
2707 4.833157798894427e-18
2708 0.0018179624530875527
2709 0.874576258160433
2710 0.0004136212104184405
2711 4.539333709270951e-05
2712 0.0007629488296162732
2713 0.18283288270815207
2714 0.00022231699582398107
2715 8.337313877835269e-10
2716 1.963111901226849e-15
2717 4.795211123470467e-10
2718 0.00048581938154522957
2719 1.5633685668982352e-13
2720 1.0581883831789319e-09
2721 1.79604215221989e-06
2722 5.383254523955178e-10
2723 0.5233751723918533
2724 7.97631636449537e-10
2725 4.889268803866079e-09
2726 6.785079107169801e-05
2727 2.738040775787293e-05
2728 8.624034949093012e-09
2729 1.7881447429367966e-09
2730 7.881258033285185e-06
2731 0.8896759591976173
2732 5.831973732068909e-08
2733 0.006033944975122732
2734 4.9499111912370224e-17
2735 3.187705772197977e-09
2736 0.0014679245078503653
2737 0.00034281164724437414
2738 0.043405170315610815
2739 8.650635773396252e-12
2740 6.498132556704782e-15
2741 0.005914558564097537
2742 1.8143996623822152e-09
2743 5.229871626685508e-10
2744 3.759420049298788e-05
2745 9.758776100640704e-06
2746 6.7319329912684025e-06
2747 3.92710492892063e-08
2748 0.6799363622549082
2749 0.8453100741918973
2750 5.84860468726706e-19
2751 0.8288294596458545
2752 5.921965095087375e-14
2753 1.2789524063504026e-07
2754 0.00027375497139330566
2755 0.006418125857828986
2756 0.0006490675206012867
2757 3.1198570301404946e-06
2758 9.671686475649594e-07
2759 0.12572512352657497
2760 5.291397860411493e-12
2761 0.00035516122401195763
2762 0.06519778625324416
2763 1.1018644828612855e-11
2764 2.9180991441019775e-09
2765 0.3312566776637649
2766 0.8183780064375688
2767 6.841523769556605e-07
2768 0.002527878658422735
2769 3.031793779509631e-05
2770 0.0006542101078141229
2771 9.904919234562036e-13
2772 9.168864194359115e-08
2773 1.3335485729808805e-05
2774 1.3416570872108406e-13
2775 6.994975025196159e-07
2776 0.027133294614322703
2777 0.019363793204955623
2778 0.04290173597967328
2779 3.7909829532665614e-06
2780 0.013070839550016497
2781 2.9777381740376637e-10
2782 0.2921104528844108
2783 0.03498773392477783
2784 0.009616635414950973
2785 2.3495617279461284e-05
2786 0.04815015840262694
2787 0.9259951792253496
2788 0.008029810475273043
2789 0.047855558301828804
2790 1.2277299151299034e-12
2791 0.9025142897374023
2792 0.050165008784910196
2793 6.075714722076653e-06
2794 9.782949081969424e-08
2795 0.004651900659552276
2796 0.001463437914931294
2797 0.0002792717484128483
2798 0.0013858635264165243
2799 0.021994998833385945
2800 0.00036475394717719805
2801 1.124050059626874e-05
2802 4.984256660916992e-09
2803 0.000447930755130041
2804 1.6328575702437034e-07
2805 2.3664434627560357e-08
2806 0.0007333140884466176
2807 0.019393189115897602
2808 1.0201455460660773e-06
2809 0.8175368756067576
2810 0.027333409984278665
2811 0.18692423699255073
2812 6.25703532928798e-14
2813 1.6670439785462487e-06
2814 6.121715351574349e-10
2815 1.8594447098197392e-12
2816 2.1785159449802818e-07
2817 2.590476893334649e-06
2818 2.5143191917024898e-08
2819 6.515482882457521e-10
2820 8.992948067167137e-06
2821 1.2212888832392616e-12
2822 1.6113285289227076e-09
2823 0.21146499862517912
2824 0.00012256637108597605
2825 5.52093955358641e-10
2826 0.034474918610948396
2827 0.013151186574330705
2828 4.849558245678496e-13
2829 0.0498304533324841
2830 0.09096305958128799
2831 0.08412872628077157
2832 0.0666849026655717
2833 5.1858106924333565e-08
2834 0.02222815659715271
2835 7.4848906468539e-12
2836 0.09841466534540144
2837 1.2459915141836156e-10
2838 6.080323620200452e-08
2839 0.10646790607920942
2840 0.0002871814178935093
2841 0.10663931699389609
2842 0.2888123581311052
2843 0.16242784607003055
2844 0.09977139038544879
2845 6.897874433195695e-11
2846 5.2344603104086213e-14
2847 0.00012624949669474888
2848 5.0758240383107755e-08
2849 1.1461006122908953e-08
2850 0.00010971295480244298
2851 0.00012893148446397785
2852 1.1158160260276861e-13
2853 1.3552321971002005e-08
2854 7.946432331544658e-09
2855 0.0003058381694958433
2856 0.08620358968129611
2857 1.373861662073911e-19
2858 0.03716544666257618
2859 0.005376700382902422
2860 0.0003355191070716737
2861 2.375568687093639e-05
2862 1.7318635014424128e-12
2863 0.050498906381240244
2864 0.00010233301189217448
2865 7.390508985221394e-13
2866 0.07626084921347893
2867 2.1424966555363356e-11
2868 2.163657446234852e-07
2869 0.005623780835901238
2870 6.787545353430848e-12
2871 2.3492252616440646e-05
2872 0.0346802230392979
2873 1.746155807103562e-07
2874 2.8751575437949825e-13
2875 0.0002804540556499423
2876 2.0643137780066807e-05
2877 9.04199723110548e-09
2878 1.2922704542123541e-07
2879 1.2091624525997899e-14
2880 0.012363666367805184
2881 0.0001434100832766827
2882 3.675936070620297e-06
2883 2.9091887119819626e-09
2884 0.0002754091799505866
2885 7.308467760428246e-12
2886 4.767010775059235e-05
2887 1.0970133007272119e-15
2888 4.385179521519463e-09
2889 9.906283134304463e-11
2890 0.7147789653125949
2891 2.9007748615635818e-08
2892 5.0336092425920996e-06
2893 1.0307574048919088e-12
2894 2.504253752296994e-07
2895 2.8328431831253568e-09
2896 5.6098079574304226e-08
2897 0.2573205558065875
2898 2.440241249039116e-09
2899 0.14998164294601124
2900 1.6431857577520923e-06
2901 1.9506403210516386e-10
2902 1.6206907939527153e-06
2903 0.1515913563421452
2904 1.75158216325516e-13
2905 7.98487722547431e-05
2906 2.938129796974351e-08
2907 3.322914542976241e-09
2908 0.0702522568947116
2909 0.6877296450049312
2910 0.00020377394657158454
2911 0.5689764750107348
2912 0.00020720940180960837
2913 0.0005247700914034483
2914 0.09356487693034686
2915 5.911109062906043e-15
2916 1.5116739993570757e-08
2917 5.2164661371741716e-09
2918 0.5339508695277695
2919 4.854754278687048e-06
2920 1.2421679750926232e-05
2921 6.4558654195147935e-15
2922 4.659521598014276e-08
2923 0.11719739405116929
2924 2.3630414442387253e-08
2925 0.00021039162391694202
2926 0.015774650217701077
2927 0.049720993901958374
2928 1.3780728041188681e-08
2929 7.389486355530854e-13
2930 0.05212212184475766
2931 0.017586248203635677
2932 0.00790526202683867
2933 0.09448120198583147
2934 0.0650761850589047
2935 0.11787830552404897
2936 0.029672524010444547
2937 0.021252701046750463
2938 2.528780270361699e-08
2939 0.08588871718563634
2940 3.9534084821664736e-07
2941 0.13046427875314004
2942 0.20677313522722995
2943 0.0375263955978504
2944 0.002633098860845475
2945 0.42110413102014255
2946 0.13151044225669647
2947 2.9500620006442225e-06
2948 0.035128524823154
2949 0.05848143023071777
2950 9.723440121893411e-14
2951 9.316844173783198e-24
2952 0.24872363574445125
2953 0.04266023357117663
2954 6.097223334485896e-09
2955 3.461547866779262e-11
2956 9.637289676478981e-13
2957 1.110839859035812e-07
2958 1.2452319316735113e-08
2959 1.5812011762237318e-10
2960 0.10752178815764594
2961 0.09827994383923742
2962 0.00013360169621251042
2963 0.07520467899324366
2964 0.02583452597739638
2965 4.986721692849723e-09
2966 0.017852784324635246
2967 0.06876987837588913
2968 1.0315638846863747e-08
2969 6.795194607726868e-07
2970 4.146360608094309e-08
2971 6.350762642952867e-08
2972 1.4901567648369024e-09
2973 5.4370058832215094e-08
2974 0.03531494198432744
2975 2.177120810880553e-09
2976 1.66880501677091e-14
2977 0.09181686514150549
2978 6.348179705173283e-07
2979 0.02115403822558817
2980 9.627453318183824e-13
2981 2.1732839522365694e-10
2982 0.02178292504864108
2983 1.1217798286632464e-10
2984 4.063373297645568e-09
2985 2.4424903199930852e-08
2986 0.15866404914667484
2987 7.340483176949619e-06
2988 0.032618157851399605
2989 1.4391703929664098e-06
2990 1.6455395466456282e-05
2991 0.10595452137123584
2992 0.07927620413202545
2993 8.090205062553819e-05
2994 5.344198755530604e-12
2995 7.839122424998004e-05
2996 1.1366644478548739e-06
2997 9.809197077054107e-14
2998 0.0008104414084755967
2999 0.07015576415960643
3000 3.118968558501427e-28
3001 5.248223207959572e-07
3002 0.0017396314546576756
3003 0.02845594248367603
3004 0.00015644252016609357
3005 0.0010429754956109319
3006 1.7507560932325761e-07
3007 0.00015267410995318035
3008 9.656679677560896e-19
3009 1.9319254042848595e-08
3010 2.249628441414312e-06
3011 7.56760034759444e-11
3012 3.84584025842336e-06
3013 0.01541710646627244
3014 1.839661050140267e-06
3015 1.6045489993301642e-07
3016 1.4329980631142543e-06
3017 9.309895838805698e-09
3018 0.3732343396496988
3019 7.49172358417447e-09
3020 7.965612950961018e-10
3021 1.9198837300511782e-06
3022 1.5238656692220266e-07
3023 5.9196610531750964e-08
3024 0.24708474178786574
3025 1.072033280662968e-08
3026 0.28634338387397673
3027 0.2525475839158883
3028 0.2018373300087482
3029 0.3484730157884147
3030 1.9437254929598593e-32
3031 8.901803895310297e-09
3032 0.20707785344788135
3033 0.1722879516305166
3034 0.34182315749034875
3035 2.0025894004035814e-09
3036 0.2223985592803661
3037 7.635286304967319e-06
3038 0.2880898745271042
3039 0.14897760887291847
3040 3.47883599985804e-11
3041 0.32970000819931894
3042 5.187373919387849e-07
3043 0.16714701638256504
3044 0.26597300935679896
3045 0.0023817037554475975
3046 0.16856730926320007
3047 0.16072846030549712
3048 1.91464023186377e-09
3049 5.477906817713086e-23
3050 7.775350193592705e-15
3051 3.017413075943938e-13
3052 1.057316585241512e-11
3053 2.7350730354101665e-31
3054 0.1377249681345729
3055 3.6812583457489645e-08
3056 0.2994966404049251
3057 2.36668309492396e-21
3058 0.19291688392388429
3059 4.979301959564137e-07
3060 0.39505879608080025
3061 1.9770924842821887e-07
3062 2.324102366169289e-05
3063 3.4356453366538984e-12
3064 1.4259478257567672e-07
3065 0.004328258618315235
3066 2.903449542003234e-08
3067 2.0352996493361556e-11
3068 1.0191085464874357e-08
3069 1.2084542952206801e-08
3070 7.030050894742584e-09
3071 6.436612210558879e-10
3072 2.5274454162218164e-09
3073 8.412666591823026e-10
3074 7.08383094055669e-10
3075 0.0053762602447425195
3076 1.778213075059954e-05
3077 6.23715509627978e-06
3078 9.552843870374362e-33
3079 5.964232954072535e-12
3080 1.7849895512814504e-27
3081 0.0008254308981973215
3082 2.1650969580832865e-07
3083 1.4322315927339574e-07
3084 3.314650891369723e-11
3085 1.4821579636141308e-12
3086 8.401402780338628e-14
3087 1.2538954834793828e-12
3088 3.2528569837992346e-13
3089 3.5485865895240173e-13
3090 1.3302484326765389e-08
3091 5.2559812962681485e-17
3092 0.05453514311088267
3093 1.807927282855893e-15
3094 3.726699306665398e-15
3095 6.16370516368766e-20
3096 3.1303413387029977e-09
3097 0.005679725255156815
3098 4.2089156055572694e-13
3099 9.534719850260993e-05
3100 0.00015984219675816149
3101 3.04745112359491e-09
3102 2.3920925038551143e-18
3103 4.128427528837703e-17
3104 4.3766196939273915e-11
3105 1.1166002760598217e-32
3106 2.845477967745905e-13
3107 3.0868941144478172e-12
3108 0.00014906618524641535
3109 0.0007799486614494459
3110 1.0595934902354542e-20
3111 3.0953951061351436e-12
3112 0.2243220713685398
3113 0.2896284904746387
3114 0.31003427463537675
3115 6.119608128530309e-25
3116 1.4496422117012435e-25
3117 1.4541031879736398e-05
3118 5.845872490268629e-06
3119 5.0444226813673454e-05
3120 0.11518763332725458
3121 2.965089750690335e-05
3122 0.4121987371934786
3123 2.974353603078355e-11
3124 3.2031510947817518e-09
3125 0.11952365398506312
3126 2.409833524893148e-20
3127 0.38053770550242966
3128 0.002054691573053619
3129 0.08745416294292528
3130 1.0020938775262292e-22
3131 5.43997202334065e-07
3132 1.1674781199487141e-06
3133 0.0002675438585356653
3134 7.178526864166666e-09
3135 4.109802882209375e-05
3136 4.115147426934154e-12
3137 0.00039770088929197677
3138 4.245011224462711e-10
3139 1.5539852082782364e-10
3140 6.591447398129135e-22
3141 2.7683266788748575e-09
3142 0.008130405550728106
3143 2.150618969639606e-09
3144 0.002945213371179044
3145 4.021724526388535e-06
3146 2.1349057121880676e-15
3147 5.8560090253286514e-08
3148 9.117151960950398e-14
3149 2.690383126743091e-13
3150 3.1399425066968367e-13
3151 3.384813143854016e-15
3152 8.089964377054602e-24
3153 0.00227582562011111
3154 4.412426022412479e-31
3155 3.348927983717989e-47
3156 1.1243589278773726e-06
3157 6.527807129906969e-13
3158 0.000345518716822225
3159 0.0002822275163973073
3160 0.00043124404122564595
3161 1.0461421006019666e-11
3162 5.174881158782871e-07
3163 4.132194476713033e-13
3164 2.350163782895856e-27
3165 1.119260396763912e-11
3166 1.1503095891832591e-14
3167 2.670540927016498e-07
3168 7.795610689691659e-06
3169 1.833546717818173e-13
3170 2.2669172805302903e-14
3171 0.0011934026195525383
3172 2.1056295808095457e-22
3173 1.3422300504109489e-12
3174 3.526339897683575e-14
3175 6.176734511832567e-12
3176 1.5745494530605813e-05
3177 6.94496725423212e-08
3178 2.152103109257745e-12
3179 1.0138666745168905e-14
3180 0.040216813482011816
3181 3.724274623601107e-06
3182 4.03893151482128e-06
3183 5.2667162626320636e-09
3184 0.0008375046692806177
3185 5.306402847857242e-18
3186 3.204161090179052e-31
3187 8.315093011660775e-16
3188 4.2897827587178304e-12
3189 7.563301998561237e-13
3190 3.7517660323615134e-24
3191 5.760210255340357e-16
3192 6.834065535758499e-16
3193 0.008102765855245931
3194 0.0032765957877955378
3195 0.005275531150180124
3196 4.14758155043335e-15
3197 1.5812844928948544e-06
3198 2.5075046835667323e-13
3199 4.2872161563610425e-21
3200 1.2142475393461354e-17
3201 6.830951219391032e-25
3202 0.010750702848085084
3203 2.1674957662854346e-14
3204 8.286411935812263e-10
3205 3.6425338595601294e-09
3206 4.96356199066737e-05
3207 9.93825569428034e-05
3208 2.525045073008319e-21
3209 5.412913493532105e-17
3210 4.762672859346727e-22
3211 1.1042009291093584e-05
3212 2.4267788197735956e-13
3213 0.013034330423240417
3214 7.125331181832852e-23
3215 1.3575562194409966e-24
3216 5.3401996946693726e-14
3217 0.020363581771055402
3218 1.1308627407762068e-05
3219 1.0934076071473667e-07
3220 7.069948593307624e-10
3221 3.623371729755029e-11
3222 1.604137210568941e-21
3223 1.3632908075632902e-09
3224 2.4425031535931084e-21
3225 5.094611208749672e-10
3226 1.1043935059920899e-11
3227 2.856087275386997e-23
3228 3.4437596156183414e-13
3229 4.2096689724345754e-14
3230 2.5506200681149104e-12
3231 1.7446975584379247e-11
3232 1.6063671900561325e-17
3233 1.1871946652042554e-09
3234 3.2376576228142516e-12
3235 2.443323775652658e-16
3236 4.2213432967869684e-17
3237 3.5227534393797803e-13
3238 1.0979431957099221e-08
3239 0.00033006308833693284
3240 1.710057254908424e-08
3241 1.0836243589228583e-19
3242 1.983660225368925e-06
3243 1.9598309376950554e-16
3244 1.6407232009445717e-09
3245 7.008976034832553e-06
3246 6.215176238285857e-11
3247 1.2024516193233002e-08
3248 0.00012639982245035667
3249 5.49067534595817e-10
3250 4.597478351147124e-07
3251 1.7732870247785374e-14
3252 2.8087441074411605e-06
3253 0.0004705052966206539
3254 6.095867413008605e-06
3255 2.7817528412729707e-08
3256 7.621664924742827e-21
3257 4.5539117551813765e-14
3258 2.8233455531724146e-16
3259 5.39965820460885e-17
3260 4.277469731260577e-23
3261 2.1556721040694962e-24
3262 5.58984753932053e-13
3263 2.6520704442972185e-15
3264 5.655950434731805e-05
3265 3.1726959699787565e-12
3266 8.411731814346742e-17
3267 0.00032116794187297775
3268 7.696820175622163e-06
3269 2.92880230280445e-07
3270 1.868173162792783e-06
3271 2.1106816606291175e-18
3272 7.169307680924904e-19
3273 1.2381085106033494e-06
3274 6.173831809687562e-12
3275 6.996737986792385e-17
3276 3.048244047000864e-13
3277 2.302242148599025e-05
3278 9.095355142534053e-09
3279 2.8563451359592273e-07
3280 2.5550216489168486e-06
3281 2.7772950588531755e-10
3282 3.632744581345291e-14
3283 9.417348132842644e-13
3284 0.000494033005594514
3285 0.0009255303844228053
3286 1.1644809351832497e-14
3287 6.386483627588208e-18
3288 6.655213351471324e-05
3289 8.488456200707808e-09
3290 1.8138488332323944e-12
3291 5.066522923370306e-12
3292 1.7207868702910026e-07
3293 4.462910569147209e-25
3294 5.151724489015083e-13
3295 5.543477456851568e-14
3296 5.564713964165194e-26
3297 1.7775057043636727e-12
3298 8.872231319652407e-23
3299 1.0137724311996387e-05
3300 5.924905479287475e-09
3301 3.9005591905754087e-13
3302 3.1358252261894216e-28
3303 1.7526779292975918e-12
3304 1.689881258344705e-28
3305 1.1472794593593985e-14
3306 0.000216465721253697
3307 6.5020577320786054e-09
3308 3.91775089963665e-33
3309 6.964208112504433e-21
3310 7.429872299360228e-14
3311 2.5207732673029263e-10
3312 2.375316775858231e-07
3313 1.578527272957787e-12
3314 5.087886549138572e-36
3315 1.3789888510116259e-08
3316 4.6786393953376615e-06
3317 5.3215611157716286e-24
3318 4.1301862563720983e-07
3319 9.099107817192187e-37
3320 1.960874793152681e-09
3321 1.790304599094977e-18
3322 6.617918418636199e-09
3323 3.7863074358731407e-06
3324 2.931420597519618e-22
3325 0.0002581999085120617
3326 5.463731649577115e-12
3327 1.3191828534822821e-05
3328 3.2186657631868204e-08
3329 1.0579302228879225e-13
3330 3.289557112164962e-09
3331 1.2718103922855082e-06
3332 3.950536300520742e-06
3333 6.719663031919525e-05
3334 6.309066687739663e-17
3335 0.0013188838446473168
3336 1.533116042766048e-15
3337 5.0258151708747074e-08
3338 1.362112364422649e-30
3339 5.561521040757147e-06
3340 0.0005491246767862861
3341 0.00011226267989447972
3342 9.179877396154843e-15
3343 8.261646693588516e-22
3344 1.8225418136644513e-12
3345 1.99802274225369e-06
3346 2.30724401033803e-34
3347 3.6620260073475144e-13
3348 1.2315389847048458e-29
3349 2.83434296015655e-12
3350 0.03675274647978202
3351 5.45948334371977e-05
3352 9.933289872556547e-14
3353 2.985912280202497e-25
3354 0.012539441271442055
3355 1.708364174892302e-14
3356 4.540369576236221e-06
3357 4.759423144251545e-13
3358 5.443143941241312e-17
3359 3.6273855496657684e-17
3360 1.426653218631262e-05
3361 1.1335518230154018e-15
3362 2.0102429313259538e-16
3363 7.228633840931092e-10
3364 0.0005107921571427678
3365 3.244842771058641e-16
3366 2.925193056495587e-29
3367 0.005747312649439504
3368 3.27103492579765e-22
3369 6.770304329911805e-07
3370 1.5334798921070986e-14
3371 1.315260974672213e-05
3372 1.1279423444627603e-05
3373 2.9609977337558027e-06
3374 0.004676404605426672
3375 4.7559607947896485e-21
3376 3.6164121211870764e-09
3377 0.006716228005335338
3378 1.3668233956884765e-05
3379 7.038151290610157e-24
3380 8.773456197427723e-28
3381 8.190649075754888e-06
3382 9.589102553080327e-07
3383 1.418189509549224e-06
3384 3.2366674587905125e-35
3385 0.000549637962366998
3386 4.0573843202298457e-08
3387 6.297164023717197e-17
3388 3.083858693036788e-11
3389 5.41777155716932e-13
3390 0.02190832681611186
3391 1.9443882976650482e-09
3392 4.057158630940728e-08
3393 7.351528251403222e-08
3394 1.872253573509658e-05
3395 7.090613977934523e-22
3396 0.0002182092011931505
3397 1.8960431634541094e-13
3398 1.0837453575588799e-14
3399 1.9528919133284016e-06
3400 2.4454962435523296e-11
3401 6.3759216847626e-05
3402 1.0817107049927951e-10
3403 3.034832309731716e-08
3404 1.3935049651552594e-08
3405 1.252969704843161e-09
3406 3.832019385578942e-14
3407 3.8793741955023196e-11
3408 2.2132234487041103e-29
3409 0.0008097995493261604
3410 6.773635376555521e-08
3411 2.1958781513722618e-07
3412 9.500776868605155e-08
3413 2.4385336157846567e-06
3414 1.529313280727019e-15
3415 6.3951316594721105e-06
3416 2.9875870460019515e-12
3417 2.2381140704412147e-15
3418 1.9399278335767664e-07
3419 7.793236392069656e-10
3420 1.7185332669306286e-09
3421 2.0671907929722976e-16
3422 1.4750348366352248e-17
3423 6.684021707461058e-05
3424 5.128952630669296e-13
3425 5.760239208287796e-13
3426 2.721826256172683e-23
3427 7.607713041764751e-17
3428 2.4115802467726376e-11
3429 4.925779854203623e-22
3430 7.97989183313494e-16
3431 6.246587279163111e-10
3432 0.00020819426822760753
3433 4.050843792860028e-06
3434 1.9329784693839434e-05
3435 2.376807258404976e-14
3436 1.8405790543067083e-14
3437 7.207218552873485e-15
3438 7.870181597042784e-15
3439 4.649114814185649e-08
3440 3.055330417121245e-06
3441 0.011774779400650857
3442 9.183945687709231e-05
3443 6.97007584966565e-08
3444 3.5285679508001014e-15
3445 1.7044548565672458e-12
3446 2.471042644563506e-10
3447 6.725777718043516e-27
3448 3.2852712766616326e-14
3449 4.0521926674100516e-16
3450 1.6239266551349654e-18
3451 0.022522213277631695
3452 7.33247785930531e-12
3453 2.4877795732123777e-15
3454 2.7941961459120464e-17
3455 1.2170042964726542e-29
3456 7.971649027796986e-16
3457 4.365345349178617e-05
3458 5.990709887829275e-12
3459 5.94218734509439e-17
3460 7.539639145020915e-13
3461 2.2096949276946718e-12
3462 1.0789453038259995e-33
3463 3.15663849303702e-05
3464 2.386472887784552e-15
3465 1.1840136440882265e-27
3466 6.571281922888453e-18
3467 0.001692544997079751
3468 3.729053292104351e-06
3469 1.1695256685188063e-09
3470 2.0807651627514462e-06
3471 3.3316103397210312e-15
3472 2.637817658889824e-26
3473 1.883285116573259e-15
3474 4.68913396480368e-13
3475 0.012006107755198486
3476 1.1245395319457687e-12
3477 6.191631651734193e-34
3478 1.805029698418099e-06
3479 6.36118850442609e-14
3480 1.9417058569954893e-05
3481 1.0035392137971537e-20
3482 1.9058993527686943e-14
3483 6.013410024167221e-14
3484 2.773211984366869e-14
3485 2.488975435566184e-08
3486 0.00013682151419359932
3487 0.001350420412079153
3488 5.048987317094476e-13
3489 9.53657396323498e-10
3490 5.850678275306249e-06
3491 7.334072127401632e-08
3492 1.3359398862967398e-07
3493 2.5365764134252557e-12
3494 3.875443926914353e-13
3495 2.1694653938975722e-08
3496 4.422670946907409e-10
3497 2.3937075446861054e-17
3498 1.462553439084455e-25
3499 1.8317061575498317e-11
3500 5.509259213121239e-06
3501 3.7792434306612425e-16
3502 6.517848499489905e-13
3503 4.7507921392777595e-18
3504 1.5537072201208478e-12
3505 0.006932783019688832
3506 2.2753778465542564e-05
3507 1.3726036198145e-10
3508 1.1085751361415014e-17
3509 1.3519203557164094e-10
3510 4.1032253406461477e-13
3511 8.026252112349005e-15
3512 1.1392985297610755e-07
3513 3.604520380606333e-06
3514 3.8429690637948315e-16
3515 4.089589819080658e-07
3516 7.798627052573759e-23
3517 4.061429406150075e-06
3518 8.852373569405827e-18
3519 1.1506915587674871e-12
3520 1.745509097682223e-22
3521 0.00479328541875802
3522 4.5804809538347015e-21
3523 4.821108738220922e-21
3524 6.915911728160271e-31
3525 0.01878120825706238
3526 1.2870981363876383e-07
3527 5.620337297178887e-33
3528 1.3113926780245994e-32
3529 5.4676625103511446e-15
3530 3.4924123540456545e-26
3531 8.324068926629131e-13
3532 2.2816077816321035e-12
3533 0.009550361601267359
