0 5.115609903296341e-07
1 8.981266191738913e-05
2 2.7555971004293222e-17
3 0.00035154059889402325
4 3.9048824228355304e-07
5 6.007342740428059e-08
6 3.5656826360822933e-14
7 6.993179392999724e-19
8 3.896689883501024e-23
9 2.3765144541157942e-35
10 8.09345941023984e-12
11 6.014676717851615e-16
12 7.360578384604253e-08
13 8.128162556491418e-34
14 2.0033160275650316e-07
15 1.1718765981768134e-13
16 7.095639688120884e-16
17 4.984421198224002e-11
18 2.1177495016987426e-18
19 7.856999246920087e-20
20 5.496491370229473e-14
21 4.198217002070403e-15
22 0.00044280019356651994
23 6.605454056675498e-14
24 0.0022700447942943388
25 0.003513106856128338
26 4.92537293494467e-30
27 3.679099487430087e-33
28 9.500533190938509e-10
29 1.7103034301885736e-09
30 1.2951560756197901e-33
31 0.010748547115392611
32 1.3750452015836924e-50
33 2.951798155079164e-13
34 1.8811983992972315e-09
35 2.4263960953484013e-18
36 7.894639393042472e-07
37 1.445117590066571e-11
38 4.262798192896131e-05
39 1.6004800153117921e-07
40 3.804232833364523e-24
41 2.3610181015416307e-32
42 3.7409522102855454e-16
43 5.61074717445289e-09
44 3.185873885788599e-13
45 2.5427220421177673e-07
46 1.4997165208629445e-06
47 1.0402927463299254e-05
48 0.007512761751139591
49 4.22724127304954e-10
50 5.770129378060501e-06
51 4.498697599531883e-17
52 2.484337113070973e-13
53 1.9569967153111826e-12
54 6.495464047908265e-08
55 0.0002548653034738434
56 8.515192038008367e-10
57 2.803931405590044e-32
58 2.408769982315085e-08
59 1.1796045096853222e-05
60 0.0002345589325121927
61 3.470604316349225e-10
62 9.380177773612642e-06
63 7.027237997108256e-05
64 2.4911089006315314e-11
65 1.1918798527436839e-06
66 1.8880780079786688e-06
67 4.281483201237167e-27
68 6.596543030793122e-13
69 8.928579423283934e-05
70 2.7756512757281473e-09
71 0.011743730053637274
72 9.833441684753858e-42
73 2.698061351488256e-49
74 3.800181241820111e-14
75 1.0736523397969317e-10
76 0.005738532162407893
77 3.5030720565233855e-07
78 0.0088749899810022
79 0.0006419296856341767
80 8.338259797451003e-11
81 6.205240794440263e-11
82 9.112217886502305e-11
83 1.6636520444904753e-42
84 2.8955939982982806e-10
85 2.003135976223196e-07
86 1.0664324856469878e-07
87 9.920972017237871e-08
88 0.005188306481203197
89 1.6733841661988923e-06
90 7.79489533029719e-10
91 7.095308566930962e-10
92 2.9908151939090026e-17
93 4.682010230458489e-06
94 3.273834840264539e-36
95 2.7932893059288667e-32
96 1.7444612702675864e-19
97 0.003657530355517178
98 0.00013327481321094814
99 2.7167950448227555e-06
100 1.1330258620798776e-10
101 5.370877601813496e-06
102 0.0049572390353431915
103 6.959589025539608e-05
104 2.099688786557431e-09
105 3.206883662462727e-33
106 4.514122609970045e-21
107 1.2063856674470474e-07
108 1.1388338229960869e-11
109 1.532384791156884e-06
110 9.096564956836985e-09
111 3.348948089826518e-41
112 7.389289595383685e-06
113 1.7231564474409726e-25
114 4.6477342881431644e-05
115 1.9782805867356255e-13
116 5.503686109642171e-11
117 8.975841489374552e-16
118 3.4369197852545524e-10
119 0.00044958700589123535
120 4.535299588649361e-10
121 2.9398247016856617e-10
122 2.1373636047027505e-12
123 6.824624672666034e-18
124 4.026923132033688e-10
125 7.092957922550301e-05
126 7.708956105722474e-09
127 1.9158252535276028e-05
128 1.0672597352414288e-06
129 1.3417769721512793e-08
130 0.0028103426007112754
131 3.148932422865842e-50
132 3.5668384691090943e-09
133 2.5105314656528133e-12
134 7.553577858517252e-11
135 4.189838019630149e-43
136 2.5460876346130793e-10
137 2.9018327333527116e-23
138 1.591812216415954e-31
139 4.627452864433245e-08
140 7.603772426233782e-09
141 7.669152754790212e-06
142 7.077605047298707e-06
143 4.2070089863119615e-13
144 0.008019550916450527
145 1.3746683735450324e-05
146 1.848865521290954e-07
147 0.004894435746561274
148 2.6101449801284963e-24
149 7.709134262066808e-10
150 0.0025836178489479144
151 0.0030699410545736512
152 6.950988770635905e-07
153 5.587206384187649e-25
154 2.623438266705376e-12
155 3.468103725624942e-09
156 0.008064513732235334
157 1.5214274817168785e-06
158 2.855137450682383e-09
159 1.893888579964351e-06
160 1.5856569730302326e-07
161 2.084279550326966e-12
162 2.3968569234461473e-41
163 3.868356559642735e-07
164 5.507595729932457e-12
165 3.44984982825921e-05
166 1.1552470374447528e-09
167 3.90506003375805e-05
168 4.404549892053161e-30
169 7.012789057621681e-10
170 7.89372327513489e-11
171 5.958335409248283e-34
172 2.026433645909506e-13
173 2.3054338519319195e-11
174 1.3717013959027265e-07
175 2.3860405839012416e-10
176 5.885734139970761e-20
177 0.0008506031757229832
178 1.9253601447614114e-10
179 1.1203366766196189e-20
180 0.0017693605858258524
181 1.880887712488382e-37
182 4.298351142122403e-06
183 3.8209349524725515e-12
184 2.0794342183382e-05
185 4.834440728646608e-07
186 3.503023596321853e-07
187 1.9016266888154924e-06
188 6.379088283924653e-10
189 1.8249155798129374e-08
190 1.2090772322266181e-06
191 2.0484932967857222e-05
192 7.353587928182638e-05
193 1.134707506142489e-39
194 8.137733854608999e-11
195 1.048880634589198e-10
196 5.776489616725565e-11
197 1.1069500791402085e-16
198 9.282794410813974e-05
199 3.471813129838457e-17
200 3.4198443879893474e-05
201 8.934231208043197e-09
202 2.96039945881219e-07
203 1.1091532723559567e-24
204 3.860538244612411e-12
205 5.538826365352898e-13
206 6.282912278419946e-12
207 5.398159881822566e-15
208 8.780568115725902e-05
209 7.761618775309274e-09
210 6.174507490634965e-26
211 0.0010808927683862704
212 1.3544790542811967e-06
213 1.0222577985514326e-23
214 6.62274975764509e-07
215 3.4398274782383295e-13
216 5.153407641126683e-31
217 6.716948870517758e-13
218 0.0008669954881237628
219 7.187483554498027e-08
220 1.0660826620260978e-19
221 5.525960511862264e-14
222 1.7180042491005258e-09
223 1.278195245743643e-10
224 4.637076230184335e-24
225 1.7831997487424833e-06
226 4.804838085949096e-07
227 5.509956899247177e-33
228 1.3307483485797987e-05
229 1.0341560222978712e-14
230 2.55249696967325e-10
231 2.0630546972437222e-10
232 1.8169917024320585e-06
233 4.772432978359081e-06
234 5.724433883171728e-11
235 1.133831245364123e-38
236 3.0659160532323406e-06
237 3.695117613158744e-33
238 1.0908567314374672e-08
239 1.2691739902480369e-25
240 3.7466918767258346e-08
241 1.4407754354483424e-05
242 2.1105450989318452e-25
243 9.853529191104978e-05
244 0.00358908981118634
245 3.989351619300682e-29
246 1.8181992304787166e-30
247 6.780374995392139e-08
248 2.860940742298458e-51
249 0.007496174219848324
250 4.7081001081012076e-06
251 5.742646778170922e-50
252 1.324052635319769e-05
253 7.104872752865162e-10
254 1.9790612166654127e-28
255 1.6254276873803102e-08
256 4.066679197790419e-12
257 2.0072537534352044e-44
258 5.2678186595129786e-11
259 3.22073021319138e-30
260 7.671546394177051e-15
261 8.235429381809619e-11
262 8.139770786572434e-06
263 0.02983265657653609
264 7.391805437871239e-08
265 0.03539061485996353
266 7.099634887706928e-21
267 3.0189701461607094e-05
268 1.5087624730248649e-05
269 0.002396997125537413
270 1.7805196512437012e-08
271 0.0006283964707085603
272 0.00039971166188399154
273 9.773327157014847e-23
274 0.016890875332335457
275 1.1456968038404284e-11
276 0.1922461809859963
277 0.198880419425079
278 1.6431929187234813e-10
279 8.434539155753449e-34
280 1.8017683278597137e-09
281 3.531488683057102e-05
282 0.024726514682733097
283 8.996060630154057e-43
284 5.475330056190844e-08
285 0.0007079173148335793
286 0.001630089871830374
287 4.317625448004906e-19
288 2.0404720722482838e-38
289 0.002549673206449013
290 0.00830263274570263
291 0.0015935558398924852
292 0.36201287753059797
293 5.508197570553082e-07
294 1.4393907786686907e-36
295 0.002321268690940136
296 0.018026171669466868
297 0.006471100861863213
298 2.6447008945845115e-05
299 0.0028456492653515806
300 5.397743789548134e-09
301 0.04182835834170858
302 0.00022421147476027036
303 3.601908303411026e-30
304 4.269862871340512e-06
305 3.4783051863045127e-08
306 2.0109658079697696e-05
307 0.004105570064350059
308 1.813422173436754e-08
309 0.009981511841870388
310 0.002242025046174964
311 0.1525963216878314
312 0.004577435980904914
313 8.252559770144723e-05
314 9.48153496427121e-10
315 6.744693293567748e-06
316 0.005197150112142291
317 0.031707914960141734
318 0.2394277394198143
319 2.0430440101931488e-10
320 5.638339406210981e-10
321 0.005467431204906367
322 2.4534515284728364e-09
323 0.006868904179022698
324 0.000822183390341625
325 0.0029997359658473543
326 0.052447380338946414
327 0.006796815311156835
328 6.399861963713019e-16
329 0.003942004180851385
330 0.004114958912818509
331 0.0004342807289983509
332 0.5392205934793727
333 0.0013386122895046434
334 0.6600935330724771
335 0.10843775009735318
336 0.0044617719504361645
337 0.5931892951672895
338 0.7789625768603209
339 0.0028125828324125127
340 0.7238122401470869
341 0.0002624946034767968
342 4.088499767321092e-08
343 0.003800064154081237
344 1.2476951253829826e-09
345 0.0037162539727271654
346 0.005946424011210028
347 0.004878092436857457
348 0.8138899881550988
349 0.8460567708036447
350 0.2066851609690355
351 1.4477432786491987e-09
352 7.542637862621762e-06
353 3.339907051535662e-10
354 0.78824820800254
355 0.8491887580590074
356 0.0008706720166996795
357 0.8409549305861493
358 0.18599007682024682
359 2.9904191187779228e-40
360 6.003701839000469e-24
361 0.31331978217368456
362 0.012607206006008589
363 0.2270724547183473
364 2.6594482825076756e-16
365 8.353563787273777e-14
366 1.0441732482678114e-24
367 4.05255347562932e-05
368 0.025385238905749192
369 0.8056942601974569
370 0.00016712214051332566
371 3.851264471451708e-05
372 0.00024379195238937888
373 5.115641177653735e-05
374 2.287915609010448e-09
375 0.676657739172194
376 0.018531454774466598
377 5.085657417889711e-13
378 1.1500500957027156e-05
379 0.7127206588374808
380 0.586160964104201
381 8.758860826146672e-06
382 2.5738638216695627e-15
383 0.07818935306848689
384 0.47563977002531904
385 9.175612759077803e-25
386 0.5389773565586156
387 2.6211217032299623e-09
388 0.017868080427457696
389 2.0095658164919933e-14
390 0.4823739209563544
391 0.00927342887347537
392 0.06428424882134084
393 0.006008126015599005
394 0.34078491673139455
395 0.08094076817192149
396 0.39779809342611844
397 4.804134243805089e-18
398 0.004206239328598497
399 0.035235189657913946
400 0.02051179904864472
401 0.003049833106275367
402 5.782000923313068e-24
403 0.05766623550627395
404 0.558908430608825
405 0.03166038060790216
406 0.611025138720036
407 0.0093789729420031
408 2.7079711148185515e-07
409 6.162547547202775e-05
410 0.020405203150638134
411 7.203382209242283e-10
412 1.3230909195270552e-37
413 0.29550487072801024
414 1.1606056221810052e-26
415 6.083991880577271e-31
416 0.27767688083547687
417 0.48604323864450016
418 5.483438404065466e-09
419 0.5717006826565836
420 0.1327604004068391
421 0.07766769550088756
422 0.0018691948875109395
423 2.168762172198268e-23
424 0.3179438452316441
425 1.2339037942297589e-39
426 0.11547585906322388
427 0.39978579701303074
428 0.39051422807508407
429 2.338949027511182e-25
430 0.27337713527591845
431 2.0264690692507478e-25
432 6.153088381429707e-05
433 0.00910362378962757
434 7.139630308951519e-06
435 0.00036048853321153434
436 0.47598113139457127
437 0.1564575643648399
438 0.21016965902195103
439 0.001217654057191568
440 0.38181764644970584
441 0.017853657510122117
442 0.0013743244423510758
443 9.067389216095077e-11
444 1.6889998779202393e-25
445 0.0017861234989578068
446 3.730291017000212e-05
447 0.5363172439133798
448 1.1851040051494263e-21
449 0.0018977367347015072
450 0.022053974556552686
451 4.599050026711946e-24
452 1.9638038161190015e-11
453 1.2932159855819098e-09
454 4.379925857014038e-44
455 1.3801133604023946e-05
456 3.598630581289651e-08
457 6.212938586941672e-11
458 0.5640162157180704
459 0.000771053712543281
460 7.754589064291573e-09
461 0.024178569061091955
462 3.1740895910623923e-24
463 5.816150718420491e-05
464 0.5424176301654104
465 7.872474731177536e-06
466 0.000551167245031866
467 0.00012941369053241463
468 0.007327682738602154
469 4.394537964170896e-33
470 0.0008726397887180293
471 0.02854651473295685
472 0.613878447835427
473 0.00236891990288114
474 5.553294678640791e-43
475 8.27381232369211e-09
476 0.03165861335987644
477 0.02891613329804269
478 9.14964961740217e-09
479 0.05707604167393736
480 0.5344588561206604
481 0.4460704704732407
482 0.08266800077589705
483 2.7066955886995858e-08
484 0.4083268676265805
485 0.4791065123284283
486 0.11437467716398553
487 0.5561322593208906
488 1.1287306453003261e-18
489 1.688710800382563e-07
490 4.7092932737167766e-08
491 6.338827139291067e-08
492 0.0002735829978694342
493 0.010763663923135002
494 0.20811872568424883
495 2.1821779700386814e-07
496 0.05263476702887667
497 9.084717516449396e-08
498 1.3320058431220431e-05
499 0.49477427227289666
500 0.009697479848069875
501 0.0024092557358673847
502 1.7361462995719924e-08
503 0.4513628902886144
504 0.44689143950117827
505 0.39900929982195743
506 0.1044488627024506
507 9.984186247672254e-06
508 2.7072574254016678e-09
509 2.1574628291491838e-10
510 8.536774208098397e-40
511 0.23192432811037722
512 0.0737219612572191
513 0.002358085231696935
514 1.633053056649997e-07
515 0.006894357976891758
516 0.05034762731833854
517 4.93331929196873e-13
518 0.004522285417003211
519 1.5834548997552634e-09
520 9.144441401370986e-10
521 1.9041080675348383e-13
522 2.6627868563866044e-19
523 0.3003410964538267
524 0.001026107886807913
525 4.7385772579749416e-11
526 1.309871899891988e-07
527 0.05053369470188724
528 3.0286675706563484e-22
529 0.12902530800211037
530 5.390612135284594e-10
531 8.82068278243482e-07
532 5.7291327343511465e-15
533 0.12782027914364655
534 9.636724758348108e-09
535 0.17424073116782787
536 0.006216502669809148
537 1.2744112444236293e-11
538 4.059908488823963e-10
539 1.3512858336237975e-10
540 8.612399011635137e-30
541 1.846791292329115e-45
542 0.1076705621385212
543 0.09876598462781513
544 0.4586951950470716
545 0.17196846623070233
546 0.02385385774853115
547 2.4825788617878818e-05
548 0.00777997771631722
549 0.007002053486420617
550 0.023426247670633123
551 6.829387598669814e-17
552 2.245043273159915e-32
553 0.051365729272648805
554 0.0016177567460001596
555 5.459754860668419e-07
556 0.013479819291374345
557 0.0027379447486841897
558 0.010795699028588807
559 0.076151155834152
560 0.13643636542700766
561 0.007684495696539784
562 0.0010109054250655868
563 1.901551240734785e-17
564 4.352202347983491e-15
565 4.647309463523849e-08
566 8.39393128253185e-15
567 3.126273985482748e-09
568 2.8605771530512114e-30
569 0.000736549594970843
570 0.015982332294413124
571 3.344597782025735e-23
572 0.1016924548401829
573 0.011319654162887912
574 2.538471547087335e-33
575 0.02981786493830303
576 6.868928643511402e-12
577 1.0221208044438043e-07
578 4.969584727571522e-05
579 0.02703021499464151
580 1.9202566683665563e-10
581 6.21961532746189e-10
582 5.591977488821422e-10
583 0.1746860678297107
584 0.04259681327183048
585 1.994201914621819e-12
586 0.023031334881654462
587 1.5271509294603674e-35
588 9.67505865801967e-07
589 3.17022717992356e-18
590 0.03517084598101073
591 4.971843375185822e-05
592 0.03750418564664926
593 0.0004680268700469586
594 0.00010364973227149321
595 0.0006958361074855467
596 3.573611087309363e-48
597 1.8529474872979211e-22
598 5.702076627218468e-12
599 3.07349760174406e-43
600 0.003338858632063592
601 1.8300238409685258e-05
602 1.5161158802264913e-10
603 2.0044859328573787e-14
604 0.030830366496970244
605 0.0010613547551437694
606 0.006610162234957067
607 2.7171027908439323e-14
608 0.0011793201898786221
609 5.902442702155924e-11
610 8.17711847538054e-11
611 2.3042936092794888e-07
612 0.1417875290682458
613 7.28330648216967e-08
614 1.1577220326204733e-12
615 0.001216762432618626
616 0.018518576516085905
617 0.0028563872016671814
618 0.0625489928301254
619 0.0002143204545577048
620 0.008945299638002271
621 4.689257941137932e-29
622 0.037486196294194744
623 0.013256023720899075
624 5.387525248660258e-13
625 0.03127743549640943
626 0.041980113739037726
627 0.015862509998091592
628 0.15527876932953918
629 3.2236218386584343e-12
630 0.0007066944141538098
631 2.9561491857050116e-12
632 2.2996907257496642e-07
633 0.009753101644834367
634 1.6748548318250467e-29
635 3.2613849956065277e-31
636 0.10874226795668236
637 4.236916411046319e-37
638 5.732791097758816e-07
639 5.285950913599717e-19
640 0.00707505169783276
641 0.01595774757216791
642 0.15525441414831204
643 0.029768329338777832
644 0.015534652469854422
645 2.64660320250012e-19
646 0.007588972861828406
647 0.006215921552728388
648 0.5110918305094398
649 6.88282814919443e-19
650 6.193305174924824e-06
651 0.5727474808828735
652 0.05514794608755316
653 1.353496255433747e-22
654 2.584333104243529e-31
655 2.278158425893882e-34
656 0.14387705023768976
657 4.600100859550704e-10
658 1.6896712440848562e-23
659 1.50360151049705e-16
660 5.549300466589269e-06
661 3.917410270992737e-34
662 1.2092396522336388e-05
663 0.3962295101362197
664 1.625978853641328e-10
665 5.478943800517671e-11
666 7.825102815933365e-07
667 4.6684026049878044e-07
668 3.8804718661075806e-06
669 0.0003701511409246006
670 0.0035254700026927334
671 2.3596636834070583e-06
672 4.4687523692400477e-10
673 1.4938899026608384e-34
674 0.016762241805171673
675 0.2152436267831216
676 0.0026437293511368757
677 0.17350603108595927
678 0.20043555228637908
679 0.0011067432847559427
680 0.0010468800209130708
681 0.00035552688147802626
682 7.297305114167837e-36
683 1.0768660619698113e-06
684 7.0884416437023494e-09
685 2.956432033948561e-19
686 1.9686499651463665e-07
687 0.0019438689431083818
688 1.4309913676917082e-12
689 5.287405907870225e-06
690 0.00011650056353977836
691 0.1281956442827785
692 2.4371529751617363e-13
693 8.388286718309954e-14
694 1.6389427937154444e-29
695 0.004939658295777163
696 0.0011104892895187363
697 1.0733630786454156e-28
698 0.024852522279863353
699 2.341784859259006e-05
700 0.02437632580236496
701 6.329202852844245e-06
702 2.6362267158522395e-05
703 0.0032837483936688444
704 1.5281460251151705e-08
705 0.012042696377068953
706 9.58632871128211e-09
707 2.3828100112242194e-08
708 1.9153609159378366e-22
709 3.426666282721476e-30
710 3.369652627665702e-14
711 2.7217452782151775e-08
712 0.7933773249726674
713 0.04430077171463536
714 8.182649092605027e-21
715 6.363343127319105e-28
716 0.0009652359771142558
717 1.49576981938841e-10
718 7.789509158673547e-09
719 0.005822183232825792
720 0.002314632547573375
721 0.0002736975120269191
722 0.001347397794063949
723 0.053001616033777565
724 6.9527317555182694e-06
725 1.767016896220607e-28
726 0.003943428268364923
727 1.622489865347257e-08
728 2.5484048372814332e-26
729 0.7313919359071539
730 7.940235048904196e-06
731 2.0053747027535695e-19
732 0.18076434748581074
733 1.4206802333589705e-30
734 3.0598280550869e-32
735 2.4487563816763684e-20
736 0.5946459676413003
737 0.14060237019543653
738 4.202237545967288e-27
739 7.564004260702716e-29
740 2.0594814087711615e-06
741 8.877426759776763e-28
742 1.0636762898133125e-16
743 0.0023529723823740843
744 1.465310765186e-06
745 4.362660825906292e-22
746 0.001646884272256408
747 2.7446537774057484e-06
748 2.0506401829306808e-18
749 0.43758065547507335
750 0.059338631863473386
751 3.254710196029593e-07
752 0.07169649615604873
753 0.04645691558111352
754 2.7887873002692192e-18
755 0.0003986770225527287
756 0.0033258431030138438
757 1.604177042043587e-09
758 1.6851764867265667e-29
759 0.029039867236607647
760 0.47361780383761026
761 0.7626560239882448
762 4.782122485029276e-21
763 0.0004174542795003156
764 1.6848631514252233e-06
765 0.0002067270986957357
766 0.02462436114124508
767 4.618443655570671e-32
768 2.1515601880400805e-28
769 0.01422266999751075
770 1.4900332255339317e-15
771 0.03243870107834015
772 0.000806779026177452
773 0.03841468500208012
774 1.815957780519991e-17
775 5.416778966462295e-08
776 0.04742898622991659
777 0.0025903780386694903
778 0.18249355792108424
779 0.0002068015934956418
780 0.020302905915369075
781 0.00016799652954041993
782 9.998593846743006e-24
783 3.5635990989381424e-07
784 1.290372589356858e-21
785 0.0038922339192205523
786 1.6534522703486188e-37
787 1.5392524339627385e-24
788 0.0027218489810320336
789 0.008051369851566912
790 0.27849672318493224
791 0.005146979723466954
792 7.405195638560533e-20
793 0.004022868788906564
794 3.093406982304032e-18
795 0.0023878469038048364
796 0.2461502822493506
797 6.865370866368619e-14
798 2.746125173334946e-10
799 0.5973425429317789
800 0.00409658380424653
801 0.008336411938974598
802 1.2565788326102477e-27
803 4.844241830329867e-06
804 1.5212461586432768e-24
805 8.335625804211618e-23
806 1.119431202426306e-14
807 1.4752866877851276e-13
808 0.7435745943634103
809 0.00040544915261375567
810 0.034584964095216414
811 2.165072817388661e-09
812 1.0514341581461705e-11
813 1.1503245568268047e-09
814 7.924849528069654e-07
815 6.425673910296459e-26
816 0.03083647876975681
817 8.44204491742927e-34
818 1.914708310263356e-06
819 1.2762923327386127e-07
820 0.001255256108115192
821 2.2142438448965358e-08
822 9.527086466820456e-06
823 4.285029345869253e-30
824 0.009998313081241937
825 0.05057075233293587
826 7.428160635373176e-17
827 8.778838128496642e-23
828 8.047829743658787e-09
829 3.0777850352596945e-09
830 0.047569469410988004
831 1.6675130262351822e-06
832 0.13700407571651585
833 0.01844004031686749
834 2.1328023290748206e-05
835 0.014966514065603943
836 2.5172557327981453e-17
837 0.5201419483870354
838 5.713550096955628e-07
839 6.721051844382219e-06
840 0.040568279629895086
841 0.004817887089743258
842 0.1439790494484128
843 2.8208755152838957e-05
844 0.0060937254864506345
845 2.5419453018419698e-05
846 0.01634755613038531
847 0.4128869379515676
848 9.110278405811468e-31
849 2.4123249901840962e-23
850 0.07123905864631663
851 7.973544877109224e-05
852 0.0013454594575264653
853 5.5569893367818134e-05
854 2.8774705396833577e-27
855 6.870269425727853e-15
856 0.11397144751726014
857 2.8717260853100084e-36
858 3.9711424309028484e-33
859 1.4335783673175975e-05
860 1.041216779568107e-17
861 5.507162711434196e-09
862 1.5200105703671802e-05
863 0.004349590350387301
864 0.017542436459848938
865 0.050151809447868234
866 3.568465285176613e-19
867 0.0008611693893404257
868 0.08549347028716647
869 1.3122036904246043e-13
870 1.882256299220553e-14
871 0.0004790891747785119
872 6.77928090552729e-13
873 0.00013477395237998906
874 1.407715113535204e-06
875 3.246003285025371e-22
876 2.670462029922307e-06
877 0.0010162797015117356
878 0.013046139845210487
879 0.0009121954168917484
880 0.0727260312506078
881 5.0993799283383434e-05
882 8.489709969605575e-06
883 2.3704555376656552e-11
884 0.0002006705535718573
885 4.796715436987644e-06
886 0.049488628271665905
887 6.085352837321743e-09
888 2.954771580907718e-25
889 2.6933572348412187e-12
890 0.011037251100968757
891 4.866642116813406e-16
892 0.2035554966410518
893 0.0031095064979153276
894 1.555923576298156e-12
895 6.015395469506567e-16
896 5.555643249791611e-12
897 0.07566462892164778
898 2.537938241753385e-15
899 0.10572724283093356
900 4.815980828112393e-17
901 1.0165957217759282e-17
902 0.033559782326637304
903 0.10071554827626818
904 2.200456257831057e-18
905 0.029191278800824026
906 0.042843280091720976
907 6.675734127152929e-47
908 0.00011797275569364766
909 0.007519532945100304
910 0.002359037315803478
911 0.005177117222000212
912 2.9668978288259324e-21
913 1.7895405535552764e-26
914 8.226282228646054e-08
915 0.1882664322631973
916 1.5675687754782242e-09
917 3.402356655045156e-13
918 1.9288826904721153e-15
919 8.845015595598262e-27
920 0.0782160803690226
921 4.35598376567632e-05
922 0.00350353635202703
923 4.004723502938088e-06
924 0.0017900963292001241
925 5.702671922446256e-29
926 3.0592064079458956e-23
927 5.630780380704541e-14
928 0.00010062912715797676
929 2.4325780892124802e-05
930 0.17964422735607755
931 0.00030940431019076196
932 3.847115187499827e-12
933 0.00020179232308878927
934 0.8243691802746873
935 0.0013406965766803419
936 5.9382828057994944e-08
937 0.013087459597033632
938 1.0878893351307961e-25
939 1.671181028663158e-19
940 0.007061669090542563
941 0.00221543496429748
942 0.6406922646335709
943 3.117895667052575e-08
944 0.07924164572357753
945 7.779698322555583e-09
946 0.038027766091314676
947 2.5272626922439686e-05
948 3.8217991909168914e-08
949 1.872840807758676e-08
950 1.3374234542612426e-08
951 0.03289678380544378
952 3.1515434125731336e-06
953 0.819456728032648
954 5.0271558427453234e-09
955 7.377764202858903e-06
956 1.6562276372346922e-06
957 0.08232368860832547
958 0.162324309681585
959 4.203537125170229e-07
960 0.005821540616609019
961 4.309742435258055e-06
962 0.5396378863869287
963 0.16202724860453552
964 4.125422218270523e-31
965 3.2475724284099774e-05
966 0.022502841626201746
967 1.4361174099017161e-16
968 4.2908927621055846e-20
969 0.21548253070170204
970 0.11364115165443849
971 1.6106214903702835e-16
972 0.001034378010391307
973 6.950360405517045e-07
974 0.005523363633348034
975 1.851894852055978e-05
976 0.0033088118017523846
977 5.906940010296341e-06
978 0.0027444223494199655
979 0.03851042759945694
980 2.811514361486036e-17
981 4.814322464921212e-07
982 0.00012301243585344964
983 2.0423574862196307e-23
984 0.0031902129343206404
985 0.009894386386489415
986 0.0028655346859363974
987 5.944172343034987e-05
988 3.7463619036423114e-19
989 0.4097668429870409
990 4.469023481654813e-18
991 6.371310186799977e-05
992 0.12120652669105586
993 0.01842805303312678
994 6.881790719720269e-20
995 0.02552564620849654
996 1.1433274875916282e-06
997 2.144036600114126e-13
998 0.05194521581820871
999 0.0633971889585835
1000 0.8582119832607475
1001 8.40446236862597e-05
1002 4.733411212895312e-06
1003 0.111121367186782
1004 0.3111569752587201
1005 1.6059489683413077e-11
1006 0.0012374273186153714
1007 9.508411510046631e-19
1008 9.581560602675024e-11
1009 0.013234265261472426
1010 0.0010976789783479594
1011 1.4288827605359263e-13
1012 1.1195551771522602e-20
1013 0.00034946331966874053
1014 6.282074687791523e-13
1015 0.0010508478446884298
1016 3.2597635367797052e-21
1017 0.00025418089951389307
1018 5.406743956641696e-05
1019 0.0031563238327617614
1020 0.3333191057815499
1021 0.00010056677878488317
1022 5.360051400332857e-10
1023 0.0027619464846987134
1024 0.00013920446757428246
1025 1.8964137123643115e-10
1026 0.0031446209912059705
1027 0.000459226598405452
1028 3.4167105118542195e-06
1029 0.2968110392945347
1030 8.386437157078892e-05
1031 0.7953120402981819
1032 0.01922325044444115
1033 0.013780247752793955
1034 0.00010550693355192824
1035 0.00038952569995725085
1036 0.24696145543554038
1037 1.6508958804161022e-07
1038 0.07768458989265073
1039 0.03674440944474488
1040 0.006572041450266
1041 0.0416493560320823
1042 0.00017238429770980877
1043 0.027427322907341595
1044 9.752617208117102e-28
1045 5.509081422027842e-14
1046 9.010209004773941e-12
1047 0.8607330698099422
1048 0.0028128743487970237
1049 0.024085115540715376
1050 1.1913773941703297e-09
1051 8.046102422248436e-12
1052 9.076085812411865e-06
1053 9.47063333720395e-06
1054 5.53282723512518e-06
1055 0.0026812588181199257
1056 0.005172494952317583
1057 0.0016551254155017197
1058 0.013127510382574611
1059 0.026717069469894193
1060 0.030102799479525714
1061 0.009913284362518806
1062 1.2761948464301275e-09
1063 0.005876845735847539
1064 1.9342402136161132e-19
1065 0.030762902841203067
1066 2.120929989469956e-28
1067 0.01801826976297337
1068 6.642222976186676e-08
1069 0.056986958549247374
1070 2.2617628780856128e-08
1071 0.003875040479453886
1072 1.3562846580708277e-06
1073 9.99037062677055e-07
1074 0.01580944686866834
1075 3.4480239909246618e-12
1076 0.023567265229847936
1077 1.1993862058316783e-08
1078 9.921955396622256e-16
1079 0.029221449453166924
1080 0.028621480521187074
1081 0.00011020400594255666
1082 6.120396525179595e-11
1083 0.07537448236063235
1084 0.025711304669814774
1085 0.026167616922182193
1086 0.005753502123530998
1087 3.4753270541110757e-17
1088 0.4457669938184481
1089 3.390985552627303e-07
1090 0.005807557417260918
1091 0.000110367574068675
1092 0.12625464758953428
1093 0.0012134091414988625
1094 0.002896474929149748
1095 0.03195745529835298
1096 2.609191172941233e-06
1097 0.01451254286333733
1098 0.03342929358368585
1099 1.4515469410083269e-06
1100 9.667839931844987e-16
1101 0.027426725594813822
1102 0.0711420092926957
1103 0.13643633560545224
1104 0.002486578949189501
1105 1.0805378678199401e-17
1106 2.9010996416230617e-11
1107 0.040065319937121244
1108 0.06778822839113494
1109 2.9021231492100095e-13
1110 0.03557524059584629
1111 2.0378180982259922e-10
1112 9.750035897482149e-05
1113 0.0364814871548805
1114 0.00011023692828290228
1115 1.8668639009268574e-10
1116 5.613615891303747e-05
1117 1.0204160440551608e-08
1118 2.2059872041301746e-26
1119 0.36080946535178177
1120 3.839150424800408e-09
1121 0.0030602752757373144
1122 0.0047023581137428
1123 4.2804794030155084e-07
1124 0.011047191450373844
1125 0.024848105315197485
1126 0.0018642140967355175
1127 0.03248501013490057
1128 5.2867697755638e-24
1129 1.1377795967650079e-12
1130 0.028687559547477124
1131 7.422947875957576e-12
1132 0.8202643668280799
1133 0.00418000617967391
1134 2.7666933097856836e-26
1135 1.105916598338737e-05
1136 0.00019261327419972297
1137 1.3267112896779947e-06
1138 0.032608698266157005
1139 7.013454965436798e-07
1140 9.737167519334245e-09
1141 3.396547123337304e-21
1142 2.6205824042643275e-23
1143 8.232286409160095e-05
1144 2.8484772014966916e-10
1145 1.1442612615815949e-08
1146 0.022011399797883264
1147 0.00789748278632445
1148 0.003320181775877475
1149 0.009811612656555828
1150 0.8171354850491133
1151 0.00010801308770464343
1152 0.0024270611597380937
1153 0.2208289927259175
1154 6.938178131611338e-11
1155 0.0016014037710094051
1156 0.21320131929531905
1157 0.03435010906951405
1158 0.07405232436720059
1159 0.0005623585376193627
1160 3.9131849056857573e-16
1161 0.029560953159408147
1162 1.3265571236715526e-09
1163 0.0407081808168023
1164 7.97367088327837e-05
1165 0.02464768682162647
1166 0.06688773365758681
1167 5.5197274612754966e-09
1168 0.020850436031794744
1169 0.002267445600168185
1170 0.07165668011981854
1171 9.176236665558185e-06
1172 0.022748696718529464
1173 4.29671013636824e-05
1174 6.041963541624577e-09
1175 0.8526655248446732
1176 6.265483912326603e-05
1177 2.505571315011973e-10
1178 0.00181347343118933
1179 0.0785937213981306
1180 1.866759920428288e-08
1181 0.0038893977186419022
1182 0.0012793491606229869
1183 0.31525210884246535
1184 0.007627937979943691
1185 0.0458774671396163
1186 0.10331102343729356
1187 0.12136595925023183
1188 0.08212714174891064
1189 0.00011920512270321705
1190 9.696153988554965e-07
1191 0.000616684166994461
1192 9.943717129471342e-06
1193 0.05980484465017228
1194 0.0030139109785889506
1195 1.9950504939965543e-08
1196 0.07465493867137962
1197 1.5060524523190183e-11
1198 0.0023148212539777055
1199 2.106970785598608e-08
1200 0.000875184624708941
1201 5.566761548038218e-05
1202 0.05824792550910186
1203 1.387384579427401e-14
1204 1.9921089869546407e-08
1205 0.26801256982341637
1206 1.3665789685639233e-09
1207 0.00033721406012616724
1208 0.000536110348899557
1209 4.333222001775721e-15
1210 9.08892193298839e-05
1211 0.36326051597591447
1212 0.09046387759337263
1213 0.19768229040059132
1214 2.703056395859867e-22
1215 0.013038622442188834
1216 0.0014082334874042546
1217 2.5239221702965957e-21
1218 0.0004272082746509405
1219 0.0015187568384933175
1220 0.678556649191585
1221 3.0053791699959834e-05
1222 3.101767783627983e-07
1223 3.3502442672765854e-05
1224 9.765984665814256e-10
1225 5.591381899310795e-05
1226 0.010764927299363635
1227 8.533982858453955e-08
1228 0.01899776615136899
1229 3.7364847025894273e-14
1230 0.10173322116142056
1231 0.04350177465007108
1232 0.25176738127834347
1233 4.1262902936739443e-07
1234 7.73272156758783e-06
1235 0.017639907935001777
1236 6.971418694169728e-20
1237 0.029869822321552147
1238 1.3408051730220824e-05
1239 0.011173340771109071
1240 2.3207457585984465e-20
1241 2.4744137397351794e-09
1242 1.0461570604197345e-07
1243 7.310848831513671e-06
1244 4.1571380605167295e-05
1245 0.05778655373929191
1246 0.03830250792311168
1247 2.1810604329106843e-06
1248 0.012207924959532972
1249 0.6174572212726366
1250 0.06904209897376665
1251 2.1559240495543434e-05
1252 0.23930497298790007
1253 0.0031339613304621687
1254 0.08471082128766481
1255 0.09843467654612482
1256 1.3399189319677626e-08
1257 1.3239939658115505e-09
1258 7.987755374798053e-13
1259 1.7934718263856585e-06
1260 5.971010255675264e-16
1261 1.6971340707328282e-08
1262 0.3889014282447611
1263 0.00033487135800687104
1264 0.6788151566445494
1265 1.492810752604539e-08
1266 0.13064727697772188
1267 0.014807049948575774
1268 1.606255491554418e-05
1269 1.4086951215209962e-09
1270 0.006599307992867663
1271 7.812673926225554e-05
1272 3.319324991969279e-05
1273 1.168805009077599e-18
1274 0.0964353700155241
1275 0.009495892381526901
1276 1.2422357411557366e-06
1277 0.023439724953721396
1278 0.037763638768823125
1279 0.043404689607151416
1280 0.0007441722979589204
1281 0.0028860794223946828
1282 0.10745620074167873
1283 1.705007319278232e-12
1284 3.240048352373106e-08
1285 0.050635802620344894
1286 2.5794013763025042e-11
1287 3.207194884883084e-06
1288 2.176763432492147e-05
1289 0.004025961126420131
1290 0.08578254027552756
1291 0.02758278071829225
1292 0.06710436726444943
1293 0.0942205876427355
1294 8.875451765608584e-06
1295 2.419874691547118e-06
1296 0.07098629660589705
1297 1.4928558246501592e-18
1298 0.06336442257457443
1299 0.7525814951137497
1300 2.2324783063860354e-06
1301 0.03480039012897421
1302 0.022992841282764877
1303 0.21410615264623944
1304 0.006669791424932729
1305 3.442902234928285e-14
1306 4.814344962226394e-18
1307 3.7369279267309924e-06
1308 7.344141973361637e-06
1309 0.0006341234562760705
1310 0.23889212670025817
1311 0.008375608746871542
1312 0.014086997269725352
1313 0.32029615750361345
1314 0.0018084990770231317
1315 3.3413485267092785e-05
1316 0.000998383903679637
1317 0.0005442255365664061
1318 0.8211868931364952
1319 8.28918495377547e-07
1320 0.00010392902022088503
1321 6.169795514131028e-05
1322 0.009072366402343155
1323 3.498332685454177e-07
1324 0.002349042446250555
1325 0.6588134528013967
1326 3.5001937477014335e-29
1327 0.0792332790850591
1328 0.44437498661968905
1329 1.8015148920763882e-06
1330 0.2735527316667552
1331 1.3137156501306012e-10
1332 1.0195476326347624e-05
1333 1.3454587647918557e-05
1334 3.900009358331064e-05
1335 0.00019213922843548415
1336 2.22494497598704e-06
1337 1.67677902798051e-06
1338 1.2597773352013406e-07
1339 0.012760758637420426
1340 0.07831532981155803
1341 0.17081907728532725
1342 0.4666988188354462
1343 0.0001358203710170473
1344 0.002324023609417657
1345 0.7282893280752725
1346 0.6065511100420121
1347 0.06440744060522405
1348 2.152447149672383e-07
1349 2.5841561869722548e-06
1350 0.048202066393315084
1351 9.778511264331357e-07
1352 0.09203722172289412
1353 8.865824825216139e-05
1354 2.9707711867332813e-07
1355 1.6813924864762256e-11
1356 4.732231069140441e-06
1357 0.0987066551094613
1358 0.03830800490346707
1359 0.306758227740899
1360 4.7910626497395115e-09
1361 0.0003310652062177451
1362 1.5642210547241273e-05
1363 9.248045808249525e-07
1364 1.7265886591858179e-09
1365 3.474177430042598e-05
1366 0.5028838410215214
1367 0.045391575813011356
1368 2.2663125516545733e-15
1369 0.004280980948333594
1370 0.10884434831613833
1371 0.00027008298828239325
1372 0.0002563078618529008
1373 9.736722913476291e-05
1374 0.0002092702337839636
1375 0.0002806374711094609
1376 2.384952119061683e-05
1377 2.5448148472857803e-10
1378 0.098733123579176
1379 3.8106823242230405e-12
1380 0.22164446647676334
1381 0.00022213983637329473
1382 0.14428285933078222
1383 0.00014955532077106235
1384 1.3548549203808222e-12
1385 0.09713365600215267
1386 0.09135063500086599
1387 0.00019566614781395012
1388 0.6073079851032102
1389 0.05207670148025873
1390 0.001924877851817222
1391 0.00023049969604732246
1392 0.0003421565956118049
1393 0.00015244253012536733
1394 8.124702321184244e-06
1395 6.717651227878917e-15
1396 0.0003242855262302278
1397 0.14149862228273805
1398 0.39471214227643425
1399 0.859317057926062
1400 0.44555091501581706
1401 0.0999742786715243
1402 0.00015421495400021868
1403 4.504782651390157e-09
1404 5.09922435467923e-05
1405 4.046157945475056e-06
1406 1.1378996701164567e-06
1407 0.012865743720746432
1408 0.034638858845526574
1409 0.0008316719540827251
1410 1.0164495716007806e-05
1411 1.914376714673726e-08
1412 0.0031761956079288368
1413 5.599476298384927e-07
1414 0.08097010368297836
1415 5.918317032907026e-11
1416 1.4705219510861753e-06
1417 8.930491688558628e-12
1418 2.8982784005872986e-06
1419 2.4797583665978526e-09
1420 3.1980295706086406e-06
1421 0.04944914039613221
1422 1.0836039888508888e-07
1423 0.4248205404924714
1424 0.0016585089506682869
1425 6.266021889501392e-05
1426 1.5999710691058005e-17
1427 0.016707338043419694
1428 2.2481430398431354e-07
1429 0.0020017954487604518
1430 0.7290756654979034
1431 2.428224305381695e-06
1432 1.569198195819863e-05
1433 0.0136644824660302
1434 0.03092741092336733
1435 5.362931462983547e-05
1436 2.762065965741735e-05
1437 0.04653263365005641
1438 0.04879888798900193
1439 0.05906790918962823
1440 3.0877348581084163e-07
1441 0.00037912745450814834
1442 1.0870274388839488e-08
1443 1.48514009655721e-06
1444 7.577543938744807e-08
1445 2.4474758011865917e-06
1446 0.007778288390903177
1447 1.766527717956313e-07
1448 2.338497603218906e-10
1449 9.344828608757688e-07
1450 3.8331474421874815e-05
1451 0.1484096750866252
1452 7.866958623101906e-06
1453 0.0016587836849269813
1454 0.00010346595370286532
1455 2.1603322252403352e-11
1456 0.11584989063664765
1457 0.00011820015417860413
1458 0.06052215177614488
1459 0.004879539393629862
1460 2.391572691257067e-06
1461 0.008172095524420046
1462 0.05675043223035235
1463 0.40630504606897944
1464 0.17658524373190268
1465 0.00012644162126972824
1466 5.20387644687278e-11
1467 1.149087677447991e-06
1468 1.2320026320571352e-16
1469 1.7219833286118046e-06
1470 2.0386331349654092e-05
1471 2.1954997143546202e-13
1472 0.0035786219669892844
1473 7.039737420752712e-07
1474 0.0006607805888401541
1475 0.007849700614594154
1476 3.7778094514874944e-07
1477 2.2380057167418204e-06
1478 6.714917796404326e-08
1479 0.009634079980985503
1480 5.7945413363489425e-09
1481 2.8724520848437698e-05
1482 0.0025314577471350947
1483 1.5242008281659743e-07
1484 1.9313047106266896e-10
1485 0.0009596372292723806
1486 1.9062109897870845e-10
1487 4.7839779544904554e-09
1488 0.009374255354989577
1489 0.055246847537132986
1490 1.7455367469047962e-18
1491 0.00042129056017125866
1492 0.021136753025514505
1493 0.012028460811560558
1494 0.01574612377159828
1495 6.842710672964781e-08
1496 0.12531866446329012
1497 6.274498851437582e-05
1498 5.258924726852671e-10
1499 0.001179025758333066
1500 4.638664301831048e-09
1501 0.01102984839140847
1502 1.425532153864692e-07
1503 1.2384419632626751e-12
1504 0.05756691360535103
1505 9.06996656586877e-08
1506 0.3449042696597541
1507 8.088730512191468e-08
1508 0.00031249933549947335
1509 3.267856805447428e-05
1510 0.10330135403416421
1511 0.11826759378192275
1512 0.00015886234248945104
1513 0.014849215020445394
1514 4.3142681462130833e-07
1515 0.07919056033142355
1516 2.1378910946153934e-10
1517 4.493463981910052e-06
1518 1.8081665607632797e-06
1519 0.004429754851485545
1520 0.000312074409070843
1521 0.00010466088295378454
1522 2.8450971052572125e-09
1523 0.0013348724803218174
1524 0.00023588832727533025
1525 0.00024523178733317023
1526 3.363327597013945e-08
1527 0.006853968197258141
1528 1.7287771056590988e-11
1529 9.87706361179891e-18
1530 1.16948028870187e-06
1531 6.8636415586357e-06
1532 1.0194336243551815e-12
1533 0.04555923258542988
1534 0.0001691951294567892
1535 2.4562906895772295e-08
1536 2.294539146376097e-13
1537 2.7803127823705206e-15
1538 0.0017775588146473275
1539 0.00096953973374988
1540 0.23554398833601828
1541 9.388378688596768e-08
1542 0.012138445473047004
1543 0.13345557313988263
1544 4.1388706591246085e-11
1545 0.009248481307305453
1546 0.5067415914266357
1547 2.8544483468967356e-10
1548 3.0334837686438114e-05
1549 0.05293576598972535
1550 0.00010424500133600572
1551 9.2163469689289e-21
1552 0.00041237183668208947
1553 1.9423073288233404e-11
1554 0.00018397318550360093
1555 2.3548676594602757e-11
1556 0.020430778348121497
1557 1.9874289586019125e-12
1558 5.2601652069913626e-20
1559 7.340833858724922e-06
1560 0.3459199135008119
1561 7.959800509645256e-09
1562 4.391464095002408e-08
1563 1.023775078563373e-08
1564 8.525192302477037e-10
1565 3.900037681757343e-09
1566 9.704930249349396e-06
1567 1.0409232688255897e-08
1568 2.160634931344248e-20
1569 3.517244509142026e-05
1570 3.8796070251539444e-11
1571 3.167440389218903e-07
1572 0.01299668542773778
1573 3.4526547042221563e-16
1574 1.755723971434352e-07
1575 3.509232795979643e-05
1576 0.004323077998249195
1577 8.980982222619927e-10
1578 6.058054622995112e-12
1579 1.57096672503997e-10
1580 1.728414186196546e-08
1581 5.815094336347782e-08
1582 0.02947403811457013
1583 3.89866985642551e-09
1584 3.2027125013615016e-10
1585 0.011335730116494616
1586 0.0005176476154947322
1587 0.011069606684470618
1588 1.3060392477561639e-08
1589 0.019051588492825046
1590 0.0005282637452283201
1591 5.061156724587797e-11
1592 1.7066690839977333e-10
1593 0.000372427842215565
1594 0.0005450776519335671
1595 2.76958802948721e-09
1596 1.5143418407454818e-11
1597 4.5439530925641257e-07
1598 7.853813097988281e-06
1599 0.04226344274618174
1600 0.0006158045204273889
1601 2.5365646980488024e-08
1602 0.0005064730089846464
1603 1.1632571327911198e-17
1604 1.8617142622105104e-11
1605 3.45494092989071e-08
1606 6.824879309747439e-08
1607 9.080401514787181e-05
1608 1.4461876685417644e-06
1609 0.2568101543040896
1610 0.056294090851480925
1611 5.196329592721139e-11
1612 0.00012503658806189294
1613 1.7215760286518927e-09
1614 2.5465053936508962e-11
1615 3.236077656517498e-07
1616 0.0009290839675274982
1617 1.5265065523709885e-06
1618 4.237696160513517e-06
1619 0.00023893272455019254
1620 0.3939055275100988
1621 4.266548769706136e-11
1622 3.511511886340999e-11
1623 8.895807760151293e-07
1624 0.0012532804459400265
1625 1.2883072797896987e-12
1626 0.04757843074092276
1627 2.0602921742938847e-09
1628 1.4562446986614977e-06
1629 1.1575145014887337e-06
1630 1.603798303565242e-09
1631 6.10233119224547e-13
1632 0.0069262071963147485
1633 0.0003997668072191771
1634 2.1642935432093446e-07
1635 2.1863499878224907e-05
1636 0.0002568331172435013
1637 3.263454345819635e-08
1638 0.00015734123742019678
1639 4.867383253312461e-05
1640 2.115865360646715e-11
1641 1.5624618791466266e-11
1642 1.0702657768617953e-10
1643 1.8048760463546211e-06
1644 4.427189185857439e-07
1645 5.02451224865407e-10
1646 4.612835831234792e-07
1647 1.326260285368706e-09
1648 0.39641602170431944
1649 5.5471304726165e-09
1650 3.885698475141928e-05
1651 0.021783313238845352
1652 6.967978777357013e-07
1653 2.0637453881340896e-13
1654 1.6023442762215433e-16
1655 4.460496921393745e-06
1656 2.8337630955131563e-15
1657 4.0190306709377325e-11
1658 0.014007890311032634
1659 0.05450421244468189
1660 0.00024998450694012467
1661 0.00027334637923033273
1662 1.821856594262668e-06
1663 6.3292808058765786e-06
1664 4.876838863538209e-11
1665 8.771629363686186e-12
1666 0.022101103698068055
1667 5.662247280752515e-11
1668 5.861638296538044e-11
1669 3.0783711314428475e-11
1670 9.401420229180345e-07
1671 1.2121609751817853e-11
1672 6.627366762832712e-07
1673 2.6296481125528764e-06
1674 3.297827372807493e-11
1675 0.16859306678989142
1676 0.013106288627058541
1677 4.628395810132567e-19
1678 4.812755071144398e-11
1679 3.5652434490996004e-11
1680 2.4417401143683328e-11
1681 0.37009026657733807
1682 2.121144744982283e-12
1683 1.0787558131945286e-07
1684 2.750997812701015e-11
1685 1.3161908191161113e-10
1686 1.698932558542273e-09
1687 4.0248404803857877e-10
1688 8.929990817108974e-12
1689 1.2124729327386456e-11
1690 4.442762154008823e-12
1691 1.6506525480768491e-10
1692 6.131896581181749e-10
1693 6.056057097359092e-12
1694 2.9064666077551594e-12
1695 7.545670289704151e-12
1696 0.014789227815495425
1697 0.14845509942514537
1698 5.536299575860305e-08
1699 0.00021162926017195978
1700 0.00014218516862370443
1701 0.008334756958645172
1702 0.00010086438195277669
1703 3.7319915205449755e-05
1704 2.632785025389203e-11
1705 0.0003482451613689121
1706 0.0021537861157272247
1707 0.03123834227280758
1708 0.3218022055820633
1709 1.9129133632799894e-12
1710 0.05979970787502059
1711 1.3710748465002885e-07
1712 6.653522874008533e-23
1713 0.00029339459506610874
1714 1.2092408238985407e-09
1715 7.395565676046644e-06
1716 0.26118668249048094
1717 4.4119893301235315e-09
1718 4.281726871745084e-09
1719 0.0001314538826123964
1720 6.564141356415697e-13
1721 5.9830818077671596e-06
1722 0.032170021801581176
1723 7.90634587361474e-08
1724 2.025666123177117e-06
1725 0.0002525769059257353
1726 0.19758309690247716
1727 0.00036313006074649657
1728 6.131018032506583e-13
1729 0.0018858930232974341
1730 5.609537536860066e-08
1731 0.0010802795039571514
1732 2.9154534898352685e-13
1733 4.520505478061568e-06
1734 0.0008878822529477878
1735 2.418539725508667e-06
1736 8.932395347154791e-07
1737 0.08716602477579856
1738 2.346023036414657e-07
1739 0.05628243583694236
1740 0.04376008388399691
1741 1.3714735134312163e-09
1742 0.12059150832927196
1743 0.0016548927213842623
1744 0.0014672549025697141
1745 0.5088333072356894
1746 5.8963445777005725e-06
1747 1.339337594354031e-09
1748 7.257442788893211e-06
1749 3.26065854774724e-07
1750 0.003398553058993902
1751 0.1393432815457908
1752 0.00605063041269966
1753 0.0053988657302004766
1754 3.507135422431172e-09
1755 0.6353071175468963
1756 0.0012084573217588778
1757 0.10429600417982403
1758 0.0008724984951046295
1759 1.6136161210728657e-15
1760 0.11456425154674568
1761 1.6891269982256584e-05
1762 3.496485388782803e-08
1763 0.012248778648660622
1764 0.7364662186743587
1765 0.18991735781868982
1766 2.6204672076258543e-09
1767 0.008695900420772812
1768 0.09125607777855942
1769 4.251138712234023e-17
1770 1.53434984289978e-26
1771 7.646379326080218e-09
1772 0.00010971234311199247
1773 1.204851287366846e-14
1774 8.011932631281617e-06
1775 0.7951174552505056
1776 1.7387712237426214e-12
1777 4.181358667359689e-09
1778 0.00018525073046879876
1779 3.6787420539987438e-06
1780 0.06713928491437907
1781 0.0008576142523018237
1782 0.0006561144227675374
1783 1.6756481146084035e-09
1784 0.055736253054343245
1785 1.279019723832583e-06
1786 7.713091101305264e-05
1787 1.9154077388771534e-07
1788 0.002051939190724941
1789 0.5295596857049751
1790 0.0003244356707169904
1791 0.0004905224815119474
1792 1.6729264894184072e-07
1793 2.5953233439085256e-10
1794 0.0014493265868080973
1795 0.7928312976177733
1796 0.0007721526061148301
1797 6.841363863809646e-14
1798 3.3731994421190758e-15
1799 2.828325109765132e-07
1800 4.16569730519209e-09
1801 0.0029731426799880847
1802 0.33519579359411744
1803 2.7211881029602147e-09
1804 0.01683011401197453
1805 1.2437611487415737e-09
1806 0.10739432653688345
1807 1.9563120598698414e-09
1808 2.142806343566142e-05
1809 8.630869904548644e-10
1810 4.663258217632578e-25
1811 0.8313187660221778
1812 3.276941171749134e-27
1813 0.07562768109215304
1814 1.7891655563428086e-07
1815 0.7320987294669444
1816 0.07887030754122236
1817 0.058700251150859625
1818 5.502160101867272e-08
1819 1.6620010844458428e-09
1820 1.7001474892238e-06
1821 0.012850480334597836
1822 0.1645758435986155
1823 0.006242819520355712
1824 4.619254685980952e-05
1825 0.577060263012951
1826 6.113665690279175e-07
1827 0.47292397860532603
1828 1.5152162074139554e-05
1829 0.07046991771213158
1830 1.5588448143388024e-05
1831 4.073571504829802e-10
1832 3.0169856452736224e-08
1833 0.6545083193161846
1834 0.1341299986347282
1835 0.07773532619003541
1836 5.524409227408236e-07
1837 5.420011984329992e-33
1838 0.008483865209085156
1839 2.8853203337233913e-12
1840 0.007315908894605694
1841 3.4329241713762883e-09
1842 0.041227364965808484
1843 0.0009209470412337765
1844 1.2017295432781797e-07
1845 0.059115319019940916
1846 1.3529694583277671e-09
1847 0.625646006765824
1848 3.3046042068920764e-05
1849 0.6877070801939067
1850 0.20005540486918066
1851 9.998464315987485e-10
1852 0.3798675020823863
1853 1.8450417666668717e-10
1854 0.00034587446277672946
1855 5.9762073699644375e-09
1856 4.144949210299337e-09
1857 7.853045774049995e-05
1858 4.452141355239448e-07
1859 0.05008296541371957
1860 0.0021229887991042196
1861 2.7111925337462794e-13
1862 6.422698173552283e-06
1863 0.01843911953357007
1864 0.0002568832320845935
1865 4.713219879113772e-08
1866 0.01514196346672863
1867 4.570320802070857e-09
1868 1.3664159608416712e-08
1869 6.376118606297592e-08
1870 3.322376325588324e-07
1871 0.02083859343424096
1872 0.6646554860732704
1873 0.23618525170894794
1874 0.34652059277975883
1875 2.6417927968147382e-11
1876 0.009040384293460236
1877 0.0004489092630854884
1878 0.15902490889766754
1879 0.0055852835310148145
1880 0.021331972149621743
1881 2.217893614911143e-07
1882 3.820514288278043e-07
1883 5.067353704409479e-08
1884 0.02645121037392113
1885 0.4934340106785381
1886 2.0099109596931504e-06
1887 0.5918827852544044
1888 0.0026873757199932366
1889 2.321408694806798e-05
1890 0.0003755874544854187
1891 4.3635157015680834e-07
1892 3.9210430512971964e-05
1893 3.816905724090345e-09
1894 1.756824595335791e-15
1895 0.012238005403687777
1896 0.0052331887358164995
1897 3.7135521644876935e-07
1898 0.14639427813425054
1899 3.461847237727914e-07
1900 0.0001244135969315891
1901 1.2866760545910733e-08
1902 2.5854696160325007e-07
1903 2.7998470112867208e-08
1904 1.8912972262850511e-07
1905 3.0601063134262503e-09
1906 1.7929806331831778e-08
1907 0.2044110897692969
1908 0.019637825467476982
1909 9.927126579462077e-09
1910 0.3341631125342404
1911 6.821596213999994e-07
1912 0.01896746078604916
1913 0.0058547008771562175
1914 0.000535202289799375
1915 3.7650664717724616e-08
1916 1.053173743742039e-06
1917 0.12594779460729538
1918 3.8307242859750957e-19
1919 8.302891174088216e-10
1920 6.624692102202081e-12
1921 0.005664010264388705
1922 0.00312970840065407
1923 0.3569867020742853
1924 0.48045311518813005
1925 5.021663241468051e-07
1926 1.9791769220236502e-05
1927 0.0006480812620537683
1928 2.1362057433072684e-07
1929 2.341366633872508e-28
1930 0.0006861055078453014
1931 3.902982449614544e-06
1932 4.337631477729604e-05
1933 6.425171773286113e-07
1934 6.860537415629834e-07
1935 3.698934442010886e-16
1936 1.6400226248788384e-07
1937 1.0604628088043713e-07
1938 0.169497005978461
1939 0.008816945887497587
1940 0.004937967501257048
1941 0.013269030486476175
1942 0.0011584802198150493
1943 5.453703039194487e-09
1944 0.2628102112092081
1945 0.015732169429918917
1946 0.00037577833299337274
1947 0.008506146043112181
1948 0.024493827888962975
1949 0.07069004633079431
1950 0.2331666164961662
1951 0.00012661431605795877
1952 0.10225988517876262
1953 1.1073197397745535e-09
1954 5.160222591954926e-09
1955 1.2147299079386343e-07
1956 0.001034875620055419
1957 6.250558718175236e-05
1958 0.10132216940341116
1959 1.1836170693927113e-19
1960 2.029316049414201e-06
1961 0.19395074929582498
1962 1.6489748851359721e-06
1963 0.0004924094347111899
1964 4.1215954881953406e-05
1965 5.679581655112343e-07
1966 3.0654502134364346e-08
1967 0.3548960000605063
1968 6.405725287213705e-07
1969 0.3477685037250449
1970 0.00037760740934611426
1971 0.05653529510466078
1972 0.22900597013143165
1973 0.07775169913553434
1974 1.5569238950215224e-08
1975 1.6845180282613588e-05
1976 0.005281738391590876
1977 4.327429548823953e-06
1978 0.0002752554355247775
1979 1.7966094179621092e-09
1980 2.4582101982659415e-07
1981 5.20646933469834e-07
1982 0.005096666067964246
1983 4.950996261205481e-39
1984 1.053494414066259e-09
1985 0.23798966943329775
1986 0.5501462438242121
1987 7.41270183881369e-09
1988 0.4271482228432958
1989 2.0091552631207273e-08
1990 0.3360459343161635
1991 0.0046373568525546385
1992 1.1820842842261465e-08
1993 0.005308082877987869
1994 0.18907438921904046
1995 0.0005129847597292676
1996 9.36997851323609e-05
1997 0.19855224926484621
1998 1.2508842731590044e-07
1999 8.295665681702286e-09
2000 1.671887938420173e-07
2001 0.3021241535269778
2002 2.091445114388223e-08
2003 0.253501887771443
2004 0.0011261030234219593
2005 0.659392233725502
2006 0.0009372365139721834
2007 1.4267936075461089e-09
2008 4.503265181730328e-08
2009 0.004664376149300209
2010 2.2752198701510983e-05
2011 0.00016194097832717352
2012 8.369908252696606e-10
2013 2.063341513658289e-08
2014 3.858826862105314e-10
2015 5.58759769163321e-07
2016 3.6804185488495785e-08
2017 3.783002694111818e-30
2018 0.0006210864317704377
2019 0.7358266861553121
2020 3.3026521198702637e-07
2021 0.14507163137685058
2022 0.0019828271137086627
2023 0.21947764566109637
2024 0.015338151121007474
2025 0.016367735899979273
2026 1.6489158657062406e-13
2027 0.5736065526099071
2028 4.57544659959375e-07
2029 2.801714451496626e-07
2030 0.0002620171012002356
2031 4.171415920993941e-08
2032 4.4478010604834805e-06
2033 0.0012125476216301575
2034 0.05224325148298059
2035 9.880369619146561e-09
2036 5.959658133777128e-06
2037 0.4557223356773043
2038 4.9043071841832035e-06
2039 1.6202043714069208e-05
2040 0.0001979379919952077
2041 2.1843144770427124e-10
2042 1.3494042827922544e-05
2043 9.200649744243031e-06
2044 0.0019844179076439756
2045 0.6699049636786274
2046 0.0008432163985775064
2047 9.133518823460958e-06
2048 0.01834245681164873
2049 8.252940620973441e-05
2050 1.8687805765966964e-06
2051 3.51745812551137e-18
2052 1.872401843275684e-05
2053 1.2782540064747215e-05
2054 0.7614763593983449
2055 0.09869640259782499
2056 4.1086939295983364e-07
2057 1.1163027206254939e-08
2058 3.5190129132922026e-09
2059 1.2061602959971674e-07
2060 5.494729937591728e-05
2061 5.6939750734692746e-08
2062 1.601595142387633e-08
2063 0.000694315458430525
2064 0.06253356632249983
2065 2.2721601147975665e-05
2066 0.7252908760449065
2067 3.5155342491066525e-05
2068 0.002089960678570077
2069 0.004879303620329314
2070 0.004503905254838796
2071 0.03695220899566055
2072 3.116280715626711e-07
2073 4.243036830537009e-05
2074 1.4151630472437974e-08
2075 0.00419315186062981
2076 0.14502300684639466
2077 0.00045075865013776057
2078 1.70774576452107e-10
2079 1.5928607355185071e-07
2080 1.497745491795047e-07
2081 6.577124546014742e-05
2082 7.09374213830044e-17
2083 0.7289094369901898
2084 5.205959655981744e-13
2085 3.206052413022385e-05
2086 0.0003933681509957936
2087 0.7242060689328336
2088 0.011569985073949827
2089 5.626710749719248e-07
2090 0.011883357482024015
2091 0.000820826658329541
2092 5.555476647075007e-08
2093 2.523198346486266e-06
2094 0.00010353915689320445
2095 1.6927817596437584e-08
2096 1.1765616808840436e-06
2097 8.856344442324404e-05
2098 4.762723208255086e-05
2099 0.0008930861992476123
2100 6.436570787823694e-07
2101 0.021975309402239258
2102 2.7582236356128495e-06
2103 2.2458385433145974e-09
2104 7.239018298725294e-05
2105 1.6802842712941098e-08
2106 0.04082124321510274
2107 0.3122188849049946
2108 0.07513978010038855
2109 0.0008926694752995768
2110 0.0005448757605870575
2111 0.12937887216015692
2112 1.8276219118332046e-35
2113 0.0008472014559915376
2114 0.4733072695255118
2115 0.64653305976677
2116 0.0011331104337013597
2117 0.6664548819534103
2118 3.014665643819329e-11
2119 5.004755803698568e-15
2120 0.00023883200723736624
2121 0.0002052228918363519
2122 0.00020709678466460655
2123 2.2745251043307977e-06
2124 4.220088013429159e-18
2125 0.20694019356719567
2126 0.008742500919087355
2127 0.001485586364024345
2128 0.001556309215069305
2129 0.002259750596330458
2130 0.1467843244616222
2131 8.961875827197192e-06
2132 0.20707886672191436
2133 3.775572651999149e-09
2134 0.08886702357103972
2135 4.672698272493948e-22
2136 2.936476365334073e-07
2137 9.655988709710596e-10
2138 0.0027283220461898055
2139 0.7039421505627692
2140 0.0003220361744493401
2141 0.00025433464532390027
2142 0.003876134409920916
2143 3.73625336507545e-11
2144 0.004869087603840725
2145 1.3725577835564776e-07
2146 3.569145569159729e-05
2147 3.989890439580433e-46
2148 1.0783665484017441e-08
2149 5.032439372593276e-08
2150 8.734024071930797e-08
2151 2.6083829705090576e-06
2152 0.12036879993673871
2153 0.00448682606129475
2154 0.0009761342116442912
2155 1.214189413208536e-06
2156 2.319543014238138e-05
2157 0.31654321759147225
2158 0.5614373851208986
2159 0.000721801723107042
2160 2.398017628201076e-08
2161 0.0384733118671551
2162 4.0471462344331037e-10
2163 1.2064732362674073e-09
2164 8.531485887229887e-07
2165 1.3770676692038337e-05
2166 9.09770496440294e-08
2167 0.04747502826205312
2168 0.07938004026281391
2169 0.3085588595457714
2170 0.0004966397262293823
2171 2.2299217444115405e-08
2172 0.10511373740274033
2173 0.0026789215698388934
2174 0.0010449724315834917
2175 0.002260500648211019
2176 0.13971956810014127
2177 0.0010637944402129057
2178 3.552198730508534e-07
2179 0.02636269863438953
2180 0.0006923455040911346
2181 0.7716999324484548
2182 0.5302568648184902
2183 2.493988771227489e-06
2184 2.972682213563686e-11
2185 4.367432593288756e-08
2186 1.2601211876462882e-06
2187 0.0002942770377630163
2188 0.002870605866292328
2189 0.43865236359177845
2190 0.3091440031220549
2191 0.0002524429206686112
2192 0.0007170211064357707
2193 0.337578895401464
2194 0.0017120678363572056
2195 7.042146477099828e-15
2196 4.188919978835078e-10
2197 2.5349376698669483e-16
2198 5.03956078754952e-08
2199 1.7127338213292295e-06
2200 4.351717564022414e-08
2201 0.00518557710562606
2202 0.24937248386119587
2203 0.0014691903378179919
2204 0.0037546221718818868
2205 0.0037280952568258157
2206 5.619670429969225e-06
2207 6.753715982005889e-12
2208 2.1315006114253978e-06
2209 2.807265844464229e-13
2210 0.6109449702377419
2211 2.4739910603744065e-06
2212 6.788369127604916e-07
2213 0.0014772579930540744
2214 9.184134346329878e-05
2215 0.19339595862250075
2216 0.43144883671042666
2217 1.2773233438596668e-09
2218 3.689446628706458e-26
2219 0.0003640725904350063
2220 4.3947076608261755e-09
2221 0.004603904006883458
2222 0.3742157468738219
2223 6.367657702824179e-10
2224 0.15175778299309942
2225 0.009402295988879147
2226 0.009489589770298412
2227 4.8772165061249225e-26
2228 0.0036168737692916513
2229 0.3995761913531429
2230 3.06108117562413e-05
2231 0.12212306631126121
2232 0.3564754186447311
2233 0.01706979097630434
2234 2.4148427944214816e-06
2235 0.006717986658319394
2236 3.298236922683485e-08
2237 8.78269775503764e-37
2238 0.17302282926959792
2239 5.367699958364386e-07
2240 0.17714061001515433
2241 0.00854860669738906
2242 0.005553030480909906
2243 0.1928417046078912
2244 0.01637906430524369
2245 0.026709059194370752
2246 0.0715719135846458
2247 3.955817117693273e-12
2248 7.20774252109857e-14
2249 0.001054355993016047
2250 0.00031492255561982953
2251 3.228449415980826e-05
2252 0.0007114918642706876
2253 1.546358401688453e-05
2254 0.024798866010775605
2255 0.0364792681364954
2256 0.14734384804318865
2257 1.688292868153807e-08
2258 0.032677120695937464
2259 3.7982789047005735e-30
2260 0.0007251727134781203
2261 0.014976521304462595
2262 0.00020373064963963847
2263 0.19275027388277485
2264 8.524318375513278e-08
2265 0.0002824866241435298
2266 8.360642815248131e-07
2267 0.0013295886603449784
2268 0.27701142406006757
2269 0.05424141779331394
2270 0.0016123027004069687
2271 1.1975966916380466e-06
2272 0.0014109170541938792
2273 1.5737088401870096e-06
2274 0.23883542562570478
2275 3.188073926348919e-07
2276 0.00014459822005281097
2277 0.0008516743584581142
2278 7.638470079947221e-08
2279 2.010921868450006e-06
2280 0.2554879107493295
2281 5.914910062691301e-09
2282 1.5888419601293096e-13
2283 8.057451583646883e-09
2284 0.0005521214257199941
2285 7.996412540254202e-06
2286 0.1132177964001402
2287 0.033079255804134504
2288 2.267830634711517e-11
2289 2.231992821028665e-11
2290 0.12763862743720092
2291 1.8870322951905484e-06
2292 0.021946633565667163
2293 0.25041706019773297
2294 1.053941082389492e-14
2295 0.005986101601042696
2296 3.688047800682267e-10
2297 1.8639567301546546e-08
2298 0.03101662787512512
2299 0.0003621315677955632
2300 1.0966488157369515e-09
2301 0.2916136507876309
2302 3.753117101633601e-14
2303 0.0005821058292625002
2304 0.6970081566956163
2305 0.23911851214793617
2306 4.40542619677655e-15
2307 2.109590462042162e-05
2308 0.30252702070484017
2309 0.5202373639833956
2310 0.1987823473555585
2311 2.0524889024118486e-06
2312 9.452445184891668e-15
2313 0.2220891549950411
2314 0.029681622717771496
2315 0.014995209467013246
2316 0.0018640604136880223
2317 0.00013959611853832236
2318 0.004437754201073515
2319 0.006906351700860356
2320 5.333808432943258e-07
2321 1.6834740227486797e-17
2322 9.270183327864226e-10
2323 1.5909149888503893e-07
2324 0.17670256447143495
2325 2.3761012418527624e-11
2326 1.742456360243384e-07
2327 1.398579095069938e-05
2328 9.255796249357516e-08
2329 4.019503611514422e-05
2330 0.0027193725910190335
2331 6.320816670385727e-10
2332 0.2930952473922279
2333 1.4891572299084206e-08
2334 8.987843091905831e-05
2335 0.23579956003224886
2336 0.06180134940999385
2337 5.032132159769339e-07
2338 0.003902554857795967
2339 0.6923154383211106
2340 4.384715936367832e-08
2341 1.9642975382022159e-22
2342 0.00038418246768510397
2343 0.00017929881816694255
2344 2.1420212184803915e-09
2345 1.4052799896367437e-05
2346 0.0065559168825542555
2347 2.9774205897862754e-14
2348 0.0002701974016126953
2349 5.331705649024634e-09
2350 3.2668642054120354e-08
2351 2.322583840794706e-31
2352 7.571225866806711e-14
2353 3.97283735791873e-09
2354 0.017101728128182406
2355 0.0011017890556835669
2356 0.22436091824488907
2357 5.5670620792266405e-09
2358 4.195544418703572e-07
2359 0.5671211458742501
2360 0.02135677663665708
2361 5.741945909650169e-09
2362 4.163206711060955e-19
2363 2.778742016120397e-13
2364 0.0008801772751226265
2365 0.0006775394603888934
2366 0.0007071931070340619
2367 0.007967410157296122
2368 0.10264385509991333
2369 6.581719606535511e-14
2370 2.2570416303931932e-08
2371 1.330429765875764e-09
2372 1.2339419244776413e-10
2373 0.00675444242169576
2374 0.014439999526941043
2375 3.376432196224889e-05
2376 1.7233053269757118e-13
2377 0.0005663167242173174
2378 0.0018951998169040106
2379 0.0007336418129293984
2380 0.010718189057600663
2381 0.04633398059168691
2382 0.016325916324121278
2383 4.6305463339880044e-15
2384 8.921554214033238e-13
2385 3.6479704780850864e-14
2386 8.51450912462085e-08
2387 0.002345272993305564
2388 0.002817706715702873
2389 0.00018608223096598759
2390 0.00729290806733522
2391 4.6781715303980034e-07
2392 0.506061645306742
2393 4.9805517283447344e-09
2394 0.0013209624278945086
2395 1.4630840675410626e-18
2396 0.002056649162744629
2397 0.00010053972420247276
2398 0.0005852167085794559
2399 7.915112874586415e-20
2400 0.016427795977597283
2401 2.7090327385867162e-11
2402 0.04612263256348911
2403 9.052054053020807e-14
2404 0.052033913179356475
2405 3.4421064317400455e-12
2406 0.5730201809153235
2407 0.00033975852941544384
2408 0.5990905787376671
2409 0.024983847128694323
2410 0.002428652077700755
2411 0.04307607914241965
2412 0.6929307567183702
2413 1.971418118259714e-08
2414 0.014255381120701882
2415 0.033626420807084216
2416 0.008780208749653365
2417 1.356298330318604e-10
2418 0.00031597619481990065
2419 2.612390385570047e-12
2420 0.0010884895000156769
2421 1.4223871218947463e-14
2422 0.0019147325972905197
2423 0.00231261097130566
2424 0.7796410751677878
2425 0.767000175957769
2426 1.0676627666905653e-13
2427 5.803103449410825e-10
2428 0.0003072570853209967
2429 5.9321624947948764e-21
2430 0.0025092686407480478
2431 4.771776391552258e-18
2432 0.007039546930552823
2433 1.9304468384278687e-19
2434 0.8085314784276548
2435 1.6275174037973936e-39
2436 3.970185264485894e-14
2437 5.635338773149683e-07
2438 0.0008124121845672976
2439 0.00017939539012673278
2440 0.00650507312885262
2441 0.002384468033457004
2442 3.468969223641582e-08
2443 5.049436477977188e-39
2444 9.076129126422975e-19
2445 0.00010365862041679617
2446 0.17091775575411272
2447 0.023026705760502728
2448 0.7774456180293381
2449 8.025286963195715e-08
2450 1.4011628737134132e-10
2451 0.6853110958879264
2452 0.7167449866308552
2453 1.9903096176903282e-23
2454 2.1431272318279265e-11
2455 0.03258467128434314
2456 5.231333108700498e-07
2457 6.264318687642068e-11
2458 5.841647091218516e-19
2459 9.692076473739404e-08
2460 1.251721007917823e-08
2461 0.290014999851965
2462 3.0018864062951434e-05
2463 9.389882411272228e-08
2464 4.068010635582796e-13
2465 0.0095395979311693
2466 5.927739492862517e-25
2467 1.2762562871074393e-21
2468 0.00011604000696381316
2469 0.09622674758176648
2470 2.4643466180043374e-10
2471 1.3223510488214893e-20
2472 3.5973391563149366e-05
2473 0.0016898154272604932
2474 0.001974709493413962
2475 3.733290878116191e-27
2476 4.035966872781099e-08
2477 7.500968315975038e-10
2478 0.011726396149963509
2479 0.010922475233208297
2480 0.035837064665251675
2481 1.3272751489816393e-20
2482 2.961683723466905e-12
2483 0.05564722089366901
2484 1.893156265279931e-22
2485 3.256319446226799e-41
2486 0.10457541859489197
2487 3.5918905481299465e-12
2488 8.507650981522443e-10
2489 0.00020710572970429562
2490 0.023410988539314784
2491 8.409828509616461e-09
2492 0.01651306354429489
2493 2.6545972818073294e-08
2494 0.00016277640669187544
2495 0.12316990895112134
2496 2.6515135988274275e-08
2497 0.13957475497629562
2498 0.0031909433301927277
2499 0.0008698314610134094
2500 1.2364819676770454e-14
2501 6.769588811731741e-20
2502 0.0312781498234161
2503 2.486534125946669e-26
2504 2.3073016604764533e-14
2505 2.2129162530334026e-21
2506 1.9290669693279536e-22
2507 4.4067429707753284e-26
2508 2.817435362400872e-20
2509 0.047169316989692504
2510 7.291842566235841e-08
2511 0.018190596800454758
2512 4.8021067407462184e-26
2513 1.2267060734407601e-37
2514 2.0580056683537894e-14
2515 1.0910499106069383e-21
2516 0.04139911712929454
2517 3.577869803091954e-11
2518 0.0014410564313590034
2519 3.7640157943780534e-20
2520 1.9660159188280975e-11
2521 4.250087357367752e-22
2522 0.0020550142410754478
2523 1.4899686942692132e-08
2524 5.710972206019459e-07
2525 2.830110973978456e-20
2526 2.035545769431618e-09
2527 4.742179378721239e-09
2528 0.0032937635954329264
2529 5.482353389659834e-23
2530 1.9401909828796524e-16
2531 4.759823422634586e-14
2532 2.2663462487530728e-05
2533 1.2701886813894708e-07
2534 2.195127356354836e-41
2535 1.784818706469664e-08
2536 0.0008554535739379913
2537 2.355350488871757e-12
2538 0.0012961243764528876
2539 0.00011715588002235631
2540 0.0004481451465111429
2541 0.010058798201386103
2542 0.0006154693664779196
2543 0.0015490338776802035
2544 0.28752606353615606
2545 5.420800733283209e-07
2546 1.2027265097623319e-05
2547 0.0005075315007714277
2548 9.514998971063827e-06
2549 0.0033241271913536726
2550 0.25504994862933444
2551 8.179211375929057e-05
2552 3.540205025266196e-13
2553 0.020746156603899828
2554 1.7085623256718262e-12
2555 3.690477494051634e-11
2556 1.1753651522228144e-25
2557 0.012522401350423476
2558 8.124401461561166e-09
2559 8.793114931448198e-17
2560 6.049805248065569e-18
2561 1.1223769784726755e-19
2562 0.0005881098545374374
2563 0.000618298041951176
2564 0.05877202495516498
2565 5.117648554998879e-40
2566 4.4027172483947774e-26
2567 0.30259879296412884
2568 1.2232839731123588e-26
2569 0.006180921661242141
2570 0.09556078747593966
2571 3.178098646945137e-09
2572 0.0030074556123003172
2573 0.005852592514746169
2574 7.035322030323316e-09
2575 1.9937072575797504e-08
2576 1.2988065123983762e-07
2577 0.0005928316393941352
2578 6.180483417222607e-16
2579 0.0012868751115060447
2580 0.00015717683045045585
2581 0.00042536649249920157
2582 0.0010251074212684964
2583 0.25599376172258537
2584 0.15073732646238677
2585 4.971836781827091e-13
2586 0.0002178384803253395
2587 4.3791273120328117e-07
2588 1.9994549134501325e-20
2589 0.006547441118689697
2590 7.506420346448069e-28
2591 0.0013532646748980514
2592 1.6181228526968483e-07
2593 0.31162945347176235
2594 0.0030846661278406415
2595 0.33629212342377746
2596 0.00017799587792589376
2597 3.276562057195331e-07
2598 0.0006054143477221729
2599 0.02289856945016027
2600 9.909396808858797e-09
2601 0.013776123017478992
2602 0.0005854959850199858
2603 0.023362256370552704
2604 5.478670728237904e-20
2605 5.123387933898971e-21
2606 1.0738299471688082e-07
2607 0.001125555092057707
2608 2.0702136248168883e-15
2609 0.010014813420774815
2610 1.501187782955924e-24
2611 0.01488412018629693
2612 9.115719905299917e-47
2613 0.0003703194352328207
2614 4.269165899730519e-12
2615 5.191156150976171e-14
2616 0.20587453979525605
2617 0.007725948396914983
2618 0.2368326678723216
2619 5.309803397344973e-24
2620 2.0874995002847348e-32
2621 1.5131653899662716e-40
2622 0.005897663277287122
2623 1.6681086010796694e-21
2624 0.004204723685086736
2625 2.054387660232481e-11
2626 0.6017234806267238
2627 0.0004985276021700671
2628 6.362407030395459e-22
2629 0.6293729664030362
2630 1.9360449734714417e-10
2631 0.038152778567542116
2632 7.402261132370501e-27
2633 0.014614925585016762
2634 0.000375164106921824
2635 0.00024133998839751577
2636 5.0004595498516e-25
2637 0.528812806880424
2638 0.0008525931884454655
2639 2.642351708127435e-27
2640 0.23784489396746888
2641 2.2709761861737876e-06
2642 1.183687123708531e-09
2643 0.0011413264141131698
2644 1.7316589129820985e-25
2645 2.9789903056166036e-06
2646 0.0036410920123226293
2647 0.32183539781021125
2648 1.5550408088372465e-36
2649 0.0013446365638908103
2650 1.4704319611701772e-35
2651 2.6731579772199852e-05
2652 0.17582624237778594
2653 0.00456657466501612
2654 1.1557113465719804e-05
2655 2.1379060446702066e-06
2656 0.1262411058166432
2657 6.354615770061643e-07
2658 4.192249204637104e-11
2659 0.000488888327672622
2660 0.1720467413417309
2661 0.16662627560029855
2662 0.21866605175743384
2663 3.47981645632249e-05
2664 1.3871772278663877e-23
2665 8.303530481530314e-08
2666 0.38332252836006275
2667 4.112755693581192e-52
2668 0.01038320626677184
2669 0.26411502858788544
2670 0.0001086513727744436
2671 0.050389382812075396
2672 7.516332182230077e-05
2673 0.34516033579103367
2674 0.03569500984665387
2675 0.38368947712975665
2676 0.13046742656309007
2677 0.016427921828609256
2678 0.08960110870599795
2679 0.006429209198784855
2680 0.28254938333951773
2681 0.19201934254532127
2682 9.129672562313208e-05
2683 0.27749138549621233
2684 4.562940376071155e-45
2685 2.9317777912552145e-05
2686 7.418560173887657e-13
2687 4.1231982048853335e-11
2688 9.218561291100515e-17
2689 0.00010456795479212922
2690 2.9180738411836375e-06
2691 0.14306800006015735
2692 0.01009735248845979
2693 0.3405433451269758
2694 4.137896042458824e-18
2695 0.006742188352387142
2696 0.2521195753349191
2697 0.30497891618764345
2698 0.08907405076794828
2699 0.0007942570902003907
2700 4.144322567028513e-12
2701 0.0445466234427468
2702 0.00029063072285695637
2703 0.02505151589387406
2704 3.401651940960524e-05
2705 1.4748089570840722e-09
2706 1.5588857137654032e-24
2707 5.266435987306731e-24
2708 0.01532078721577527
2709 0.5256127977310643
2710 0.045702134232821885
2711 9.916918067641682e-05
2712 0.03591558592416736
2713 0.08681927445033068
2714 0.031053790518773362
2715 4.900832566834441e-12
2716 1.048108647130753e-20
2717 1.3876971301360676e-11
2718 0.04890903944292422
2719 2.242045751817157e-18
2720 5.66836337074789e-06
2721 0.0004909317523258017
2722 3.838757867489322e-10
2723 0.26412412804281876
2724 8.014953745535679e-12
2725 6.754685994588767e-11
2726 0.015873699428994175
2727 7.408761803032852e-05
2728 1.2895431413068283e-09
2729 1.1039423125255615e-10
2730 2.1709127411271666e-05
2731 0.25284240286677667
2732 3.926224476753329e-08
2733 0.1743354480232374
2734 3.993736799116662e-23
2735 7.193343616117271e-11
2736 0.08604644793750943
2737 0.004519463387852638
2738 0.3542749153863641
2739 1.325786744308927e-15
2740 1.6993107872672748e-10
2741 8.69143980847591e-07
2742 3.7976475906877445e-06
2743 8.69544123855161e-12
2744 0.00045213062093228803
2745 0.00015192629605642014
2746 2.3140642232733762e-05
2747 3.1899768474045494e-05
2748 0.3133398987671849
2749 0.38446817761346264
2750 1.2789525440131372e-24
2751 0.44627626384019636
2752 2.1481096822036318e-16
2753 1.5096725473205243e-07
2754 0.004267146874272663
2755 0.07085396035181811
2756 0.009444324745916374
2757 1.6998982646307327e-05
2758 0.00021928419560112848
2759 0.0974848855428019
2760 5.568413516844877e-15
2761 0.0062446010039030175
2762 0.061879736667577165
2763 1.3810555168358316e-12
2764 1.0868741452250385e-10
2765 0.27720493485369596
2766 0.284590582821622
2767 0.00021585503977966078
2768 0.08701991128490318
2769 0.0004343327017040029
2770 0.060810720139396215
2771 2.1635595299505652e-17
2772 4.271480769260513e-05
2773 5.5902472787146775e-05
2774 4.652499009966342e-17
2775 4.1542639277724916e-05
2776 0.37145674003149776
2777 0.2894456795274573
2778 0.4927126796620127
2779 1.6304931602971095e-05
2780 0.21138439596406833
2781 1.3742458356467362e-11
2782 0.10646188685471067
2783 0.4416290289698707
2784 3.0863394316218374e-06
2785 7.83432451825068e-05
2786 0.43135817307286206
2787 0.4368938945617145
2788 0.14266484506465402
2789 0.5072596493725311
2790 1.8462611763901998e-16
2791 0.4576200274347805
2792 0.48661662349783663
2793 3.918083821978762e-05
2794 4.4752518597804635e-08
2795 0.09014234712236283
2796 0.05522256590065891
2797 0.005808065747548406
2798 0.058962385637006766
2799 0.0726496748319106
2800 0.02769478154211724
2801 5.764685557363779e-05
2802 3.003030920081781e-08
2803 0.04856193981029903
2804 9.413295257652192e-05
2805 2.716333564690385e-05
2806 0.06305164840742802
2807 0.12067280414212508
2808 0.0002613808165600089
2809 0.3350126927450154
2810 0.18761829043714134
2811 0.0746681836359882
2812 4.3959993924436656e-11
2813 1.1392715732950394e-05
2814 6.958332869585079e-07
2815 5.514338845403548e-09
2816 1.79011845317053e-07
2817 2.5635902681049836e-05
2818 7.249070618330166e-09
2819 1.9825387927746774e-08
2820 8.324621490323676e-05
2821 5.031429437013231e-17
2822 3.901128804110877e-06
2823 0.14954986417403304
2824 0.022289223872782038
2825 5.436486085904628e-07
2826 0.3254773791862301
2827 0.1478863092052275
2828 1.6035232985129484e-15
2829 0.4332788874356379
2830 0.05278791416675317
2831 0.6195475727886642
2832 0.5363910875986911
2833 1.407039746318322e-05
2834 0.2276869385858139
2835 5.770587342344007e-16
2836 0.6649793547005765
2837 4.311273944173787e-09
2838 3.984065998508154e-05
2839 0.6617817747290011
2840 1.1385246785364473e-06
2841 0.6103351045851079
2842 0.12363074163902153
2843 0.15855544164768653
2844 0.5216861514916549
2845 1.4634461628518927e-09
2846 4.685452887807041e-21
2847 0.021459155398147182
2848 4.7976955699202334e-08
2849 3.904063613805798e-08
2850 0.002533293733451888
2851 0.0007240665496328301
2852 1.993893098373831e-20
2853 1.4265578216286378e-05
2854 1.189853193598461e-05
2855 0.0021956142765134417
2856 0.4122039815843319
2857 1.2881063787810402e-25
2858 0.08746431334016035
2859 0.00013776638371742155
2860 0.036576678886310304
2861 0.0002472419986547894
2862 4.3210548288149495e-09
2863 0.19989446635456573
2864 0.0017806103384049232
2865 7.418730681752483e-16
2866 0.20903131085244223
2867 6.552217329696977e-12
2868 1.9786852716581183e-05
2869 9.896376904041656e-05
2870 1.5002301644324693e-08
2871 1.25407280629207e-08
2872 0.1234612026299548
2873 8.66948445364609e-05
2874 1.0731186513292647e-08
2875 7.038716414056578e-07
2876 6.51597934661786e-09
2877 1.1525225843180722e-05
2878 7.678873102507327e-06
2879 2.0548705604759016e-21
2880 0.03310052641600088
2881 0.0027401645386592997
2882 5.138331702594046e-05
2883 4.882193248696531e-06
2884 0.019339165612409018
2885 4.042042415957031e-15
2886 0.011503056384922076
2887 9.20100491044446e-23
2888 9.307032925524827e-06
2889 1.8224543039958716e-11
2890 0.23310436187336878
2891 1.1196570559722901e-07
2892 3.949735094558666e-05
2893 5.450331041005633e-16
2894 1.440911315089693e-07
2895 7.2804148895093e-06
2896 3.1898828961070923e-07
2897 0.1308586741296401
2898 7.140028115653457e-06
2899 0.16930704537315247
2900 0.00010802360922171429
2901 2.5005402288575826e-09
2902 7.591329393110393e-05
2903 0.0995051076150207
2904 3.246503200219641e-17
2905 0.015884309771421155
2906 3.836466906843658e-08
2907 8.170429600693441e-08
2908 0.056584623518729234
2909 0.26830570192774394
2910 0.028682290753922354
2911 0.20512348125651958
2912 0.0004508112488026101
2913 0.001744749493848396
2914 0.09943192964996132
2915 3.5189583981614905e-10
2916 4.717160551486525e-06
2917 9.459033641967066e-06
2918 0.22908851891383142
2919 9.292168055048343e-05
2920 0.0001582393598579466
2921 5.9035787038304e-22
2922 3.3430191224344333e-07
2923 0.15637571995955937
2924 2.2055550519711225e-07
2925 0.026976285728150178
2926 5.670640722745492e-06
2927 0.12682581566389825
2928 3.41817507868305e-08
2929 1.3138451730562691e-15
2930 0.4037264055064129
2931 0.29466391792294777
2932 0.15678952457534817
2933 0.623728487371568
2934 0.09508878564983941
2935 0.10602068861690526
2936 0.41865796952414613
2937 0.19555254146055623
2938 4.498665310136405e-08
2939 0.10570913175616142
2940 1.5197008990279596e-05
2941 0.7220626826873616
2942 0.06877385697969747
2943 0.44677466205981614
2944 0.06260114875479078
2945 0.16741950237983597
2946 0.6149994414771922
2947 4.964197673991873e-05
2948 0.353849183814737
2949 0.09906109329929225
2950 2.0414465897468598e-16
2951 4.5715168606577343e-35
2952 0.1471625285274421
2953 0.08536960436760749
2954 2.7346024515827113e-08
2955 3.7420925461848695e-07
2956 2.676550692318371e-16
2957 1.7594927583969296e-07
2958 8.366646430479487e-08
2959 2.5851127567941704e-09
2960 0.05237762794288421
2961 0.3825580608464598
2962 0.020396181080881363
2963 0.26620404138376874
2964 0.07228942102070551
2965 5.6743053898136186e-08
2966 0.13842609493955532
2967 0.2990192152901835
2968 8.780126103632095e-08
2969 7.638621501200077e-05
2970 1.5771045713675987e-05
2971 1.3582343743653207e-07
2972 3.468554603827262e-08
2973 1.5255265895340812e-07
2974 0.10019666193578769
2975 2.1065842562821093e-06
2976 8.918967631312498e-18
2977 0.27485199524513376
2978 2.718508414250105e-05
2979 0.0515684068881177
2980 3.102620654203203e-10
2981 1.9823648546825235e-07
2982 0.0681225418996968
2983 1.8096492402639836e-07
2984 5.781848269812998e-08
2985 1.2138720064790774e-07
2986 0.08840303454894266
2987 8.186499311422841e-05
2988 0.0006935856860888471
2989 2.9846357049106866e-05
2990 0.005724947585866856
2991 0.16353736426209356
2992 0.1449079347190101
2993 0.014628660905961335
2994 1.640290284876238e-08
2995 8.470393929370254e-08
2996 2.838558657262179e-05
2997 1.1157384238840892e-16
2998 4.376956263578017e-06
2999 0.148706666808312
3000 2.4812297634274577e-38
3001 1.634293683034145e-05
3002 0.010558460847942958
3003 0.0004309697644879812
3004 0.0012859352907106983
3005 0.0031677509808360495
3006 8.39958924555332e-06
3007 0.00016993433405149987
3008 2.1433365647946953e-28
3009 2.248831317700456e-07
3010 0.00012044737030713163
3011 6.866757836683357e-10
3012 8.817096624718146e-05
3013 0.00032533382679058464
3014 5.177968136387418e-05
3015 1.7719579813267708e-05
3016 4.8429210090393304e-05
3017 1.397988694643502e-07
3018 0.5141610435762517
3019 1.3905656527982168e-07
3020 1.3347698097457903e-08
3021 2.3597021534342036e-05
3022 2.3589843159306047e-05
3023 1.1633982054359444e-05
3024 0.011612514332415117
3025 4.059825792850751e-06
3026 0.006592059215375921
3027 0.003399471749745937
3028 0.0017203049459746534
3029 0.01238766920225715
3030 8.036859628356386e-36
3031 4.675978405087843e-06
3032 0.0017786245316954883
3033 0.007033707370858549
3034 0.008225166102643159
3035 1.6988049310464449e-06
3036 0.004492040130784002
3037 0.004178962589493722
3038 0.020403393977020304
3039 0.0007505717331016227
3040 4.660329162244383e-08
3041 0.016761981421718697
3042 5.1996587367777735e-05
3043 0.001347505354366136
3044 0.38659316104100855
3045 0.011913308968742245
3046 0.0020462061825199454
3047 0.002868079983130633
3048 3.492941460007702e-08
3049 1.9600965307242192e-27
3050 2.866955760422444e-10
3051 6.356484252346654e-13
3052 1.8470701420413234e-08
3053 3.4329792457684547e-35
3054 0.0034447352304642917
3055 1.2088604911659483e-05
3056 0.36752214123815313
3057 1.4123666674832913e-25
3058 0.3062239476601084
3059 6.73606003268235e-05
3060 0.44454211196566057
3061 3.394354298975064e-05
3062 0.005849089653488879
3063 5.989305188325984e-12
3064 2.9548503588398388e-05
3065 0.018845206938196437
3066 1.3356957566197681e-05
3067 7.228039168899857e-11
3068 6.027185979492502e-06
3069 4.357323382701639e-05
3070 5.0420814128198604e-06
3071 3.2936065155440164e-06
3072 1.535912361293306e-06
3073 6.604631764519254e-07
3074 4.838421007517332e-07
3075 0.014602310850884669
3076 1.5250852888695793e-06
3077 0.003533423086440132
3078 7.060414075658699e-36
3079 1.63847568736396e-11
3080 8.679448978968138e-37
3081 6.683361220695448e-08
3082 2.708270968119362e-05
3083 1.0146642672350444e-07
3084 7.012843119155755e-08
3085 6.0653259918272626e-09
3086 6.956440675456164e-15
3087 4.550862554663076e-09
3088 1.041203028666774e-13
3089 1.6886747729465936e-09
3090 5.610202038027559e-06
3091 6.68491506234051e-21
3092 0.0011389656362107196
3093 1.644519781018773e-10
3094 8.799496812146697e-11
3095 4.755698316913643e-30
3096 1.7880598046034642e-14
3097 0.020413814425407614
3098 1.4331430594825066e-09
3099 0.00912640805612312
3100 0.01324048377709151
3101 2.067718310020522e-06
3102 5.70852355282249e-13
3103 5.4502012646201954e-12
3104 6.540590467295852e-08
3105 2.9109467130086777e-44
3106 1.1869545192320267e-09
3107 1.3982713640990475e-10
3108 1.023681264818202e-07
3109 3.0193181625003535e-08
3110 9.191727792460915e-32
3111 2.969655605423728e-10
3112 0.001842707653168048
3113 0.004098490837693678
3114 0.004448962480532501
3115 1.0476915840036122e-33
3116 2.1168640519452432e-34
3117 0.0062233132244342015
3118 6.685277810314798e-07
3119 0.010848736055723257
3120 0.0004970708507061585
3121 0.008380912891329617
3122 0.01566579142412239
3123 5.4358459780343125e-08
3124 2.6946274662380997e-15
3125 0.0012090154477372404
3126 1.3063873841402995e-24
3127 0.028863464038216755
3128 3.119320675013133e-06
3129 0.0017822662511356355
3130 1.2720615034617239e-27
3131 0.0007481883721625189
3132 0.0011946208258834965
3133 1.992132307126621e-07
3134 1.7046011176559157e-08
3135 6.0887867028925975e-09
3136 4.1065379929184e-09
3137 9.892701531320095e-08
3138 2.579538329313682e-06
3139 2.8134969036524814e-10
3140 1.2943339903474785e-26
3141 2.2441406378640902e-08
3142 0.0001361888804795028
3143 1.24777028196573e-05
3144 0.009051334815661383
3145 0.0026635218559310243
3146 1.026694661796909e-18
3147 0.00012977415989740901
3148 3.989351587467702e-14
3149 9.69876878517276e-09
3150 4.597141094527489e-13
3151 2.0551988501809298e-10
3152 9.283449573771298e-29
3153 0.008518977773027195
3154 6.276335974100715e-35
3155 9.392822812500534e-67
3156 1.748249040704417e-05
3157 2.4303451123957523e-12
3158 1.5905522945784452e-08
3159 4.704747082205742e-07
3160 3.8582881947501053e-07
3161 1.4569349730114367e-07
3162 2.6534627810572454e-11
3163 1.8860085402540828e-11
3164 7.177678027095667e-39
3165 6.216449641552542e-11
3166 1.837012885825284e-17
3167 1.1833619631704137e-07
3168 0.0002559030066297826
3169 8.17739211994312e-09
3170 1.561761583784103e-09
3171 0.005045254853445683
3172 1.4242247849146174e-31
3173 6.142124366613231e-13
3174 8.115077879632746e-15
3175 3.1291947247731213e-19
3176 0.0016112445310342254
3177 4.384974806850454e-15
3178 1.725780781138028e-09
3179 3.05932104648373e-10
3180 0.0070410598999878
3181 0.0005175968270748491
3182 0.00015302213731636325
3183 2.3700367098130496e-05
3184 2.142178949799622e-06
3185 9.776556626363218e-13
3186 2.6354470764941775e-42
3187 5.5004251858267135e-11
3188 1.410178553248522e-10
3189 2.8545545810781277e-10
3190 7.472723537513316e-32
3191 1.2937517491689209e-11
3192 1.7683355010154306e-11
3193 2.060797087917587e-05
3194 3.5473929670234384e-06
3195 1.642335735961802e-05
3196 2.880300867651694e-10
3197 1.1519520250448352e-05
3198 3.4742557747589296e-10
3199 5.457095432535786e-31
3200 1.7608996126480484e-27
3201 3.6304611565411626e-30
3202 0.003296202644243392
3203 1.2642881236716214e-15
3204 5.421190946667243e-06
3205 1.4925491586367833e-05
3206 4.836342814376218e-10
3207 8.660713091879549e-10
3208 4.002399896842001e-32
3209 2.794968871902382e-22
3210 3.377753856397369e-33
3211 0.0002218064986955983
3212 5.3726656149816956e-12
3213 4.056687700157927e-05
3214 5.053813590239598e-31
3215 5.7687852223756264e-36
3216 5.6976151296703386e-11
3217 0.00016296719082140946
3218 0.005169685801468699
3219 8.787640603480569e-13
3220 1.8021763739588581e-09
3221 4.153881739847648e-07
3222 4.848245277292387e-29
3223 9.38905788677436e-06
3224 8.154452210338923e-32
3225 4.306354440984871e-06
3226 1.14590634517955e-09
3227 8.223212053210105e-32
3228 2.5871384988514687e-10
3229 6.800367722001408e-11
3230 6.492456833373556e-10
3231 2.4997776128605388e-09
3232 1.9076821344072425e-21
3233 4.87661776667418e-06
3234 5.880891817727256e-08
3235 3.663116065051746e-11
3236 8.597027641055553e-12
3237 1.1110145268274016e-10
3238 7.094485648378831e-14
3239 0.017772903245314244
3240 3.6499441345400266e-09
3241 1.718224970554464e-24
3242 3.722110847087342e-12
3243 2.756366706272572e-19
3244 7.315945774798144e-06
3245 0.0006116185238890167
3246 5.324367152498162e-07
3247 5.1197501412150896e-08
3248 0.005926287380266411
3249 2.5261807695653785e-06
3250 0.000620823640085831
3251 3.112677565348867e-10
3252 0.002165017469448959
3253 3.971576509080996e-07
3254 0.0032487381286517734
3255 2.821434635995857e-13
3256 2.728430903774332e-27
3257 1.887046938445299e-10
3258 3.7864347407555046e-26
3259 1.0907786064401746e-20
3260 1.4795546941510316e-32
3261 3.137071781941988e-36
3262 1.8775099733914483e-11
3263 6.549535129597594e-17
3264 3.365792474431884e-10
3265 4.5495487973419894e-09
3266 2.49316707537358e-22
3267 1.665445160176824e-07
3268 5.810885406852703e-06
3269 0.0004323894460757563
3270 0.00017945456743081466
3271 1.250983745506236e-12
3272 2.602113005015055e-13
3273 0.0013063277428947144
3274 5.480534863175048e-12
3275 4.0920781427308525e-21
3276 5.112853046226846e-21
3277 7.845548268024036e-09
3278 1.5058850375252572e-15
3279 7.994474181637733e-12
3280 0.0019830167683839977
3281 2.0069436079868375e-06
3282 3.620997406688844e-10
3283 1.4389756754373054e-10
3284 8.554422029808112e-09
3285 1.0994941271055273e-08
3286 5.527146611645893e-10
3287 1.0806750240474147e-23
3288 1.938017741420934e-10
3289 3.162716737102369e-05
3290 8.86704185659527e-10
3291 7.599589043673716e-08
3292 0.00028029944182096384
3293 5.031264134781358e-34
3294 3.024649885099823e-10
3295 2.4840203173168704e-10
3296 5.091323524770579e-35
3297 3.7917491428505424e-13
3298 4.962427957806327e-34
3299 0.004929808846722419
3300 7.761499543022392e-15
3301 3.6157726501925277e-13
3302 1.7686745970467498e-38
3303 4.291026451937255e-11
3304 4.1657955740784486e-39
3305 1.0294278967196087e-17
3306 0.010865460584649303
3307 2.857966814014134e-05
3308 8.643215151505532e-45
3309 4.171882232910256e-27
3310 2.36310238240408e-10
3311 2.676128807187044e-10
3312 5.434889088633921e-06
3313 9.381833945870344e-12
3314 4.869891188337585e-49
3315 5.0087921693665563e-14
3316 4.143586784410675e-12
3317 1.7894704414156223e-35
3318 1.7679915886057758e-11
3319 1.1079738711319288e-42
3320 9.345034860353873e-16
3321 6.23127023094106e-29
3322 1.764698472861103e-14
3323 4.2812439193652524e-12
3324 1.477522507210366e-29
3325 0.017811136304605964
3326 9.259349050211591e-08
3327 2.444386241352866e-11
3328 1.5619278128706823e-08
3329 9.269843233076816e-09
3330 1.1608295681656046e-08
3331 3.2947200261337563e-07
3332 0.00040405160270236496
3333 2.5276830602724125e-08
3334 2.0112462442044865e-21
3335 1.5992082858870827e-06
3336 1.1594878767001397e-18
3337 0.00013492917859021862
3338 2.464771361024202e-41
3339 1.1075456468495695e-11
3340 4.411733146662191e-07
3341 4.466066939740314e-05
3342 1.3057614470595922e-15
3343 1.383517778863545e-30
3344 1.241227819779476e-09
3345 0.0017620547480273342
3346 1.6690450214512014e-46
3347 1.110848457966659e-09
3348 3.0322377060453136e-40
3349 3.2629008672549684e-12
3350 0.004354688512910048
3351 2.202911199039721e-10
3352 8.288359427142538e-14
3353 7.448853527613543e-36
3354 0.00015682941189141107
3355 4.0602214046388535e-10
3356 0.0009565416299210155
3357 2.2792963548984006e-10
3358 2.0561500971570707e-20
3359 1.9552203219828874e-27
3360 8.36724198658165e-11
3361 6.058664314839211e-11
3362 1.5553997519403759e-19
3363 1.6790079571213024e-10
3364 2.6898989699360773e-07
3365 9.135576708811922e-12
3366 1.2967459129169764e-39
3367 1.0110076351035764e-05
3368 3.095796901186622e-29
3369 6.183626338958597e-06
3370 9.616535662352256e-10
3371 0.0003579327886282619
3372 1.9912323748073016e-11
3373 5.106089036432598e-12
3374 4.3524029284557295e-05
3375 6.26078189068991e-28
3376 1.594367470761095e-05
3377 0.002122984685357333
3378 0.004451214627465211
3379 1.3785536276773937e-28
3380 5.382284345029092e-38
3381 1.6107156932469295e-11
3382 0.0011155725656176794
3383 1.2069103931875498e-07
3384 1.7752831837400576e-47
3385 4.668133377097778e-07
3386 5.151343582216681e-13
3387 4.796495404954119e-22
3388 1.9498272180279366e-11
3389 1.124173485249444e-09
3390 0.0001123993341074665
3391 9.690533656311145e-09
3392 9.840966732924468e-16
3393 2.433493910285143e-08
3394 0.007138179977017393
3395 1.0587687199581736e-29
3396 1.2753833835357992e-07
3397 5.550277939809902e-12
3398 8.961609865595314e-16
3399 0.0017806582771032137
3400 2.7609150772443425e-09
3401 4.3941161945961455e-10
3402 9.311942459254473e-07
3403 8.064473547998125e-16
3404 1.3403562964594767e-09
3405 1.572545118188418e-05
3406 5.223847596213142e-11
3407 9.656627153987001e-11
3408 4.3481134162728156e-40
3409 8.02676444161575e-07
3410 0.0001589350151297804
3411 6.486122573886114e-14
3412 2.40111043971494e-06
3413 0.00029198225016898734
3414 1.9375772557705098e-18
3415 0.0001517298380403759
3416 3.576738800379363e-09
3417 9.19015928443272e-11
3418 0.00033580003605678747
3419 4.4704228304638555e-09
3420 5.859876614898334e-06
3421 6.049596173625095e-11
3422 8.069664167005795e-22
3423 0.0036784895555846756
3424 1.249991817039582e-10
3425 1.367453823806441e-09
3426 1.3816795024086294e-34
3427 1.2080304252504598e-21
3428 2.5087200240372456e-11
3429 8.782295871824017e-29
3430 1.635064561433774e-18
3431 2.437986298277351e-10
3432 0.013065127382198855
3433 0.002806971443646874
3434 0.005871110364945271
3435 3.359021836440534e-10
3436 4.245002237498005e-23
3437 5.566118179560372e-10
3438 1.301358290859174e-23
3439 7.682764545216237e-13
3440 0.0023560469962875695
3441 5.2329177447762166e-05
3442 0.007126270737574784
3443 1.3152804572078476e-08
3444 6.457596718305123e-24
3445 3.778385870752153e-08
3446 1.0112876064926769e-18
3447 2.90458563292505e-38
3448 1.0372199954839345e-22
3449 5.388930440903497e-25
3450 4.594583725476117e-13
3451 0.0038437184235706576
3452 4.364320548963225e-12
3453 3.584543105576128e-24
3454 7.509916066265618e-22
3455 1.3343177595865216e-40
3456 1.0860512569832626e-24
3457 0.0028050237945934932
3458 8.647380801452413e-11
3459 8.185296826134518e-23
3460 1.2196997547278056e-11
3461 3.863631695532252e-09
3462 2.1973626895083112e-45
3463 0.008027026549819717
3464 9.462284374106185e-17
3465 1.3760122435539754e-43
3466 1.7385023808436054e-12
3467 3.0887985855845267e-06
3468 0.0006429570332895525
3469 4.868008325781281e-18
3470 6.277974297510103e-05
3471 1.0962074475167426e-10
3472 8.4319861628703e-37
3473 1.844676666099485e-10
3474 1.3450049730013872e-08
3475 0.0015383099653746304
3476 2.9543931535334598e-08
3477 1.1822945991021376e-45
3478 0.0016786170959036484
3479 4.940640293932529e-10
3480 1.6544808169900938e-05
3481 8.949045543763043e-31
3482 7.144614382013551e-10
3483 2.149309088019607e-22
3484 1.3603004814489957e-09
3485 4.5951040095122594e-14
3486 0.010071441465233796
3487 2.5432201480598828e-08
3488 5.902537756983238e-14
3489 7.526541339451872e-19
3490 0.006582716118515408
3491 1.77347233280769e-12
3492 0.0002733303551789152
3493 1.0041050369593992e-09
3494 4.989794025492544e-11
3495 6.250284975269779e-05
3496 2.9515261087304315e-06
3497 3.4466678012284483e-22
3498 8.131489850801208e-35
3499 2.0215090722446056e-07
3500 0.0034161035056200235
3501 1.1731120513653186e-19
3502 1.0301050625427617e-09
3503 6.526712076470731e-31
3504 4.08802345014995e-23
3505 4.54881510056992e-05
3506 0.001740296894097136
3507 7.533790838588115e-11
3508 2.3314043592990255e-12
3509 3.789223515114968e-11
3510 8.431813971768989e-21
3511 5.11758183614759e-10
3512 0.00021884502982997086
3513 0.002612474111240131
3514 1.9220292993444943e-19
3515 7.273587012817945e-14
3516 8.125480550708656e-30
3517 0.00011405185166926377
3518 3.6020062411151393e-28
3519 7.690183174646789e-13
3520 5.07903855616938e-30
3521 9.997240168454649e-06
3522 3.6504435579660427e-31
3523 9.544292177088922e-28
3524 4.689303094724435e-42
3525 0.002005872850888708
3526 0.0002606098392874194
3527 1.7333877474047918e-44
3528 4.121166551086753e-44
3529 4.094700799430039e-10
3530 2.4070439475226594e-37
3531 1.3591054892025568e-09
3532 4.1379570246354446e-11
3533 3.140783074440625e-05
