0 1.6486904213957633e-06
1 2.9341451766446066e-05
2 8.40378507205919e-14
3 5.4356888703482853e-05
4 2.75591440610267e-07
5 1.8634124215608566e-07
6 3.4162940286083936e-11
7 3.1835540934020513e-15
8 4.2183605710509516e-20
9 9.336105763819421e-31
10 3.762160346028114e-09
11 1.764091609906149e-14
12 1.716986858561229e-07
13 2.2882739996220594e-29
14 1.890666086637595e-05
15 1.4300226342625102e-10
16 1.027986321671464e-12
17 2.3266630455533062e-08
18 9.159620752413915e-15
19 3.3700623640856244e-16
20 3.054407387102736e-11
21 5.216832242087824e-12
22 0.0016906225491580727
23 5.78091074106921e-11
24 0.0001277687440354404
25 0.0002216292205547849
26 1.5152719439486761e-25
27 7.872578647616794e-29
28 2.1498714030293114e-07
29 2.037243961147027e-09
30 8.88589320536204e-29
31 0.0011389707143140313
32 8.960399730788922e-45
33 1.672569878000892e-10
34 1.8220705190588564e-09
35 1.0069985930838622e-14
36 2.827489045654453e-06
37 1.0379369170215813e-13
38 1.7233938971110916e-05
39 1.2180304398973254e-05
40 5.257964179710821e-21
41 4.568696601485897e-28
42 1.4411607265205535e-14
43 5.656722826027542e-07
44 2.2600053775308977e-10
45 1.4608046078461487e-07
46 7.511405695727501e-07
47 0.0002924901653756268
48 0.0008095663414589791
49 2.5296819541132634e-10
50 1.2984108754052664e-07
51 8.639710950880955e-14
52 3.866157646246531e-13
53 7.294988701517178e-10
54 4.12529759909496e-06
55 3.6641787724429085e-05
56 2.498989565644842e-07
57 2.711870981460668e-27
58 9.41052432441835e-08
59 3.015121857613839e-07
60 4.068966158683573e-05
61 1.0902725316340773e-11
62 0.00026467725614119745
63 2.0943209569510918e-05
64 8.528270110499546e-09
65 2.8042433078587607e-08
66 4.975022522475669e-08
67 7.276606908896319e-23
68 4.284744614290703e-10
69 3.0072539260190412e-06
70 2.999284923957988e-11
71 0.001380537065367205
72 4.1167303436095955e-36
73 2.597427639955891e-43
74 3.4754038707880385e-14
75 1.920928374898621e-12
76 0.0003395440019091397
77 9.567650069606052e-07
78 0.0010805556743796988
79 0.002172661223149704
80 9.372641737676119e-11
81 1.1488869524151257e-12
82 8.587715170516895e-11
83 1.507638236236657e-39
84 1.9990045938482165e-11
85 9.50457300675155e-08
86 4.2893875704182075e-08
87 5.947959759829144e-06
88 0.0005103009199610458
89 0.00010934677687364647
90 1.2497074912081828e-10
91 1.0394859295566309e-10
92 9.298636699463608e-14
93 0.00015339249866829825
94 1.7772177159928433e-31
95 1.632599601753103e-27
96 7.48233626432207e-16
97 0.00031183243187711925
98 0.0003988683564488068
99 8.263756496421413e-05
100 4.510971467611543e-08
101 0.00022288605907526404
102 0.0002458266831117451
103 0.0003370759091161593
104 2.0704261944052946e-11
105 1.7042157017714507e-28
106 3.745565616510225e-17
107 1.7412968611904797e-05
108 7.540804361153884e-14
109 2.7495257028678637e-07
110 4.128376082719537e-08
111 1.3006700601770027e-35
112 0.0002548330359266906
113 2.2246358618618843e-21
114 9.29954047453455e-05
115 4.3796711791141924e-10
116 1.4099999546290773e-11
117 2.0305722001579354e-14
118 2.6441251705911453e-11
119 1.813651705906539e-05
120 9.64604142193963e-08
121 8.531354285601443e-12
122 3.047892409282176e-12
123 2.512502694490834e-14
124 2.8493567320861043e-10
125 2.2099883159861823e-06
126 9.499125316368849e-07
127 3.318897371770217e-05
128 5.1557799344653695e-05
129 1.176240720546234e-06
130 0.0001875765200387905
131 2.0438352331751982e-44
132 6.653021172124276e-07
133 1.3821357927481233e-09
134 6.049327151507622e-13
135 2.3130591239224952e-37
136 1.3534742814224605e-10
137 4.6682932169187575e-20
138 3.067369318145164e-26
139 5.914618036349e-06
140 2.0137051365166205e-06
141 2.2437009262161395e-06
142 1.7237596772084516e-05
143 5.274108981084682e-13
144 0.0007856303588706622
145 3.1665641540080206e-06
146 1.7537347588594654e-05
147 0.0008062420627251689
148 5.07852639070844e-20
149 5.576353902217183e-09
150 0.00020286805922923562
151 0.00022521974299812502
152 4.102985995726207e-05
153 9.37829392684989e-22
154 1.2037800157314855e-09
155 1.1803502504618328e-06
156 0.0013806051433978947
157 3.350623803965919e-07
158 3.3070128277923183e-07
159 0.000188052959912095
160 2.0756206846733287e-05
161 4.413054063739458e-12
162 9.858596435516808e-36
163 2.8742374565784216e-05
164 2.363700016372227e-09
165 7.263623134627722e-05
166 2.2261103154878498e-09
167 5.111875148633389e-06
168 1.026472246916661e-24
169 1.749207439193311e-09
170 4.159735379087578e-08
171 3.111251959595711e-28
172 1.6056236669391548e-10
173 9.674674919199788e-09
174 2.167131563765572e-05
175 8.946907958873368e-08
176 4.160330506827394e-16
177 0.005708520387639716
178 6.181067315860849e-12
179 8.836365683444804e-17
180 0.009338694437218579
181 3.0144050965352095e-32
182 1.075547989633122e-05
183 1.5170531973259913e-09
184 4.008036263970943e-06
185 2.9357315164188428e-05
186 9.120070352391864e-08
187 7.188714617632576e-07
188 1.1799626842510831e-07
189 4.267686595307125e-06
190 3.2557189609391454e-06
191 0.000355023848831795
192 0.0002590392869271569
193 4.230767289724047e-34
194 1.6913383638506708e-12
195 2.8638826845142856e-08
196 1.1337700932221267e-08
197 3.0414071116743613e-13
198 9.084407051516329e-05
199 1.9773765842878992e-15
200 5.447722595905832e-06
201 2.877638219020173e-08
202 8.847854882617864e-07
203 1.3013743651023948e-20
204 2.5892160185456835e-14
205 3.5504038448011167e-10
206 2.9118257585374855e-09
207 6.2721692582367235e-12
208 9.681885204514965e-05
209 1.8499051573583881e-06
210 3.2869595768140945e-21
211 0.0029579260608440963
212 4.441101828521717e-07
213 1.5431835166507742e-19
214 5.8240983557962355e-05
215 1.3525114498288853e-10
216 1.72486455174654e-26
217 4.4468775602024526e-10
218 4.021043221725702e-05
219 9.002366432029587e-06
220 6.14749624820998e-16
221 5.392917952385541e-13
222 7.573907745548027e-07
223 2.9628988975721373e-12
224 5.0802819289960336e-21
225 6.678578842697444e-05
226 6.08637875054971e-05
227 1.7989106142663144e-28
228 2.330767389326068e-06
229 1.158105900286246e-13
230 2.8121733807010936e-12
231 2.377606514967485e-12
232 0.00016245554404248661
233 1.769456726541147e-06
234 1.701199967562189e-11
235 1.8625240085931244e-33
236 0.0001591074353301592
237 3.303025767731492e-28
238 7.253595718822986e-08
239 5.657199630738183e-23
240 3.726862724075706e-06
241 2.741777510959118e-05
242 4.640120306688037e-22
243 1.1881175961984799e-05
244 0.000545271968764454
245 8.40598699725389e-24
246 2.3673740798394867e-26
247 5.420124482269047e-06
248 6.686838287714539e-45
249 0.044450701756828186
250 7.518030655009894e-07
251 1.965997533384094e-43
252 0.00028045808685488746
253 3.0277851011893334e-07
254 1.574407438388818e-24
255 1.00993727657393e-06
256 1.0572074723741571e-11
257 1.8113027076795682e-38
258 1.2015496788092196e-11
259 3.221701587540103e-26
260 3.4075720239860556e-12
261 6.440316844642847e-11
262 0.00012039896191722466
263 0.049778217461540444
264 4.062361340188438e-06
265 0.05203513671869607
266 5.1887099405484706e-17
267 0.0001791344032991574
268 0.00039092029846878403
269 0.007248613884041637
270 9.976117546924493e-07
271 0.005872763519206678
272 0.004327378029708733
273 1.3848072070118769e-18
274 0.13354010212883624
275 9.368561395283142e-12
276 0.19717253981321062
277 0.18766646698231962
278 4.2642342595573594e-12
279 6.048663749382389e-29
280 2.7645572169706245e-09
281 6.747511775610993e-05
282 0.003908077893253789
283 4.55864942132954e-37
284 2.5031752102773386e-06
285 0.007955049918949242
286 0.01423853177221049
287 1.8518530078381643e-15
288 1.1430531003638593e-32
289 0.0012952103078480552
290 0.01794163174551939
291 0.0009650805559608621
292 0.29363013926910464
293 1.6335919769221033e-07
294 4.242593083632627e-31
295 0.0003334976752099448
296 0.03732442907413485
297 0.0030374001078006313
298 0.0005424270571673985
299 0.02173509698465317
300 9.270756876737458e-07
301 0.025156996055164846
302 0.00015923236333498328
303 3.1779928417931e-25
304 8.253360608870934e-07
305 7.626497284761108e-06
306 5.143714379564629e-06
307 0.00030067986924603885
308 2.2679609720875273e-06
309 0.09652269328088338
310 0.03518232724496465
311 0.17554194448894198
312 0.05680849904992511
313 1.2087945758055492e-05
314 9.416692815498639e-09
315 1.4466654270222171e-06
316 0.06351695268329649
317 0.021648602324857494
318 0.20378785002664201
319 3.434826506707705e-12
320 2.3012526221237496e-09
321 0.05957949450148556
322 9.879217646432123e-07
323 0.05764423743394393
324 0.00047736625305104855
325 0.04056100266950305
326 0.06488064572493454
327 0.06286277300108536
328 4.55668889277711e-12
329 0.044596715582158705
330 0.04190116118347731
331 0.00032242806486109695
332 0.4428907325894433
333 0.006108597518722598
334 0.6619726245979658
335 0.1198097099317198
336 0.03438560639613367
337 0.6528992409524484
338 0.7510820513765644
339 0.026080413662191153
340 0.7646647476063274
341 0.0032466673457223014
342 2.093939580751738e-08
343 0.028680408856528155
344 8.126203008401281e-11
345 0.035503304910617164
346 0.047251325059141654
347 0.01325004299691419
348 0.8262400334885436
349 0.7888982106809296
350 0.10767144069511457
351 1.0347403467085235e-10
352 9.178072751255778e-05
353 1.691809022035487e-07
354 0.6873900108274228
355 0.7644682835510397
356 0.0071597052076565835
357 0.8268468723600595
358 0.10711209810506926
359 1.0916534573866474e-34
360 5.563682337728323e-20
361 0.28084669873333384
362 0.0016873712217552162
363 0.1508186408226621
364 6.442110033790034e-13
365 5.0814435879993236e-11
366 1.1995545906580214e-20
367 0.0007973588168424009
368 0.004459600668626883
369 0.764911395435645
370 0.0022416791128136017
371 0.0006321558785412656
372 0.002842715128092932
373 1.3760695934314158e-05
374 8.110853401510858e-07
375 0.573601787923582
376 0.0026890076775908495
377 5.17339300754312e-13
378 0.00020457171077678386
379 0.6586844836206213
380 0.5235455515069594
381 0.0002905815508684219
382 2.384236558285707e-12
383 0.04438236773356718
384 0.2231653065644256
385 1.261204484631837e-20
386 0.41233840913195285
387 2.7160563211521175e-07
388 0.0040493992633983435
389 2.0694241867777284e-11
390 0.2492185864350845
391 0.07329638230801323
392 0.04089935862871949
393 0.05048960450675911
394 0.23295742513612622
395 0.10240882128291573
396 0.2958982283844124
397 1.3259989336286821e-14
398 0.05102052231878503
399 0.010290673720660292
400 0.0043814414936974595
401 0.03874433742757218
402 5.873797171310227e-20
403 0.02000177568742692
404 0.2464637590805918
405 0.008564490433952354
406 0.2958516350546847
407 0.0928035481028729
408 1.0482255259526199e-05
409 0.0010441111295083718
410 0.005035958867759566
411 1.2993056251847809e-10
412 1.565583540495025e-31
413 0.14856488025150183
414 3.157571122719717e-23
415 9.667313742264603e-27
416 0.15421908169385806
417 0.2015848741277702
418 4.53819341411884e-07
419 0.26038022559038226
420 0.07207030743941692
421 0.07517596569758747
422 0.016909908818884708
423 1.6320311199369802e-19
424 0.12459290754453727
425 8.361195281669554e-34
426 0.06949895654919759
427 0.17182776329173366
428 0.1900234069368859
429 6.61085762709157e-21
430 0.1982738838073094
431 2.7616795150474407e-21
432 0.0008098744077877754
433 0.0014906096108456234
434 1.8330536989940145e-07
435 6.898959516965481e-05
436 0.3359884536145901
437 0.057841195081381205
438 0.08538877839628116
439 0.006522194286574506
440 0.20428853667338
441 0.00352588942625771
442 0.006437270020662144
443 5.158069895853218e-10
444 3.2080891689863626e-21
445 0.007165443220858239
446 7.805452934811406e-06
447 0.24436176422019165
448 4.237895908558408e-18
449 0.006695292906721166
450 0.010521844783693193
451 4.5922943272284265e-20
452 2.8820794387328827e-11
453 1.7015988961007996e-07
454 4.965043703905037e-38
455 2.155083366711053e-05
456 1.8121815435652232e-06
457 1.8111569475766857e-10
458 0.2816402734362097
459 9.568755364781152e-05
460 2.978835181896849e-09
461 0.00941990771206506
462 8.035049068779747e-20
463 1.1348611906545679e-05
464 0.232607492747969
465 0.0001721829017615118
466 0.005487852775696066
467 2.081868636086857e-05
468 0.014995928430828252
469 2.830220091020074e-28
470 0.005546774002107747
471 0.012129815881395556
472 0.2883787252442239
473 0.00014204869522287626
474 7.765815163969174e-37
475 3.132742515017233e-08
476 0.010639693593615784
477 0.009006976462238706
478 6.06473045826864e-07
479 0.0636674752923877
480 0.518928365505554
481 0.41250704240374686
482 0.03156845893613073
483 1.1380911565380631e-06
484 0.16488637354863692
485 0.6280402074116723
486 0.11528596344759748
487 0.6638850829833155
488 3.1463568770790073e-15
489 7.863742990067004e-06
490 1.5865114862030246e-06
491 1.72110142141106e-06
492 0.002279066334529607
493 0.0019236308376067112
494 0.35639970852580827
495 1.2714307399469826e-08
496 0.016926843011059508
497 3.950058196693578e-06
498 2.9463252015602825e-06
499 0.21841241443154472
500 0.0014855588649844756
501 0.006444411315478954
502 9.204653366844864e-07
503 0.3867759254656396
504 0.3880929517229156
505 0.3202226924829586
506 0.07602296566898034
507 1.2149091569676504e-06
508 1.7989512017122974e-07
509 1.869835234946044e-08
510 2.034983088231445e-34
511 0.08857289691698869
512 0.014865608460183272
513 0.0071961537473971045
514 1.0239095576800155e-08
515 0.012878087170388125
516 0.009865902000033826
517 3.5122652296006635e-12
518 0.0024574277629401315
519 1.2842417362291447e-07
520 7.144669871691071e-08
521 1.0380679494687036e-10
522 1.0237690758682468e-15
523 0.12546398169914183
524 0.0003268678315147164
525 3.457820441537679e-13
526 4.625812041417142e-06
527 0.010660429856822593
528 1.410027741316333e-18
529 0.027593265962561
530 5.347741231287523e-08
531 1.0630992636304577e-05
532 4.8491351007566026e-12
533 0.10118620845121487
534 4.525438723286572e-08
535 0.12178634195781267
536 0.014392801408317156
537 5.1289576750696804e-11
538 2.8026963012671327e-08
539 1.4458539842314063e-08
540 2.2950227792932945e-25
541 2.762622588142566e-39
542 0.024054953514806663
543 0.03547566303100762
544 0.789664920662587
545 0.03907097334061312
546 0.002646315116129275
547 6.103553885727893e-06
548 0.013085112099397344
549 0.01078851677842891
550 0.08770086692798146
551 9.949346604137027e-14
552 9.373615645190047e-28
553 0.017250592834102987
554 0.010164692657456101
555 1.0288084841665075e-06
556 0.06346918316800362
557 0.005680798560085888
558 0.07552290971563372
559 0.016511032959524982
560 0.05366010651826327
561 0.010753885191562769
562 0.0023239918357741206
563 3.815349646672502e-14
564 2.603267408999217e-12
565 2.5595580552709697e-06
566 3.833341364921119e-12
567 1.353126886757454e-09
568 4.79040100164942e-26
569 0.00029474383127377804
570 0.09425988947441587
571 2.7677719650280296e-19
572 0.02120184678487543
573 0.0011525338047839462
574 5.161499392259882e-31
575 0.010384367599487026
576 6.717730503394686e-12
577 2.2323092569091682e-06
578 4.6214740865323586e-05
579 0.003092473559836713
580 4.8980740616084084e-08
581 3.9841687303482157e-10
582 3.147416374516426e-08
583 0.041391287282638
584 0.013198777910395667
585 9.370840361925768e-13
586 0.11576967445983138
587 6.3462733308445455e-34
588 9.624175617140004e-06
589 6.485268483306088e-15
590 0.10934042105512598
591 4.015002176170158e-05
592 0.004916333078138222
593 1.9529600823614292e-05
594 1.9321156445785024e-05
595 0.0002572933541095187
596 3.22213549198094e-42
597 3.788889055468401e-18
598 3.5268667872166253e-12
599 1.8511088242135214e-37
600 0.0003059042583362112
601 0.0002653752181984459
602 1.3368936125029769e-09
603 6.899235957866724e-12
604 0.0062715423513623825
605 0.0027879943061596335
606 0.0084984655472364
607 2.9879639599456875e-11
608 0.0023684751833531205
609 1.8548750421965367e-08
610 6.415895203980147e-09
611 1.066561701255689e-05
612 0.03260137288908947
613 2.4966879354945387e-08
614 1.3262486013922412e-12
615 0.0001633734835684834
616 0.0018908925010301645
617 0.006690761917085835
618 0.011654223670691397
619 0.0021228039057853525
620 0.0008379283896200806
621 9.398728201264506e-25
622 0.004794313803616521
623 0.0731452571899743
624 5.160456674512205e-13
625 0.13537135108836873
626 0.1583492446708657
627 0.005741472349585917
628 0.03435114333487291
629 2.7368891340153566e-12
630 0.005199728813416217
631 1.2159257696654068e-12
632 2.5736921697542844e-06
633 0.0849202096677382
634 1.4109215843043784e-24
635 6.661513663782036e-29
636 0.021498271768476063
637 5.484751552017353e-32
638 8.656122837530266e-06
639 3.0320483513938314e-16
640 0.008321346135972161
641 0.11381119046659333
642 0.0384672819926533
643 0.003580355428268597
644 0.001628412351913631
645 6.361662419930093e-16
646 0.002855216773797362
647 0.0021437313910679435
648 0.8067508606561873
649 1.2386728524492454e-15
650 1.128722556755798e-06
651 0.8720308426735848
652 0.14045318884529182
653 9.124525508464958e-19
654 6.861071807288396e-27
655 3.017779548809314e-32
656 0.030229728448779216
657 2.4393108890022295e-10
658 1.2436287219449514e-19
659 2.1058174164629304e-15
660 9.275998176943487e-07
661 4.8814629875026e-32
662 2.4548158087511987e-06
663 0.7429903632156386
664 1.8231962117756476e-09
665 5.577679440753558e-09
666 2.7715052148385316e-05
667 6.868790658964875e-07
668 3.955820567784321e-06
669 0.0036955154744367433
670 0.014677311662732293
671 8.900848441396112e-05
672 1.7820145980859923e-10
673 1.5436395133345452e-29
674 0.0026552310640085867
675 0.0542182235423486
676 0.012751838502562311
677 0.04186617826009625
678 0.04893065770182195
679 0.009998044895752423
680 0.0018788763778880059
681 0.000698731729079325
682 1.2522007167578454e-30
683 7.419691764465942e-05
684 1.1957795139359235e-08
685 2.2151741997330277e-16
686 2.7599366867645878e-06
687 0.00020456965295051995
688 8.542777802210929e-13
689 0.0003875495337057175
690 6.821229425724558e-05
691 0.029355915972587007
692 2.937719929337195e-13
693 7.288460535923721e-11
694 3.269120764932645e-25
695 0.0004748067458094621
696 0.00038603770591912344
697 7.134995767051921e-24
698 0.14720729441700164
699 0.00028200403534861773
700 0.002857987751757099
701 9.00880892156533e-05
702 1.9612037783762418e-05
703 0.00043508151587866013
704 5.685136349306388e-09
705 0.0048950430942860685
706 1.962057287404863e-08
707 2.3722359271620975e-06
708 1.0025493193101033e-19
709 8.158056491445628e-26
710 8.917911362188821e-12
711 1.8741781105408763e-06
712 0.6443846461991233
713 0.016599804091693905
714 2.6981736760459438e-17
715 2.2389203510930985e-23
716 0.013196232923925631
717 9.073305063110657e-09
718 3.450455271110783e-09
719 0.006311834298222804
720 0.00028199110902341106
721 0.00037283022567124145
722 0.0001305519886151467
723 0.17551223230030705
724 8.331529958989594e-06
725 3.8989420953135704e-24
726 0.0003487131770852714
727 4.677498127965548e-09
728 4.635390995528374e-22
729 0.5066594798902613
730 0.00041771960574534336
731 1.3631910820390396e-15
732 0.04253579130362854
733 2.0282368690710356e-25
734 6.166892129255201e-30
735 2.3999070379521036e-16
736 0.5266466171130165
737 0.09058410163492726
738 1.0093678630454765e-22
739 3.263147111518284e-24
740 5.2947247341814144e-05
741 1.593725950251382e-23
742 1.7554576469384616e-15
743 0.00019856583707887024
744 4.993748075160426e-05
745 1.1055613266593629e-19
746 0.0186378734314858
747 4.138070256343767e-07
748 2.799075070010813e-15
749 0.7213801932584676
750 0.09529403003508173
751 2.9570656558523816e-06
752 0.019356212870462356
753 0.017101553135767236
754 2.085074419297077e-16
755 0.0008950142802650266
756 0.0013213807831033721
757 8.916127650570459e-09
758 1.2908242529418197e-24
759 0.003439307801423229
760 0.7173159486245678
761 0.4997781289605159
762 8.64091302207506e-19
763 0.00020423183562732214
764 0.00012880973734599372
765 1.6293399542582997e-05
766 0.007899086006531822
767 9.325166434556276e-30
768 1.2307513798849983e-23
769 0.006327511367055427
770 1.2064648147594455e-12
771 0.0062046910403376525
772 3.4703015441475426e-05
773 0.030732655137278138
774 1.4424231290178048e-15
775 4.472614266493467e-06
776 0.01319965709135846
777 0.00025193039873117577
778 0.3392138634530697
779 0.00013073176329528465
780 0.0022082169173008774
781 1.2147253056082137e-05
782 8.628792501699087e-21
783 7.52180938548929e-08
784 2.018047299436597e-17
785 0.001242666965536693
786 1.9790451667678014e-32
787 1.555455714516594e-20
788 0.0009885006092526245
789 0.02752971955684265
790 0.11761167768144096
791 0.007735526758870819
792 1.4669309451595515e-16
793 0.0009880900610354463
794 1.4919913752468506e-16
795 0.0005334267257111193
796 0.09635171776686983
797 1.406918403828993e-13
798 5.305787097068754e-11
799 0.49114794322504357
800 0.00042492555867612006
801 0.0025588841092766493
802 5.294428278628861e-23
803 8.355741431863502e-05
804 7.208519834543587e-20
805 7.161290099931086e-20
806 7.60456863937231e-14
807 2.413792131703216e-13
808 0.5559755971311559
809 0.0006980033816525558
810 0.004294207725435902
811 6.032607178591297e-08
812 1.0423530103185247e-11
813 2.2789217650971814e-09
814 1.1356897197391371e-07
815 1.276365515783277e-21
816 0.18594127312487438
817 6.739797709885141e-29
818 1.0322066195263452e-05
819 1.4948863509955853e-07
820 0.008970951379288628
821 2.989492783368238e-08
822 0.00011138177939468708
823 1.1326827766564659e-27
824 0.030274976159284678
825 0.2365064137553394
826 6.101588363724708e-14
827 5.959819313600689e-20
828 1.125511582064942e-08
829 1.0224422468879318e-09
830 0.04124052082953009
831 0.00016251031271303823
832 0.08220514144370404
833 0.1401546952373773
834 0.0007532328624964432
835 0.12178914263195174
836 2.804568139195416e-14
837 0.7330032998901186
838 6.551084538411976e-07
839 0.0005079213669789245
840 0.12914082242158767
841 0.004402668551469287
842 0.03211832916393294
843 0.000776260528431803
844 0.006076766350026618
845 0.0012817717764888523
846 0.004862608598468028
847 0.5187745442873333
848 2.004831408892537e-26
849 6.893022596971799e-19
850 0.03735789818683164
851 0.0008559213283424612
852 0.00015531329486989033
853 0.0015220088138239967
854 1.079592607033698e-22
855 3.5790186890464854e-14
856 0.24476110992420563
857 2.990530219370673e-31
858 7.870006885126282e-31
859 0.0007447934459885047
860 3.4880392552218465e-14
861 6.544198238401518e-09
862 2.1917662867576246e-06
863 0.0005265192413979231
864 0.13238156183744162
865 0.25273299679048916
866 2.016035972769757e-15
867 0.00019522952288084834
868 0.04027565441624959
869 6.584254768115342e-11
870 1.6068407709005254e-11
871 0.004179227017445606
872 2.0013581463511764e-10
873 8.273631894896417e-06
874 9.368806604047446e-06
875 5.115990317033543e-18
876 0.00026416132518619737
877 0.0001100600768475101
878 0.0043397516038195414
879 9.667712578148472e-05
880 0.15996592881464625
881 0.001870047639683851
882 2.854922241099081e-06
883 8.41098513413531e-09
884 6.882572268652809e-06
885 1.4572122188634597e-06
886 0.24517859197663847
887 6.384887929087984e-07
888 4.184369357539193e-21
889 4.689700320191743e-10
890 0.020190992391622167
891 3.851082306652324e-13
892 0.08878140941528163
893 0.0003467357818973282
894 3.526713232833104e-10
895 1.1141926917198967e-12
896 7.448786480869609e-10
897 0.31894678496173023
898 1.1078102367242524e-12
899 0.058244268171702494
900 1.2223968053531957e-13
901 1.540845000988016e-14
902 0.18730671694646028
903 0.026470640557583802
904 9.550642332000302e-15
905 0.008411750381921431
906 0.0077561102361543175
907 5.374527281580884e-41
908 0.001029022778770831
909 0.0006515120024782766
910 0.006384342543132292
911 0.0007233712942743616
912 8.314829886397468e-18
913 4.384859640225594e-24
914 2.142131544143489e-08
915 0.06895161748177617
916 3.794177972439985e-09
917 1.3083862850388766e-10
918 2.7767340700544874e-12
919 2.535323674005464e-22
920 0.19922155913677025
921 9.034967902180801e-06
922 0.0002870391561079693
923 3.3960623963963707e-06
924 0.0004266594917833145
925 9.282649611953253e-25
926 1.2003519658214932e-20
927 3.680522461267299e-11
928 5.175203518914039e-05
929 1.5500878601025773e-05
930 0.0725769420094283
931 0.0003869296117543323
932 1.121316573094722e-09
933 2.2441890872124728e-05
934 0.676203212256323
935 0.00011547702479243122
936 8.39974581657405e-07
937 0.0014457022685562015
938 1.4113064514790649e-21
939 2.5765662704185897e-16
940 0.07391116984193037
941 0.012097461250443838
942 0.4804952643198762
943 6.873545439207278e-07
944 0.017324405531475715
945 3.370527809418016e-07
946 0.1698305914686182
947 1.2525096278562818e-05
948 6.842114111698434e-07
949 5.2280243253236e-07
950 4.654345462430578e-07
951 0.11931724065698582
952 2.10661529604722e-06
953 0.6252705858506274
954 2.6952287368434914e-07
955 0.0003805935422142633
956 2.6641349222883625e-07
957 0.019978370238146602
958 0.049755515212580134
959 5.773887509492556e-05
960 0.00046352044582072076
961 3.513295777410864e-05
962 0.7006912096818407
963 0.054935532607224766
964 8.221677650040518e-29
965 0.000688846031335786
966 0.10023979171482138
967 8.863606587497625e-14
968 4.6474714689666436e-18
969 0.056041668732906384
970 0.023608080522641003
971 3.145764868378382e-13
972 0.0002235815384439224
973 1.8173856659591138e-05
974 0.002367821552462993
975 0.0008027470355983131
976 0.000944141912455668
977 3.970931087713232e-05
978 0.00020660019805118508
979 0.028711690302969026
980 1.2802529195765628e-15
981 1.5250607088831313e-05
982 0.0003109722432515383
983 6.5846928869568106e-21
984 0.00023280195494785968
985 0.036095419116204445
986 0.005487743683635909
987 0.0003998181095820171
988 2.8064254280642355e-17
989 0.16225324235997454
990 4.6063586674239475e-15
991 0.00036441563172626265
992 0.02447180465725569
993 0.002093940246194902
994 5.137290524664436e-16
995 0.06037839804887118
996 2.441787360001328e-05
997 1.4403934895884594e-10
998 0.20112434001864277
999 0.12023967275008929
1000 0.7192205277520562
1001 0.00040281382519990637
1002 3.600359352467574e-06
1003 0.021127280811474393
1004 0.11794180563470943
1005 2.773776640993764e-09
1006 0.00014690875970954154
1007 4.719076678978712e-15
1008 2.435010431696046e-08
1009 0.014122440154392039
1010 0.001384937888282315
1011 7.885259973222804e-13
1012 1.1953703580463922e-16
1013 0.00015382246213879145
1014 3.2066295930497277e-10
1015 0.0004118879303057265
1016 4.237164022241181e-19
1017 9.098036393609739e-05
1018 9.485373181372985e-06
1019 0.004654601733215502
1020 0.2121647926370719
1021 0.00030062512041302797
1022 1.0873498527446262e-07
1023 0.01658972094398037
1024 0.0010074334030569095
1025 9.0747406339162e-09
1026 0.005779278072413858
1027 0.0026808832865907197
1028 0.0002515853696215047
1029 0.10209562539057654
1030 0.0003456256426100789
1031 0.713093885647206
1032 0.02818856169192995
1033 0.01361761741081748
1034 0.00036835723053261035
1035 0.0026954607239392785
1036 0.08786223923813087
1037 1.9493843761331215e-05
1038 0.0139110214518446
1039 0.1830191278539428
1040 0.0008377927671377828
1041 0.007049666136513166
1042 1.1663188772404904e-05
1043 0.004504233292554055
1044 1.158060343472126e-23
1045 2.4533528629525723e-13
1046 2.1753162934330362e-09
1047 0.6842818636016581
1048 0.00467272975425918
1049 0.02051804837840053
1050 2.731020592674127e-07
1051 8.431358583840692e-10
1052 0.0005549274058663733
1053 0.0004050576997731974
1054 0.0003493438786018474
1055 0.003602525293292633
1056 0.0003309748428848833
1057 8.594194883793727e-05
1058 0.03217188047905641
1059 0.14048924744890753
1060 0.03779258332930922
1061 0.0008812687860477704
1062 4.5616450304464664e-08
1063 0.0003212293807303985
1064 1.23674699244618e-17
1065 0.04550193779593334
1066 3.378706273164048e-24
1067 0.05091819801725759
1068 7.659206508756168e-07
1069 0.03727307668211288
1070 3.563898229174557e-10
1071 0.00016121074736187555
1072 1.1013246749289581e-05
1073 7.060494120771327e-05
1074 0.0015319860024884638
1075 2.451608374435583e-12
1076 0.021704385604316152
1077 1.8008703799551455e-06
1078 8.407239119014882e-15
1079 0.05145727245632887
1080 0.028515097430904836
1081 0.002501992099826387
1082 2.1696968981255286e-08
1083 0.03282599314732792
1084 0.05458931968257407
1085 0.08359580862616997
1086 0.03219621707541103
1087 9.132194210516502e-16
1088 0.16616272243485403
1089 2.5152688275338683e-06
1090 0.026382509011500167
1091 0.003327227245947366
1092 0.20894649844898114
1093 5.741288808619358e-05
1094 0.003522052370952677
1095 0.03720608658460399
1096 0.0001496066924339841
1097 0.0013703336838960707
1098 0.04564954704060078
1099 2.586118823573436e-05
1100 5.732036792677219e-13
1101 0.029570005024061725
1102 0.284356742885404
1103 0.03868149602435889
1104 0.0025018542309224465
1105 3.183237457582766e-16
1106 7.151240717026291e-09
1107 0.2174985796216151
1108 0.020329507882662617
1109 6.266111371352283e-11
1110 0.12994271698046705
1111 1.4279388676218442e-09
1112 2.978080237792079e-06
1113 0.09290840552699606
1114 0.0022228662707312677
1115 3.157580768631161e-08
1116 0.0010463237706763932
1117 3.134108110267216e-08
1118 5.89626821209268e-22
1119 0.1265432791570848
1120 7.201271671017241e-07
1121 0.0008954478386778722
1122 0.000345378067166735
1123 3.926102165485303e-05
1124 0.002279332721912973
1125 0.16467507039154552
1126 0.001039476201295597
1127 0.09240679954958565
1128 3.894226116862139e-20
1129 4.5990242999186215e-11
1130 0.1828573111537533
1131 2.2590008501894305e-12
1132 0.5862960163396836
1133 0.02730215359494208
1134 4.357414003523683e-22
1135 0.00010867924818662753
1136 0.001149826075632792
1137 3.8340522422164237e-07
1138 0.052667677431616974
1139 9.199513042697396e-08
1140 2.3702826698407214e-07
1141 4.5135225145212815e-17
1142 3.8832092731336284e-19
1143 0.0016654281443581529
1144 8.165775287850382e-08
1145 2.2507252467981553e-07
1146 0.0286673299084954
1147 0.03831730252347569
1148 0.00023468812026186835
1149 0.04172695031915816
1150 0.5717724443277428
1151 0.00023945686969633915
1152 8.563613517112153e-05
1153 0.07317351597109203
1154 1.282099695267676e-08
1155 0.012470490182605235
1156 0.07025936353719439
1157 0.14658419622268667
1158 0.026757121183095065
1159 0.0001498088415095415
1160 3.660512597902966e-15
1161 0.057088308613516124
1162 2.16388064547832e-09
1163 0.07797331784017306
1164 0.0019892797025517963
1165 0.057927829506018866
1166 0.22713533740468794
1167 1.3789164789050823e-06
1168 0.0021952323291899744
1169 0.0001803959475553891
1170 0.2624507289382693
1171 0.0006954484124923856
1172 0.13917475050647884
1173 0.0010273255595549947
1174 6.027523207047729e-09
1175 0.6308209928419699
1176 0.0025491101217170764
1177 5.140576870996505e-08
1178 0.0009361073148330826
1179 0.045488692272013645
1180 3.662065256424593e-06
1181 0.014486739179115644
1182 0.009924574197581696
1183 0.47825978487729026
1184 0.0006233663573778467
1185 0.22531855550343627
1186 0.07009854089725324
1187 0.050824365076691774
1188 0.026788532199911244
1189 0.003134541332835031
1190 9.303521070687226e-05
1191 0.0030168320454732177
1192 0.0007298363084389376
1193 0.272347880861654
1194 0.0014612640322072634
1195 8.855510407510651e-10
1196 0.3099463702781415
1197 3.367578981580685e-12
1198 0.00016041735598254338
1199 1.396861860646212e-08
1200 0.0010064474408327693
1201 0.0017894386006615127
1202 0.0145109261553997
1203 5.1345581694675966e-14
1204 1.5666422143788487e-08
1205 0.12492896389886303
1206 2.2525516160193027e-07
1207 0.0005198390504902692
1208 2.1488175721608026e-05
1209 1.4291669981920192e-12
1210 0.003111369453113888
1211 0.13345264838982718
1212 0.1460469929319015
1213 0.05267849220673671
1214 5.32559691602054e-20
1215 0.0035668211702036493
1216 0.0003883696317045472
1217 2.7201616295471125e-17
1218 3.7968675470244225e-05
1219 4.9113878190991344e-05
1220 0.6319291817509952
1221 0.0016095388888336993
1222 3.5756384321787056e-05
1223 0.0018851286076694627
1224 4.364499452899994e-08
1225 0.0016855501432538815
1226 0.029266835000648566
1227 1.5761123543347658e-05
1228 0.01501720170324462
1229 1.0711657594420319e-13
1230 0.03173061471270114
1231 0.026320061004898834
1232 0.2756329229882178
1233 6.498998602419213e-05
1234 1.1006159067191526e-06
1235 0.11076489069615361
1236 2.2342136490709224e-16
1237 0.02064027626417366
1238 0.0003257962318455893
1239 0.08486117130797513
1240 2.4727479287801218e-18
1241 5.592973201387297e-08
1242 7.199723461255884e-06
1243 3.5441320542203405e-06
1244 0.00034160213506912346
1245 0.04081180139825398
1246 0.009828851399545074
1247 4.727179088846241e-08
1248 0.0011774778029618245
1249 0.4476959937871361
1250 0.303138131790784
1251 0.0007096064289020175
1252 0.4686987795803462
1253 0.01821386383335191
1254 0.33073751168142496
1255 0.020977793568940698
1256 1.2151483951073957e-06
1257 6.0329435222637105e-09
1258 5.972735071731226e-13
1259 0.00021135690664532438
1260 8.817152467341665e-13
1261 3.808309941482711e-06
1262 0.6118171671697373
1263 1.2479881204798e-05
1264 0.5360445219878038
1265 3.731003298945878e-06
1266 0.03343408717779917
1267 0.018559517765007832
1268 0.0007907532686334726
1269 2.467981716707739e-07
1270 0.001859775960531294
1271 5.013548988518668e-06
1272 0.001246949367548201
1273 5.148305951172276e-16
1274 0.3357771506108054
1275 0.0900867778818345
1276 3.2804464462563265e-07
1277 0.006221000309539798
1278 0.18823563535408327
1279 0.09985200477899965
1280 0.00017105212705126048
1281 0.001297061455241004
1282 0.38764287012368154
1283 8.435712574536091e-10
1284 3.944201704172768e-06
1285 0.14364398629766909
1286 3.466543755367929e-09
1287 3.7337537188305103e-07
1288 0.001145572068809772
1289 0.0003086430211488073
1290 0.25849145204804497
1291 0.16687486462203902
1292 0.19767922317873382
1293 0.3039201681883793
1294 1.3925024180208625e-06
1295 6.030832996357625e-07
1296 0.2893645801409424
1297 6.629246535041446e-17
1298 0.012775646124525112
1299 0.5436165139295056
1300 5.095729165585878e-07
1301 0.005437247615018208
1302 0.0034851826434748657
1303 0.33913400732467813
1304 0.043473232201524076
1305 1.687554492951797e-11
1306 1.721748883904625e-14
1307 4.80398308662788e-07
1308 0.0001954980222944745
1309 1.7579695072044313e-05
1310 0.28113827300877636
1311 0.01272530833677414
1312 0.0020593115849045153
1313 0.44994907677975865
1314 0.0001619168669949098
1315 0.0016947887374669116
1316 0.0014204246809648464
1317 0.0003890509241236022
1318 0.5577094348753227
1319 4.237585601132388e-05
1320 0.004001851922486057
1321 3.3562435316814086e-06
1322 0.06060373028720293
1323 5.134760950124012e-05
1324 0.0026136271649972796
1325 0.41993289942424405
1326 9.196479089598484e-25
1327 0.015580346672507826
1328 0.5995745360744646
1329 8.144852370540684e-06
1330 0.16009211117934383
1331 2.0801865725452324e-11
1332 0.0007924929411884349
1333 0.0005461031950609341
1334 0.0020641169213865915
1335 0.005733925802145972
1336 0.00012242439996712305
1337 8.417682395107629e-05
1338 2.2231081313427776e-06
1339 0.04765367459619537
1340 0.01326366863427639
1341 0.04698443490039987
1342 0.30682800339227023
1343 0.005158626043708313
1344 0.015613647661124767
1345 0.5753022421707836
1346 0.4095567123175447
1347 0.010650553611214753
1348 1.2221498177370513e-05
1349 8.479107512295709e-05
1350 0.007685944734482389
1351 1.0908670479620234e-07
1352 0.017648861976737047
1353 0.0032738377601315566
1354 5.122737722652573e-09
1355 3.383772576962781e-09
1356 0.0001458615144721638
1357 0.018402253377120655
1358 0.021216556372651244
1359 0.5330766573061592
1360 4.544448984175989e-07
1361 0.0008710919559402281
1362 7.02553223512859e-06
1363 1.880158420275251e-08
1364 1.067059036292922e-07
1365 0.0003439446432073663
1366 0.3929454691382436
1367 0.23859882658195913
1368 1.321868519201598e-14
1369 0.021642390162524276
1370 0.38274404435119763
1371 0.00555048636696596
1372 0.0064929798200840895
1373 0.001581138113589517
1374 0.0010542741509581028
1375 0.006390548556045145
1376 0.0005242152182860828
1377 1.0240451989185508e-07
1378 0.36922999494247083
1379 1.2923880665924466e-12
1380 0.13706878602368408
1381 0.004103504009798596
1382 0.12987392122115837
1383 0.002565178006484766
1384 5.326498629461344e-10
1385 0.017485316178711695
1386 0.016044377004293998
1387 1.66315785900917e-05
1388 0.8175143063152673
1389 0.2222323028827229
1390 0.0017798167875225169
1391 6.466640056981889e-05
1392 8.567639334004374e-06
1393 5.005802974909064e-05
1394 1.0545963512048975e-05
1395 7.457890344403037e-12
1396 7.858900512367274e-05
1397 0.26881963357595084
1398 0.23881314818488722
1399 0.7455338955640896
1400 0.5568519224253081
1401 0.029123239376507595
1402 0.00019417322795902954
1403 1.741517831354325e-07
1404 1.4497785485727884e-06
1405 8.651549102156212e-07
1406 1.4035120149353502e-07
1407 0.03127979206491087
1408 0.03770790658436337
1409 0.00020912785111959004
1410 0.0006953238829651209
1411 5.96662178850485e-09
1412 0.00012315720191108655
1413 5.291566653363228e-05
1414 0.050638054897103074
1415 1.1838463146381248e-08
1416 0.000171569675694788
1417 2.2968353111162265e-12
1418 6.182098190291461e-05
1419 1.2277425109091657e-07
1420 1.912106199053614e-06
1421 0.10843206905430446
1422 1.6261805227202659e-09
1423 0.6859207290228279
1424 0.0001486287022937544
1425 3.682939876272956e-06
1426 5.0698050676664054e-15
1427 0.027171296987917773
1428 6.366889643095365e-06
1429 0.0005212204740945996
1430 0.6221566138654238
1431 3.354541600575383e-07
1432 0.00012738387955900593
1433 0.017154267342488694
1434 0.1907367111435528
1435 0.0020692348224650194
1436 1.432180206189388e-06
1437 0.0435133032476359
1438 0.024098982832087862
1439 0.031467810565701755
1440 1.1278748776851347e-07
1441 0.00024880339556806867
1442 1.958632734668724e-10
1443 1.5576160562831883e-07
1444 7.492150114836664e-06
1445 5.077425812204342e-08
1446 0.0007723031117831486
1447 7.759459312017537e-09
1448 1.1784945009862725e-11
1449 1.7676062101450895e-08
1450 0.0016094612320878322
1451 0.4533662161620419
1452 3.664891437038157e-05
1453 0.00011971259311385346
1454 0.004031639205160596
1455 3.734238781381164e-12
1456 0.39061382914836296
1457 4.997266750634295e-06
1458 0.07093420647042432
1459 0.01591848940002493
1460 7.72976483269318e-07
1461 0.0011551820163582607
1462 0.07188331138732126
1463 0.5906597506703358
1464 0.10061350414637087
1465 8.378280707747715e-05
1466 5.813033749090811e-12
1467 3.638310828278835e-08
1468 3.010474116936331e-13
1469 0.0001986904004760163
1470 5.081799826644836e-07
1471 2.5609510225456287e-11
1472 0.00024152556880694542
1473 1.3152161713139545e-08
1474 0.0027869075485781425
1475 0.08212085258723224
1476 2.422044259873396e-05
1477 3.257686005804064e-05
1478 9.940506044637314e-10
1479 0.0018373250208832544
1480 1.8046177302131007e-07
1481 9.733333966547147e-05
1482 0.00016423521874871954
1483 2.5394042884529767e-05
1484 8.767052196779029e-12
1485 2.8852130598381835e-05
1486 2.7502427849697052e-08
1487 1.5330780005388245e-10
1488 0.0007868492751362468
1489 0.05582370577383013
1490 5.978565260705746e-16
1491 8.799550422647118e-05
1492 0.14336511462244986
1493 0.001074118546781119
1494 0.018210458717938263
1495 1.253100758997298e-09
1496 0.3829588354540659
1497 1.2908861689871572e-06
1498 8.710155790484505e-08
1499 0.0018734117537792467
1500 1.245026745652597e-10
1501 0.0009578510695229074
1502 3.1042594419258e-05
1503 3.932975047992895e-11
1504 0.146910419024763
1505 1.5657281192110936e-05
1506 0.620108626615614
1507 1.1125502558892864e-09
1508 0.0044240556228573895
1509 0.001922091343285198
1510 0.27862882215583074
1511 0.3377982322100919
1512 3.6001494430060677e-06
1513 0.04921358721657881
1514 5.160354152960996e-05
1515 0.20867095876454753
1516 6.287852205189651e-10
1517 1.2497230938363496e-06
1518 8.21963549804285e-08
1519 0.002344364618238333
1520 0.004962875441148975
1521 0.0042882580323157365
1522 3.834849942902213e-07
1523 0.00011001974565998778
1524 0.0046203021458192444
1525 0.00745109974457339
1526 4.3953078023209736e-10
1527 0.011967607337902912
1528 3.3352566636802278e-12
1529 4.093163424129824e-15
1530 4.038023812625425e-08
1531 0.0005978746021112859
1532 1.4518140123948064e-12
1533 0.09560008229811434
1534 0.00401877765505828
1535 1.9349413144699454e-06
1536 5.775203932452124e-13
1537 1.4493863510916496e-13
1538 0.00011304624170227628
1539 6.760258375493566e-05
1540 0.3473273325636852
1541 8.736621090636623e-07
1542 0.0011100221145045695
1543 0.050568716923920516
1544 5.774010279882557e-12
1545 0.051527349288663066
1546 0.8370506311600997
1547 1.613532253488847e-11
1548 0.0001207948817104324
1549 0.057721601633403966
1550 0.0030857968125248044
1551 1.9871641020035032e-17
1552 0.009898644435556806
1553 2.0044152213248602e-10
1554 0.0001344978693394517
1555 3.5569484685220647e-12
1556 0.0537386913948218
1557 3.79755948326364e-11
1558 3.626261380088296e-17
1559 2.9117636272801312e-05
1560 0.4535947703649947
1561 2.0317304209457593e-08
1562 1.3194407178158756e-08
1563 1.2302287094504362e-06
1564 3.0673452199916315e-10
1565 5.708060429363604e-10
1566 2.3183105886931213e-05
1567 2.901097508485324e-09
1568 5.585775005239521e-17
1569 6.418508576529897e-07
1570 5.035734654193018e-13
1571 3.4370926482107457e-09
1572 0.07371722474237097
1573 1.6057146766041725e-13
1574 5.7174006477086875e-08
1575 0.00010088950055715802
1576 0.0002957709153953179
1577 1.2406196136404685e-09
1578 4.5439792732861335e-09
1579 3.813578811898959e-10
1580 2.7107296060951924e-07
1581 8.904409023590791e-06
1582 0.018963503513718182
1583 3.3471191818604574e-09
1584 1.192127072330085e-08
1585 0.009591598520452925
1586 0.010699857073933566
1587 0.010161156689740533
1588 7.593873391091747e-09
1589 0.014018450549937625
1590 5.158042890271228e-05
1591 5.050817185580492e-12
1592 9.683143119052003e-10
1593 0.0005086516165229049
1594 0.010169531252702846
1595 3.3162007646095365e-07
1596 1.2269468782296781e-09
1597 2.7567483686554416e-06
1598 0.00022653906312644943
1599 0.02379374515061614
1600 0.00012779888347825568
1601 3.041668699190455e-10
1602 0.00856786449101127
1603 9.133616532966704e-15
1604 1.9382523496452537e-13
1605 2.9528644841629114e-10
1606 2.6700340162411087e-09
1607 3.526176521867572e-06
1608 5.997577650140585e-08
1609 0.08185603300037737
1610 0.16839936169484634
1611 7.556650848188754e-13
1612 0.0002402766736272871
1613 4.873286170821226e-11
1614 2.979235260327804e-13
1615 3.8011648438747175e-08
1616 0.0009657402560287101
1617 5.853424237152523e-08
1618 0.00018233338042161122
1619 0.00023681030814981063
1620 0.14040899905299478
1621 5.276246738456872e-12
1622 3.1509642565997214e-13
1623 2.5674112838788473e-08
1624 9.602647762125455e-05
1625 9.445235283625852e-15
1626 0.19756112163839004
1627 3.1701749070195194e-07
1628 6.054007801034215e-05
1629 2.3815297705385795e-07
1630 3.7952370452101755e-11
1631 1.0069181078293518e-10
1632 0.026835014950259303
1633 0.006158693188335552
1634 2.941267035577758e-08
1635 1.036808868326372e-06
1636 0.003757701904148239
1637 6.741001752648956e-10
1638 0.0022434486201369113
1639 2.423438775519792e-06
1640 4.5444146377369504e-13
1641 3.021352636725653e-13
1642 9.631723818397567e-13
1643 1.6111359667227765e-07
1644 4.4372867689977875e-08
1645 7.557556458107197e-08
1646 7.052794701716503e-08
1647 4.182369947222684e-07
1648 0.13713364329742408
1649 7.394980635128867e-11
1650 0.0007715564255874096
1651 0.07905161287593783
1652 1.2089751335793635e-08
1653 1.572617838941772e-10
1654 1.7354757508129427e-13
1655 1.9520406358425757e-06
1656 1.1548898149650615e-13
1657 1.5471526948310962e-12
1658 0.0019185201481695141
1659 0.1909492548546816
1660 0.00022334468298782615
1661 0.0011535827112375621
1662 3.4672079095732355e-08
1663 9.534731379398736e-08
1664 1.8037585555250068e-08
1665 7.338846175400822e-14
1666 0.00312916858504696
1667 2.733654898234192e-12
1668 3.1441233664007213e-12
1669 9.604045360686777e-13
1670 1.1657279491425778e-08
1671 1.1394948859962585e-13
1672 1.5782209107676655e-07
1673 3.657349932941019e-08
1674 1.1389055102346153e-12
1675 0.24425874804638031
1676 0.02883662801446435
1677 5.505458486257745e-16
1678 2.0854311597547525e-12
1679 9.596508050146778e-13
1680 6.837731770588014e-13
1681 0.12415160030737966
1682 1.7492824766269752e-14
1683 1.0642540360327222e-09
1684 6.664760377174359e-13
1685 9.404579824317114e-13
1686 1.0690076482016421e-11
1687 3.167795729206307e-12
1688 1.1392147556976374e-13
1689 1.7460156878790092e-13
1690 4.5529216729516166e-14
1691 8.523620308990687e-13
1692 3.4627503197750605e-12
1693 6.988429948094237e-14
1694 2.694571871561971e-14
1695 3.166980751513687e-14
1696 0.0265995529368699
1697 0.46219545975722187
1698 3.5972003545863737e-09
1699 5.470361740091863e-05
1700 4.30056762826266e-05
1701 0.0011028638169032355
1702 5.232528664346328e-06
1703 0.002054671580975531
1704 2.1423491939710575e-13
1705 0.0010597628433576538
1706 0.00017072107659464933
1707 0.08415545337466691
1708 0.10470381603969765
1709 4.7267404870955647e-11
1710 0.013479091468793043
1711 1.0102604251211757e-08
1712 3.6136973285945677e-19
1713 6.55059698341421e-05
1714 1.8375203260830838e-07
1715 4.008557004723156e-06
1716 0.08258075778378093
1717 5.369273159555111e-11
1718 3.272861092166587e-07
1719 7.524358203758693e-06
1720 3.504715257823762e-11
1721 6.811057159741963e-06
1722 0.004673901121999757
1723 2.7029364331741473e-08
1724 1.0795418829953792e-06
1725 0.0072226548740861735
1726 0.060714548905057286
1727 0.01059121580710092
1728 6.961950163488445e-10
1729 0.0007777112626067814
1730 2.384599922984318e-09
1731 0.00010946200922185367
1732 2.6440431953430596e-11
1733 3.93091534414184e-06
1734 8.277512672618127e-05
1735 4.3152522519108794e-05
1736 2.3686107126847295e-08
1737 0.0342273594623558
1738 3.5124462691765664e-09
1739 0.008663240172375897
1740 0.006527770559689237
1741 3.522164125735908e-11
1742 0.03818596174706666
1743 0.0005577479537045727
1744 9.849199668959124e-05
1745 0.29320036887530215
1746 3.354394764510107e-05
1747 4.084423882542516e-11
1748 1.101310503371103e-05
1749 5.395450666639063e-09
1750 0.022880204282349444
1751 0.04157496175084497
1752 0.00045702209950500327
1753 0.0005622917249262249
1754 5.972180070539015e-11
1755 0.37686439876820216
1756 0.0005730979524567153
1757 0.19478292647980427
1758 5.6459674996165654e-05
1759 1.831289484688258e-12
1760 0.04016312486023242
1761 0.00011597978431551727
1762 1.8461487879892004e-07
1763 0.10355957957735734
1764 0.4491022339610112
1765 0.3148897692629195
1766 3.71254244706578e-11
1767 0.0009337018307629229
1768 0.026379911674274253
1769 1.5353215484791067e-15
1770 1.705993843536818e-22
1771 1.1384998127106079e-10
1772 0.004618067806129028
1773 7.877943854630522e-12
1774 1.6525330194807726e-05
1775 0.5024802347389542
1776 1.3279293366327863e-09
1777 1.2657436739700077e-09
1778 0.005207866074375768
1779 7.212063611078708e-07
1780 0.010628877226710493
1781 0.002649833393281519
1782 0.00971930200649474
1783 1.947045137973124e-11
1784 0.015606208537532898
1785 1.2274192874373564e-07
1786 2.7754265774772835e-06
1787 2.3805816569663657e-08
1788 0.00012335769391960593
1789 0.32966219537440666
1790 0.007169509178525157
1791 0.00880283689123913
1792 6.1852836508403e-09
1793 1.1929314386943113e-10
1794 8.493211534641865e-05
1795 0.5160811303478617
1796 0.009591900056094553
1797 2.4402823207549607e-13
1798 7.115680349565021e-12
1799 3.037950399433223e-08
1800 9.329649645342859e-11
1801 0.0002773906983847406
1802 0.3515059188535724
1803 4.225440945641899e-11
1804 0.022935233612070664
1805 2.658249158879242e-11
1806 0.02539207155353632
1807 2.5092137725039426e-11
1808 9.460433353465038e-07
1809 1.169763778588945e-11
1810 4.539715367896599e-21
1811 0.6413743188591029
1812 4.689414176374495e-23
1813 0.01235852638871815
1814 1.4269444970211143e-05
1815 0.49175465080694203
1816 0.01324553227718909
1817 0.24267118824664152
1818 1.9594149938930206e-09
1819 6.100892042213003e-09
1820 9.91171831644667e-08
1821 0.06163205776379862
1822 0.2347207147544149
1823 0.016043661235325496
1824 2.134485120968743e-06
1825 0.698848036384122
1826 1.3319068719946897e-07
1827 0.5519560535580595
1828 6.2098990718329165e-06
1829 0.012547122143508808
1830 1.0801726475350498e-06
1831 9.155212422784318e-12
1832 1.3598670761103128e-06
1833 0.8204169544318686
1834 0.43672888418652633
1835 0.013479526018794218
1836 2.00825674061772e-08
1837 3.2149985996722766e-28
1838 0.0006823004569527651
1839 4.3208239520471706e-11
1840 0.0005685580264030273
1841 6.360861817525816e-11
1842 0.009538320619113494
1843 0.0001835319523707335
1844 2.877751385200029e-09
1845 0.010784017354589006
1846 2.674870955411191e-11
1847 0.43610914956105157
1848 3.560880198324125e-06
1849 0.8916682525032195
1850 0.5324958186971233
1851 1.151904655245252e-09
1852 0.21387414839875046
1853 3.668712890524424e-10
1854 0.009557540338680164
1855 1.790016910576949e-10
1856 3.030616639841904e-09
1857 1.0276852652368091e-05
1858 1.356114599314183e-08
1859 0.08376509788751027
1860 0.00043769447418590395
1861 5.5169405382246e-13
1862 6.414065215475468e-06
1863 0.05433574621087554
1864 3.295456225657032e-05
1865 2.3900808142199514e-07
1866 0.030074589191133063
1867 9.46535160436506e-11
1868 3.236584375307752e-10
1869 2.103289673651726e-09
1870 8.446290334171749e-09
1871 0.00921517557328445
1872 0.8965775144563453
1873 0.22317357569015
1874 0.33958498281818816
1875 2.1630377684189872e-10
1876 0.0007466238413030665
1877 3.744071725613671e-05
1878 0.43421187423492086
1879 0.001113039703256142
1880 0.06909691431236552
1881 1.0830013586484083e-08
1882 3.501955446476618e-08
1883 1.5207901905736641e-09
1884 0.006302502630949145
1885 0.3579728892900315
1886 9.651269770686512e-07
1887 0.8337142720220144
1888 0.0016369072490909644
1889 0.00011167660285414522
1890 7.225814342054158e-05
1891 1.4454991315871268e-08
1892 4.653407755879713e-06
1893 5.528285167349968e-07
1894 7.087249047805766e-13
1895 0.004239370580431373
1896 0.02330959863605531
1897 1.753389078716951e-05
1898 0.4322269704375432
1899 9.605911161835384e-09
1900 0.005007316455650334
1901 7.213289671473776e-10
1902 6.0152783716845255e-09
1903 2.2850214909091524e-09
1904 6.493162207271253e-09
1905 3.209485760426207e-10
1906 4.739768537625997e-10
1907 0.06107415164612215
1908 0.008057931436380719
1909 6.552094651468624e-10
1910 0.11188944828820754
1911 1.6503512112145908e-08
1912 0.005399117718954696
1913 0.0006644134469746842
1914 0.00042235504638870317
1915 2.6250491130913337e-09
1916 1.9845026273520954e-07
1917 0.3072072903686758
1918 2.0178611970624502e-15
1919 1.2179974774138615e-11
1920 2.813682519940179e-09
1921 0.0009776795182819442
1922 0.00031453833839110144
1923 0.26843774491184014
1924 0.7132216086182993
1925 1.9629201739114876e-08
1926 6.355584102326334e-07
1927 0.01458768163084735
1928 8.788229799869073e-09
1929 3.0317920715841004e-24
1930 5.0604589464358034e-05
1931 3.8402000004986364e-05
1932 0.00030359992482153196
1933 2.790915837187136e-08
1934 3.5350419340744527e-08
1935 1.8907673621793476e-14
1936 1.3396959502812445e-08
1937 9.187240655258833e-09
1938 0.08985709714386295
1939 0.000742891736507296
1940 0.004166626477856356
1941 0.004997775447444486
1942 0.0005083094356384612
1943 1.3641008863999354e-10
1944 0.143103219368315
1945 0.003867428192616323
1946 0.010908102701451193
1947 0.002151178311044047
1948 0.10239586732031059
1949 0.2465572892558235
1950 0.3184777503021337
1951 7.645219610326884e-05
1952 0.35449283101791157
1953 1.811536825505224e-11
1954 2.5857387381033914e-10
1955 1.7554289688571243e-08
1956 0.021683918328148984
1957 2.5274117665651906e-06
1958 0.05192575050895169
1959 6.17509486279882e-17
1960 1.1020024017465897e-07
1961 0.5333836593713671
1962 8.174672402170044e-08
1963 3.070484941351047e-05
1964 1.4080602957613308e-06
1965 4.896720410504636e-08
1966 4.2022128019479865e-09
1967 0.5621182578955866
1968 1.2089997006283197e-06
1969 0.1130593815370187
1970 0.00022721925866406797
1971 0.028005707726241533
1972 0.23265786434680946
1973 0.23111146202899485
1974 9.696799769053935e-10
1975 6.816409535425375e-07
1976 0.0004444613194880346
1977 1.7214714855313081e-06
1978 0.0009976357838920983
1979 2.1516494373247937e-10
1980 5.2796725340911635e-09
1981 8.79841936694785e-08
1982 0.014965559085057497
1983 9.52178273170839e-34
1984 1.8917172176419857e-11
1985 0.1874104589215875
1986 0.30012070734984647
1987 9.540660200452958e-10
1988 0.22692051519612993
1989 6.338454353396899e-10
1990 0.10602175143792508
1991 0.0003230806061431738
1992 8.655448169612844e-10
1993 0.0007879957125287941
1994 0.2489673663960209
1995 9.287991432855456e-05
1996 4.517934101916763e-06
1997 0.057359747090586596
1998 1.2015392216892872e-08
1999 1.3584115377529571e-10
2000 4.953351431874726e-08
2001 0.09246572118679594
2002 7.867497729771437e-10
2003 0.07533957945063659
2004 0.018072576437384948
2005 0.36989364316899676
2006 5.302431248402371e-05
2007 1.3537222023277336e-10
2008 3.4863441785128027e-09
2009 0.0005950316127843412
2010 0.000526179451776018
2011 3.2772574474081794e-05
2012 2.6620279033341385e-10
2013 4.555354603073367e-09
2014 9.583492133558209e-11
2015 2.626370889925024e-08
2016 2.4191360527566955e-07
2017 6.724626702564847e-26
2018 0.00022596662196148044
2019 0.4261766968146544
2020 8.353521713556265e-08
2021 0.04072261921044261
2022 0.001681325663156273
2023 0.32939820433354094
2024 0.02294011276854786
2025 0.06836587538088973
2026 4.675165794602753e-11
2027 0.6421042169672564
2028 4.462331643199753e-07
2029 4.964650729306708e-08
2030 1.568254778135758e-05
2031 1.1394288334602692e-08
2032 2.2878756879437343e-07
2033 0.00022735527686271488
2034 0.021302909610814474
2035 2.494860083528835e-09
2036 4.000468887647633e-07
2037 0.49292297362467863
2038 3.009854581243536e-07
2039 1.3285234488825783e-06
2040 8.02676992501902e-05
2041 9.942963337280635e-10
2042 1.0130323268088852e-06
2043 1.6280694550110218e-05
2044 0.023949351483128517
2045 0.775649752096149
2046 0.0030172263791024504
2047 3.0413217520862974e-05
2048 0.08915977275204348
2049 2.284266453960402e-05
2050 3.318060908860125e-07
2051 9.30489136284734e-16
2052 0.00015595628315165244
2053 8.103858387916068e-07
2054 0.45524019405689053
2055 0.02687904336441679
2056 3.7238709500515553e-07
2057 2.2123149447781356e-10
2058 4.0770707810286225e-10
2059 3.1364744555515257e-09
2060 2.5742283160640275e-05
2061 7.41228199115416e-09
2062 4.595651075109328e-10
2063 0.008931746712615589
2064 0.01650170687276625
2065 0.0001298285762508878
2066 0.8675757265118095
2067 3.223978530293654e-06
2068 0.0002197331026546042
2069 0.0008981051882823613
2070 0.0012069594553142705
2071 0.00943717454921138
2072 6.104903276794488e-08
2073 4.289304440557618e-06
2074 1.7448004355409596e-09
2075 0.0010921307777622831
2076 0.12031504997475387
2077 7.515210319402872e-05
2078 6.343168734101371e-10
2079 4.6128503488513935e-09
2080 4.6810754176692974e-09
2081 0.0011566877665092233
2082 1.3684966480317052e-13
2083 0.44904691082344556
2084 3.627317852940575e-11
2085 1.0113111958373213e-06
2086 0.0001216346597092216
2087 0.8982580417071167
2088 0.0014612035917221722
2089 3.1082251174323984e-08
2090 0.04926707892893191
2091 0.014234412706989372
2092 1.543585107516141e-09
2093 9.044406086802511e-07
2094 1.277795874686129e-05
2095 5.797733353211077e-10
2096 4.5271756116617054e-07
2097 1.0037977382157988e-05
2098 1.7619836998196288e-06
2099 7.748078034844123e-05
2100 2.000606583120896e-07
2101 0.013082326822856817
2102 9.244432388850408e-05
2103 6.152452474996193e-10
2104 3.193634129941943e-06
2105 1.7463353599323825e-08
2106 0.018588539059885764
2107 0.283050133767815
2108 0.03538355779864141
2109 0.02005886450593001
2110 3.690206740033268e-05
2111 0.06301851631599192
2112 1.5157634998644929e-30
2113 0.018212871838088868
2114 0.4781995089267194
2115 0.41199677568798154
2116 6.979716638852073e-05
2117 0.8602866972739565
2118 1.0043623567272995e-10
2119 4.301364917410727e-12
2120 3.591329816461883e-05
2121 1.1258275202028856e-05
2122 2.8640831512737026e-05
2123 8.549785086702568e-06
2124 8.894973526311676e-15
2125 0.18143101763243993
2126 0.006863535937308672
2127 0.0010588592904661243
2128 0.018086758216452233
2129 0.03711587766244805
2130 0.37744205648191315
2131 3.331240597357436e-06
2132 0.10383970627328329
2133 6.772820559420072e-08
2134 0.30686638168670255
2135 3.8968078675231946e-18
2136 6.7877163862557415e-06
2137 1.3524190359317147e-08
2138 0.00039158109489819857
2139 0.7599241363309135
2140 0.009486190039387313
2141 1.2232305513992301e-05
2142 0.0004558608968625985
2143 6.094698440875877e-09
2144 0.0007759917672902977
2145 2.194173703714541e-08
2146 1.5064811260638077e-06
2147 3.060890862457714e-40
2148 2.1452921310898373e-09
2149 3.3488410000092933e-06
2150 9.750030304590496e-09
2151 3.175503004931589e-05
2152 0.023608844719977706
2153 0.0006145646954344944
2154 0.017818321148910563
2155 5.217356190566987e-07
2156 8.126115175741371e-07
2157 0.26786995006613573
2158 0.7590615754973953
2159 5.756415847267717e-05
2160 4.1216234038258503e-10
2161 0.01626831122113804
2162 1.1496940876993732e-10
2163 2.646444392253456e-10
2164 4.988760980363972e-07
2165 7.781913809240571e-06
2166 2.4121383516860372e-08
2167 0.009861700859895458
2168 0.07031802562184801
2169 0.15955953336618958
2170 7.099494206963925e-05
2171 5.454318269989498e-09
2172 0.15170652372809268
2173 0.0005175243433567397
2174 0.0006276869318182968
2175 0.03702891223086287
2176 0.17709321641646042
2177 0.0001838633499435631
2178 9.954888924349231e-08
2179 0.003532047157514117
2180 0.0003509808021457358
2181 0.8902256996935809
2182 0.3508764436008489
2183 1.7985415162927675e-06
2184 1.5373324453378232e-10
2185 1.006274262260877e-09
2186 9.567171033947737e-07
2187 0.0003626468393344542
2188 0.00017974953340503183
2189 0.4104069214097788
2190 0.6774198341040424
2191 0.0001395164555551489
2192 3.727859764518552e-05
2193 0.410495572985314
2194 0.0001657260167211084
2195 1.3314973566740323e-13
2196 4.983729446684416e-08
2197 4.3125173188568496e-13
2198 5.997799767374148e-09
2199 1.7192790682805063e-06
2200 1.0996728386122499e-09
2201 0.001197664690010851
2202 0.6075515606424657
2203 0.001147296350611772
2204 0.002692418108322148
2205 0.002910716490050032
2206 3.201780591459347e-07
2207 1.5460225788749094e-09
2208 2.8865750834121895e-06
2209 7.794911565928059e-12
2210 0.7643825384616766
2211 6.48456701308945e-06
2212 2.3452511369385808e-07
2213 8.074933543962761e-05
2214 1.321477825438281e-05
2215 0.4734436861497083
2216 0.6166748420517297
2217 3.885150541891844e-09
2218 1.0560266041350064e-21
2219 2.7891476009822316e-05
2220 7.126272899567353e-10
2221 0.000982394948386483
2222 0.7404403009519168
2223 6.285211983561679e-10
2224 0.4518492059895573
2225 0.002074439391392957
2226 0.002614398223712125
2227 2.009505482934028e-21
2228 0.0002331722019207133
2229 0.2741324643742539
2230 7.666746331221558e-05
2231 0.05527713080392795
2232 0.4051325141895421
2233 0.0044985703049143025
2234 4.502888719419385e-06
2235 0.03507839432739746
2236 2.9863884988647037e-09
2237 9.17706152222131e-32
2238 0.401455274099357
2239 2.778042836448828e-07
2240 0.5052404641272662
2241 0.0021786684733321087
2242 0.0003978921546015379
2243 0.5084422041139373
2244 0.00536324863966118
2245 0.010370217145971472
2246 0.10137832209018885
2247 2.297730196484507e-11
2248 1.4476990267796161e-11
2249 0.0006926223364318116
2250 0.009770903193396274
2251 1.2622914090008608e-06
2252 0.00039428825377936
2253 5.789604329536688e-07
2254 0.008929570316827475
2255 0.035989882784527735
2256 0.32297175932903355
2257 2.418035881361219e-10
2258 0.00772515821249472
2259 7.809479570586856e-25
2260 0.016703731265741064
2261 0.0045422426371245364
2262 3.550070121446726e-05
2263 0.42410047142432894
2264 8.122134044378428e-08
2265 1.8344084802227018e-05
2266 5.56968900786422e-07
2267 0.023764499693553723
2268 0.19774126188598054
2269 0.00792313453183022
2270 0.0017253641593219216
2271 1.0473904807618112e-06
2272 0.00034807349900336826
2273 1.8417360521463603e-06
2274 0.40839240148648004
2275 1.3037680837395202e-07
2276 2.692999569358373e-05
2277 0.0007971869596957706
2278 7.792261975218146e-09
2279 6.375277528221169e-06
2280 0.2750245052833041
2281 6.73322477720537e-08
2282 7.485654495398225e-12
2283 5.8590052007342526e-08
2284 0.002493883098136981
2285 2.2859411511351673e-05
2286 0.2842774900287031
2287 0.00511271458431038
2288 6.310894781588836e-11
2289 1.475656877989573e-10
2290 0.033183854856947116
2291 3.016853012108091e-06
2292 0.0027942048109270944
2293 0.31937724955247626
2294 9.042870206310778e-13
2295 0.007912713223487794
2296 1.0901681890206283e-08
2297 2.3740541604515774e-07
2298 0.016121540782492644
2299 2.588204570264259e-05
2300 1.4920865263466017e-07
2301 0.1401831787217276
2302 1.1167763345334398e-12
2303 9.125068547211496e-05
2304 0.3754360328772741
2305 0.28111585071425155
2306 1.3989590653590137e-13
2307 0.00021162054975455976
2308 0.4613625299422234
2309 0.26391947416538075
2310 0.3793206334625727
2311 4.574724690378673e-06
2312 2.348695604006355e-12
2313 0.061154038869716494
2314 0.014335844518478566
2315 0.016816032769729858
2316 0.027477843952514885
2317 6.440763486452733e-06
2318 0.000312721095993036
2319 0.0008426198136511848
2320 2.478481468256819e-07
2321 4.4658466395130716e-14
2322 1.0472922384277514e-08
2323 3.2815134292083406e-08
2324 0.13216518909792416
2325 1.004115449740743e-10
2326 3.974691402380626e-08
2327 0.0003621122930889794
2328 2.018861387950588e-09
2329 0.00016530656390252528
2330 0.0018023000958669098
2331 1.1475220148046871e-08
2332 0.08571879514148045
2333 3.295442072373682e-10
2334 8.631878652593515e-06
2335 0.06825030397579826
2336 0.009880469938701677
2337 8.029578438107038e-07
2338 0.0004295629045591095
2339 0.39648957826698045
2340 9.419423558837393e-09
2341 2.0035067843112897e-18
2342 2.1971530264279738e-05
2343 2.8747613485423484e-05
2344 5.282964020726956e-10
2345 4.310737560444382e-05
2346 0.0005095958058687859
2347 4.197075232720169e-12
2348 0.00010584454152873684
2349 1.2177123527754832e-09
2350 6.265229086496935e-10
2351 2.0624277982028398e-26
2352 6.13068681153231e-12
2353 5.790335331960969e-08
2354 0.0022262448455570116
2355 5.9339791487725e-05
2356 0.5721546535831886
2357 5.575563181277515e-10
2358 4.813001419477703e-07
2359 0.8309498149075155
2360 0.011824041946684107
2361 5.3267402886752875e-08
2362 1.2287630652262344e-16
2363 6.048304189306909e-12
2364 0.01964079507287579
2365 4.02269449932369e-05
2366 0.0006729956452044982
2367 0.0025384272324531477
2368 0.08102371720243703
2369 2.4855965184325553e-11
2370 2.4070249238639205e-09
2371 1.7302882476318564e-08
2372 2.0597133468010296e-10
2373 0.0007702034796786335
2374 0.009848562539225917
2375 2.060758070479456e-06
2376 6.315473644445955e-12
2377 2.7151548076952917e-05
2378 0.0005123342828264498
2379 0.0006351820881083116
2380 0.002577462965449932
2381 0.00778650454475291
2382 0.002771066884876869
2383 1.1397712291286882e-13
2384 1.1435580983089969e-10
2385 8.527836774050134e-13
2386 2.0625280672255525e-08
2387 0.0004180572999453674
2388 0.0004716978454870715
2389 9.47580393010855e-06
2390 0.002150296824955818
2391 8.716548134716767e-06
2392 0.31100406592698593
2393 1.0380062968565475e-09
2394 0.00021414753279725337
2395 5.571346601642927e-15
2396 0.00023297752494872616
2397 0.0015677809274919604
2398 3.2184355193757804e-05
2399 2.2910634934886683e-17
2400 0.0019240074390613215
2401 6.116028621051603e-11
2402 0.008629581058687786
2403 5.661591290534311e-12
2404 0.04439120684551236
2405 1.0311978304388751e-09
2406 0.5517120682185069
2407 1.8009479374312808e-05
2408 0.6259584978905751
2409 0.003545515782449282
2410 0.00037507602048099007
2411 0.019626240293353796
2412 0.6910950546439597
2413 1.9189203603284802e-09
2414 0.0090453256443415
2415 0.0064648498368392975
2416 0.0064027150399860915
2417 2.156280527912847e-08
2418 0.0003482641989006183
2419 3.116043381553799e-11
2420 0.016143636324736935
2421 2.6898268691277122e-12
2422 0.00034427040477121045
2423 0.0003060586728931797
2424 0.7994078728742193
2425 0.854453500197327
2426 1.6595408356279716e-11
2427 1.3424636822250382e-08
2428 0.0016533625170566748
2429 5.385623181995354e-18
2430 0.0003112062600899244
2431 9.866890029418935e-16
2432 0.0035175077808341903
2433 7.575308122361406e-17
2434 0.8592063649778308
2435 3.715299096944842e-33
2436 4.290590892281974e-12
2437 7.675711799502548e-07
2438 3.9830154973355556e-05
2439 0.00014609801445675317
2440 0.004387612453385205
2441 0.00020466885614178897
2442 5.257047654756006e-09
2443 4.5150368951563474e-33
2444 8.383847957211078e-16
2445 0.00017636616278501427
2446 0.11827771689146648
2447 0.021855104690637988
2448 0.8537187408647328
2449 1.4926869428944714e-08
2450 1.931136777688681e-10
2451 0.7841217789583329
2452 0.8588183486294275
2453 1.073528243763408e-19
2454 7.844601522470769e-09
2455 0.006949438570079677
2456 1.734266664152943e-06
2457 8.453165972488408e-09
2458 1.3286235856984086e-16
2459 7.385144894705716e-07
2460 1.412339527464389e-09
2461 0.09001104416231175
2462 5.5874663527056894e-05
2463 1.9182620696854897e-09
2464 6.914114144599033e-12
2465 0.010354870959315775
2466 1.4744378957305904e-21
2467 2.0625912408169285e-18
2468 0.0001729843238100038
2469 0.01776453565688174
2470 3.1257910950217103e-08
2471 9.904496813897636e-17
2472 7.727120435273398e-05
2473 0.0016309137878120627
2474 0.0004334732543474635
2475 3.4441362438805244e-23
2476 7.943399168640283e-09
2477 7.535999154904496e-08
2478 0.0026245496782253967
2479 0.001283738232490206
2480 0.006172808893265678
2481 8.409385544936908e-18
2482 2.1965503305782262e-11
2483 0.00913128336106438
2484 5.513145629554765e-19
2485 2.995888054541832e-35
2486 0.3067417545330784
2487 3.386068603921705e-11
2488 4.015477437675947e-09
2489 0.0005478301631683454
2490 0.020187150735218335
2491 1.1948669869659163e-09
2492 0.001996270026333487
2493 2.7090873188395907e-07
2494 6.6155889408430865e-06
2495 0.36614562985900406
2496 2.20494387966274e-07
2497 0.3561622911422009
2498 0.0007627641959900598
2499 0.00016052987675296395
2500 8.213354479069694e-13
2501 3.632381518660013e-16
2502 0.004345361892032631
2503 1.1473916428583627e-22
2504 9.032116228183827e-13
2505 2.7422175603100404e-18
2506 7.8005683350960055e-19
2507 2.334373782805802e-22
2508 1.3668302988561762e-17
2509 0.0069922110298348
2510 1.2420474877586205e-08
2511 0.0023749593993877493
2512 4.111763329917335e-22
2513 7.9844973287316e-32
2514 1.0564037639783234e-12
2515 8.49549253536884e-18
2516 0.006289842007459324
2517 1.7350107263513997e-09
2518 0.0002903090437113912
2519 1.4498460560594423e-17
2520 1.2501653836943697e-09
2521 9.373721262450618e-19
2522 0.026937797277012697
2523 1.3426794523809247e-07
2524 2.317326504682319e-06
2525 2.6118974870905387e-17
2526 2.6829403695930425e-10
2527 4.2802308016083116e-10
2528 0.0025787313018653373
2529 2.1856230216692824e-19
2530 2.814900608351727e-13
2531 6.909859229851873e-13
2532 6.171060648219577e-05
2533 6.370343850043707e-07
2534 5.6332572271041354e-36
2535 2.8530973012353996e-09
2536 0.0007261693581407082
2537 1.779948340749696e-10
2538 0.0003993445814104152
2539 0.0002550702362625258
2540 2.2612805421741514e-05
2541 0.009776046539952298
2542 0.00010445215952510426
2543 0.00046641762763499313
2544 0.5724551969714714
2545 1.2342657820089688e-06
2546 4.1303526214899444e-07
2547 6.203407916426524e-05
2548 2.969669074134806e-07
2549 0.0037038992740392267
2550 0.06979905663896209
2551 0.00019602789937965857
2552 4.811818577272047e-12
2553 0.0045542093189842965
2554 1.682634636667811e-10
2555 1.7407165738055658e-10
2556 4.705454488378079e-22
2557 0.0011522472760942789
2558 7.010463250460649e-10
2559 3.023998280061781e-14
2560 1.6661210937541756e-14
2561 1.1120969399607184e-16
2562 0.0001525295230273064
2563 0.00018011750475728708
2564 0.010225583925840769
2565 3.912094487162944e-34
2566 1.6531965777049558e-22
2567 0.09119599047333374
2568 8.501427392873051e-23
2569 0.0005646180969698552
2570 0.2279448217903464
2571 1.244164360972552e-08
2572 0.00378054876798472
2573 0.005390363984900202
2574 5.548610362718475e-10
2575 3.51930993608613e-09
2576 8.038369198143117e-07
2577 0.0008339663951923678
2578 6.66130618123193e-13
2579 0.0020552810120568602
2580 5.7264652817677614e-05
2581 0.00014381883504837491
2582 0.0018590659414612458
2583 0.0723110466499698
2584 0.032801108538695764
2585 5.268383445555573e-12
2586 9.723292457674922e-06
2587 2.190795025550747e-06
2588 3.359865474216182e-17
2589 0.0015212443488905583
2590 7.575500430774777e-24
2591 0.00022310278667755264
2592 6.644021765548513e-07
2593 0.6386242968731973
2594 0.0006049551368953929
2595 0.6963076945990886
2596 0.0013954000850439107
2597 1.4396670143879033e-06
2598 8.119261370229999e-05
2599 0.004522315341749179
2600 1.8082662056026209e-09
2601 0.002769095254506768
2602 6.706324017240481e-05
2603 0.0029042601880963238
2604 7.069115631484878e-17
2605 8.434923410186616e-18
2606 6.386622621230958e-07
2607 0.0001439701843658875
2608 4.0912280901983784e-13
2609 0.004334396949717649
2610 1.0611027335749282e-20
2611 0.012279153239003065
2612 1.4449986539958712e-40
2613 1.7263836900012992e-05
2614 1.4441794682864856e-11
2615 9.696203194569168e-13
2616 0.05304768319932391
2617 0.001595586875145679
2618 0.0628327078188606
2619 2.814448285964554e-20
2620 9.439807868912565e-28
2621 3.6444621507821325e-35
2622 0.004879487666691464
2623 3.712605422050942e-18
2624 0.0009012310969288552
2625 2.70743705562388e-10
2626 0.878805711665346
2627 0.0007749938487744812
2628 1.9149054518630232e-18
2629 0.8815580822415271
2630 6.663438743129476e-10
2631 0.005016646422899678
2632 4.450349690161788e-23
2633 0.00690566852999598
2634 0.002405954091426176
2635 2.2570295549586184e-05
2636 2.484304849155429e-21
2637 0.8092236495529835
2638 0.0001294664191100891
2639 2.088514016336228e-23
2640 0.5663707772442027
2641 1.3789978095647684e-06
2642 8.425069240948618e-09
2643 0.00017051422127901104
2644 1.1427819684694017e-21
2645 1.0789244960079697e-07
2646 0.0011328354808426441
2647 0.6798898848180064
2648 5.721278511257727e-35
2649 0.00018840632518754433
2650 8.443985845223884e-31
2651 3.7761591920657454e-05
2652 0.13256504769548272
2653 0.0026230597419698897
2654 7.033545563962846e-06
2655 6.429234331207516e-08
2656 0.030701622509702067
2657 1.7565817270125839e-06
2658 1.6023988373010792e-09
2659 0.00016183048258445142
2660 0.43949900198988046
2661 0.04168007800270847
2662 0.49574961357063735
2663 2.7167260520949048e-06
2664 5.3876658854165926e-20
2665 6.287433834127097e-08
2666 0.6856430205737709
2667 3.621024439612276e-45
2668 0.006093959261434608
2669 0.07491644216559494
2670 1.1488445543349204e-05
2671 0.020130491898624574
2672 5.191190983892195e-06
2673 0.5873602068768812
2674 0.004911347073918026
2675 0.7384517314396194
2676 0.02668984817390256
2677 0.0016426597796141051
2678 0.037109259502628444
2679 0.004028052830104939
2680 0.462826543472267
2681 0.49853303858567427
2682 0.0001212208550420273
2683 0.6336857042613533
2684 4.198180697958228e-39
2685 3.6293126523858894e-05
2686 1.4920257639213498e-12
2687 3.2605633678389435e-12
2688 1.3182627760776297e-14
2689 9.377457535432606e-06
2690 9.801596833201373e-08
2691 0.3173020973273044
2692 0.005507653297256341
2693 0.47519909460557436
2694 2.2571678323378295e-15
2695 0.0031266908103165713
2696 0.5760694497220213
2697 0.37395588422857257
2698 0.02103040493232804
2699 0.00022624873753595678
2700 2.418728654879965e-10
2701 0.0060449761563749855
2702 8.85512065140086e-05
2703 0.013056251589106456
2704 5.489843992057262e-05
2705 6.044582129721887e-10
2706 5.934196093685858e-21
2707 1.2986449045264512e-20
2708 0.007849414632001547
2709 0.8421915612794441
2710 0.006489943340256439
2711 0.00011650721977380281
2712 0.007961147290892956
2713 0.16556974645843744
2714 0.0039812593387855534
2715 2.2473347520608014e-10
2716 1.3027964342269046e-17
2717 2.9869744230817216e-10
2718 0.007008510478199578
2719 1.597970356916852e-15
2720 1.495771493924276e-07
2721 5.17205639237268e-05
2722 5.36725749358333e-10
2723 0.47145043729281355
2724 2.856226012151879e-10
2725 2.0144199318133297e-09
2726 0.0015890547839263098
2727 7.810797785522532e-05
2728 1.1539456227428311e-08
2729 1.6030243476860227e-09
2730 2.3866468096193763e-05
2731 0.6012575947003206
2732 1.3623965070092223e-07
2733 0.04665329271136016
2734 1.1885588983618068e-19
2735 1.7024944842210968e-09
2736 0.016580780132227947
2737 0.0019253417882518714
2738 0.15996478572743747
2739 3.4907393991456166e-13
2740 2.6516125921436204e-12
2741 8.86677693296106e-05
2742 1.6465820094328117e-07
2743 2.4449388010172136e-10
2744 0.00021101296554711303
2745 6.431549681996979e-05
2746 2.250488583817906e-05
2747 2.108607630592574e-06
2748 0.5827538209906276
2749 0.7087800805970534
2750 2.4130361065241326e-21
2751 0.7535132304662747
2752 1.4444409240489697e-14
2753 3.4060357968958194e-07
2754 0.0016847815333127765
2755 0.03099511258233808
2756 0.0037904934914840525
2757 1.3012298958585894e-05
2758 2.5857293180581175e-05
2759 0.14531752829777383
2760 6.345279082978149e-13
2761 0.002310184675254829
2762 0.08478857732789584
2763 3.900943504924211e-12
2764 2.0183718960868e-09
2765 0.3718274591306687
2766 0.6109763183980728
2767 2.1682232483841206e-05
2768 0.021948412617008303
2769 0.0001870134413041522
2770 0.009168369986380194
2771 1.2935730195813165e-14
2772 3.6789756932674605e-06
2773 4.700420720496156e-05
2774 8.743651347054366e-15
2775 9.552698709570513e-06
2776 0.13926094817922494
2777 0.10528602810198578
2778 0.19622919106099088
2779 1.4159832268710032e-05
2780 0.07491316342147981
2781 2.352381615514299e-10
2782 0.2303126320711428
2783 0.1700794313962143
2784 0.0002143757470132255
2785 7.371774968710813e-05
2786 0.18789657846820168
2787 0.7934509130239283
2788 0.04892611027684168
2789 0.2077463154741626
2790 4.874387704630814e-14
2791 0.7989544742505419
2792 0.20588320793109147
2793 2.656455546285375e-05
2794 1.916916504763616e-07
2795 0.030028257141667913
2796 0.01349236170163106
2797 0.001989881699540979
2798 0.013548961785898594
2799 0.055676870242097366
2800 0.004893865360161463
2801 4.359109055704321e-05
2802 2.780993498294492e-08
2803 0.0067884002609270785
2804 7.168908578487088e-06
2805 1.5170894939875156e-06
2806 0.009766283240205592
2807 0.06064148013726785
2808 2.886374985252064e-05
2809 0.6595715024635831
2810 0.09057454835522617
2811 0.15632944362364662
2812 3.943470076556758e-12
2813 7.803942465903528e-06
2814 4.2636579001252426e-08
2815 2.3090489906092226e-10
2816 4.934218536124026e-07
2817 1.4126220746446545e-05
2818 4.321426898162969e-08
2819 6.975893682013903e-09
2820 4.592837721103812e-05
2821 2.300193612466244e-14
2822 1.5671006699198067e-07
2823 0.23037260104689486
2824 0.002429593824753122
2825 3.595181357337826e-08
2826 0.14726206623194385
2827 0.06306746726465187
2828 1.0983398962563658e-13
2829 0.2015837481311771
2830 0.09253924649057241
2831 0.3052383885814004
2832 0.25625013443660755
2833 1.6123458159651111e-06
2834 0.10022997181033151
2835 2.0356385581938118e-13
2836 0.3378849205950645
2837 1.486330449719722e-09
2838 2.9076311523966073e-06
2839 0.3466223573821548
2840 3.618104679016655e-05
2841 0.3296879253857074
2842 0.24523001076970438
2843 0.20933594043208187
2844 0.29177594500800785
2845 7.002760322002445e-10
2846 2.6769957563717038e-17
2847 0.0023891184838210028
2848 1.3616672022225114e-07
2849 5.1288076778343486e-08
2850 0.0008411975786130891
2851 0.00037995827993317615
2852 8.648069497562974e-17
2853 8.434842206958524e-07
2854 5.923313100401591e-07
2855 0.001014562885594628
2856 0.23886395331155721
2857 3.6528231004029024e-22
2858 0.07795987071298684
2859 0.0016601155197130653
2860 0.0049921792665848725
2861 0.00012552675979431136
2862 1.9759187025593756e-10
2863 0.12494673059411752
2864 0.0006797228112716519
2865 8.635426648590257e-14
2866 0.17113678187880865
2867 1.2421486615609657e-11
2868 3.7656346950030474e-06
2869 0.0014085958389381957
2870 7.121846999941346e-10
2871 1.092797171957744e-06
2872 0.08074919635018478
2873 7.130732329106016e-06
2874 1.2414503943269843e-10
2875 2.723355655704005e-05
2876 7.058046379182556e-07
2877 6.232072247042467e-07
2878 1.8252014829609864e-06
2879 8.731635026478519e-18
2880 0.024728994211890502
2881 0.0009911818218035946
2882 2.343157415992145e-05
2883 2.3460630275403126e-07
2884 0.00358141186041351
2885 6.099474688557155e-13
2886 0.0010811154566553642
2887 5.455284883788612e-19
2888 3.903802149842622e-07
2889 4.475000748630539e-11
2890 0.5195571744461319
2891 1.2538571380811202e-07
2892 2.4237532389831312e-05
2893 8.372758513482372e-14
2894 4.899719457265579e-07
2895 2.789800474751069e-07
2896 2.685566782451049e-07
2897 0.23766406765388318
2898 2.5549348985100386e-07
2899 0.20864894553674002
2900 2.3310210593090257e-05
2901 1.5947765984460861e-09
2902 1.932570889429376e-05
2903 0.16079336222213736
2904 7.953833564283446e-15
2905 0.001636582238751369
2906 9.053516543207417e-08
2907 3.136683829260903e-08
2908 0.08412255885697822
2909 0.5439337890503381
2910 0.0034933997709376704
2911 0.43549743496928417
2912 0.0003730911536974235
2913 0.0011738644283476802
2914 0.12748693700877023
2915 3.5855756488993393e-12
2916 5.172899095484688e-07
2917 4.303911203383332e-07
2918 0.44436428378153375
2919 3.594824026003879e-05
2920 7.352105908876076e-05
2921 3.17289333374276e-18
2922 2.4618208756280485e-07
2923 0.17859098323716477
2924 1.4094077762543767e-07
2925 0.003399008703138183
2926 0.0003856077191292734
2927 0.10812765790540747
2928 5.483464372990038e-08
2929 1.1844402089857877e-13
2930 0.1993792248650025
2931 0.1010525630956355
2932 0.05078577963407281
2933 0.32532145854322636
2934 0.1052277573329219
2935 0.14689717454361834
2936 0.1521984550203098
2937 0.09112672870494569
2938 8.771436360176897e-08
2939 0.1263885519346383
2940 4.380505424204972e-06
2941 0.4013202677390067
2942 0.15887019267100294
2943 0.17250020268550015
2944 0.019049385329132515
2945 0.3405840320512159
2946 0.36410588876715294
2947 2.0738156594543536e-05
2948 0.1453157677956445
2949 0.10235343944743296
2950 1.7457976546053763e-14
2951 2.1400335799954175e-29
2952 0.24729514365140748
2953 0.08193829851222853
2954 3.051964740027741e-08
2955 7.463873401279778e-09
2956 5.425083153542726e-14
2957 3.314005591489805e-07
2958 6.752649850936591e-08
2959 1.4236802037890603e-09
2960 0.10039569977944714
2961 0.24361559867533092
2962 0.0023641022733168825
2963 0.17613303437114414
2964 0.059733059049612736
2965 3.381373644353383e-08
2966 0.06289778847718384
2967 0.179977848804475
2968 6.140303182316949e-08
2969 1.2856738741749082e-05
2970 1.5340803493096359e-06
2971 2.1603705198733683e-07
2972 1.3944107376483892e-08
2973 2.0493122233845455e-07
2974 0.07296140295734808
2975 1.3606629505507324e-07
2976 1.4281965899176696e-15
2977 0.21495995546081953
2978 7.349304426500307e-06
2979 0.040335721316666094
2980 3.808907900751146e-11
2981 1.3785660627545882e-08
2982 0.04723082065313141
2983 9.621990660958058e-09
2984 3.026007784884865e-08
2985 1.1620664588449274e-07
2986 0.1554177368791797
2987 4.128518354123645e-05
2988 0.007367981304782158
2989 1.137405817627038e-05
2990 0.00045130026102786053
2991 0.1745810454554777
2992 0.1434492282814126
2993 0.0015612381499901951
2994 6.638443419310844e-10
2995 4.800619091731208e-06
2996 9.921198707796926e-06
2997 1.250236901017489e-14
2998 0.00011967874417053985
2999 0.1375658022930792
3000 3.9384673198127226e-33
3001 5.186991053093768e-06
3002 0.005323226435255425
3003 0.005374028205321278
3004 0.0005563004882624327
3005 0.00224016254316991
3006 2.1996234924907838e-06
3007 0.00019431680337578936
3008 1.6190389724268763e-23
3009 1.271337094413112e-07
3010 2.8517339260107808e-05
3011 5.729938886538112e-10
3012 3.1379604535915745e-05
3013 0.002899171168665501
3014 1.6863058433798572e-05
3015 3.0966976260118373e-06
3016 1.4501200212513574e-05
3017 6.917700596771386e-08
3018 0.5409472850823415
3019 6.14997204991065e-08
3020 6.758635360365379e-09
3021 8.561040025489406e-06
3022 3.5004979871732134e-06
3023 1.5601803471470715e-06
3024 0.07637071607831586
3025 4.079257707295044e-07
3026 0.06393664945135341
3027 0.04664174589277627
3028 0.029756516493280937
3029 0.09592735040709319
3030 3.403009242004197e-34
3031 4.002693508569632e-07
3032 0.028758932605119553
3033 0.04935834034742446
3034 0.0791708725614927
3035 1.1791394478432378e-07
3036 0.04589830283077215
3037 0.0002762454654093671
3038 0.10793533656996075
3039 0.015582178571335955
3040 2.7629570339907576e-09
3041 0.10641845488063048
3042 9.326816086361891e-06
3043 0.021920024624886077
3044 0.39416482482216736
3045 0.0065999074412484305
3046 0.026756342403697606
3047 0.03068378547772566
3048 1.604656054434731e-08
3049 4.359748029878793e-25
3050 3.718554528445295e-12
3051 4.668686056099915e-13
3052 9.756290334893507e-10
3053 2.1951477908357818e-33
3054 0.030804442468302187
3055 1.2703611782225113e-06
3056 0.40711817283506024
3057 3.220130408113562e-23
3058 0.29817608311101573
3059 1.042521233767808e-05
3060 0.5154722655535249
3061 4.748202265081939e-06
3062 0.0005283557105505346
3063 4.933683211087709e-12
3064 3.7957141525785e-06
3065 0.011159711696413114
3066 1.191073555707028e-06
3067 4.4236956946936003e-11
3068 4.83184677600902e-07
3069 1.3159577705086489e-06
3070 3.699916359241385e-07
3071 9.034146902796651e-08
3072 1.2552817115076053e-07
3073 4.8380066217942333e-08
3074 3.8140618923194915e-08
3075 0.010944423408192235
3076 5.562219468410177e-06
3077 0.00022569508451319976
3078 2.597669490460289e-34
3079 3.1185175219186665e-11
3080 5.693678423899711e-32
3081 1.015184581665455e-05
3082 4.421923642861817e-06
3083 1.5235776379239814e-07
3084 3.3144472840109208e-09
3085 2.1674255031782622e-10
3086 1.0376212594099823e-13
3087 1.7375996558554707e-10
3088 7.59361080687899e-13
3089 5.740750720896359e-11
3090 5.302711919324778e-07
3091 2.5301268402195105e-18
3092 0.012326330963302124
3093 1.376423696841267e-12
3094 1.4513324706802638e-12
3095 5.587706162170749e-25
3096 8.93819109650441e-12
3097 0.013262431758688168
3098 5.747566509774222e-11
3099 0.0012710101683563073
3100 0.001979991004133569
3101 1.5879553666102703e-07
3102 3.3782489845760127e-15
3103 4.1196839505484743e-14
3104 3.654444297801382e-09
3105 2.0748042964202248e-38
3106 4.339536044611941e-11
3107 4.790787364692861e-11
3108 4.3319437148537626e-06
3109 5.879697713744998e-06
3110 3.1208163888488995e-26
3111 6.526883832085254e-11
3112 0.03243465942138146
3113 0.054265314511091865
3114 0.05808659169151936
3115 4.5498680699714396e-29
3116 9.15844441391504e-30
3117 0.000458698397729943
3118 2.4178917894385135e-06
3119 0.0010659749175979882
3120 0.010874903184536164
3121 0.0007292382681852869
3122 0.11802564618394934
3123 2.770237516805023e-09
3124 4.5920422317138574e-12
3125 0.01697381233873387
3126 3.9492274183922643e-22
3127 0.14730651967223357
3128 9.938731113236026e-05
3129 0.01735680685741766
3130 3.6024693846209654e-25
3131 3.2811672638220684e-05
3132 6.071573331418985e-05
3133 7.83453162529839e-06
3134 1.4093135087291062e-08
3135 5.002370752024097e-07
3136 2.899548975177401e-10
3137 6.651732233342362e-06
3138 6.523661284667502e-08
3139 2.5184375537592304e-10
3140 3.762562585346552e-24
3141 9.807647464226943e-09
3142 0.001325590176280468
3143 3.0468829028528843e-07
3144 0.006392090110987219
3145 0.00015798634202588658
3146 1.8520833646143445e-16
3147 4.865777170209439e-06
3148 6.030880918124794e-14
3149 1.1568625381451926e-10
3150 1.4321604083549328e-12
3151 2.096185268968344e-12
3152 2.644222807006855e-26
3153 0.005454445468096832
3154 3.791970886461887e-33
3155 5.608554819459983e-57
3156 5.603423120859673e-06
3157 4.1742688755821274e-12
3158 3.120727235210328e-06
3159 1.2628442185341818e-05
3160 1.3669439628922207e-05
3161 2.6199365047419734e-09
3162 5.912217480401743e-09
3163 6.946788540725864e-12
3164 4.6648521042476135e-33
3165 2.93371272877102e-11
3166 1.8230075750512527e-15
3167 2.200502240112886e-07
3168 5.610163633920337e-05
3169 8.698762760866798e-11
3170 1.4047844728102094e-11
3171 0.003032835690997648
3172 7.342665620131612e-27
3173 3.6160795093674793e-12
3174 7.204223212778301e-14
3175 1.3803585218785723e-15
3176 0.00021228465394226856
3177 1.704534252133216e-11
3178 1.3760403637161487e-10
3179 4.365408556826575e-12
3180 0.022185413352377673
3181 5.890932807262552e-05
3182 3.1294662772697485e-05
3183 6.503481363866117e-07
3184 4.758449467282785e-05
3185 6.50558650820281e-15
3186 1.260912640158959e-36
3187 5.559933935742289e-13
3188 5.760765705822936e-11
3189 3.2737906583703283e-11
3190 1.1681547190278343e-27
3191 2.300135032314216e-13
3192 2.8619942099480264e-13
3193 0.000590774426095997
3194 0.00015234836946400007
3195 0.00040686463231440385
3196 2.733480749536248e-12
3197 5.571041833723511e-06
3198 2.2053757002532777e-11
3199 4.8450195525244446e-26
3200 1.6704177260294918e-22
3201 1.0902924442892982e-27
3202 0.007628248995827844
3203 2.2902888418115332e-14
3204 1.279476598592981e-07
3205 4.385645289354371e-07
3206 1.6229402987897544e-07
3207 3.1369495138496447e-07
3208 1.0052979727289762e-26
3209 3.952270042426342e-19
3210 1.4619778842256902e-27
3211 6.177717077300384e-05
3212 3.1474781222357284e-12
3213 0.0008948506153771324
3214 1.2490114640427251e-26
3215 2.7984728437587794e-30
3216 4.192569331673499e-12
3217 0.0023802142505361854
3218 0.0003654162537227219
3219 4.879258981425754e-10
3220 1.3962736076670381e-09
3221 7.962209244885625e-09
3222 5.499834465583503e-25
3223 2.1111957180857162e-07
3224 1.52571607813625e-26
3225 8.901783501346366e-08
3226 2.3218288320065888e-10
3227 2.9678494410159794e-27
3228 2.1874150760170474e-11
3229 4.123661601742246e-12
3230 8.780271697685414e-11
3231 4.2823385967170815e-10
3232 7.267383827891481e-19
3233 1.4828604010623198e-07
3234 9.44403222340723e-10
3235 2.456285296598157e-13
3236 5.189733966766205e-14
3237 1.4155812459863333e-11
3238 3.086391998367294e-11
3239 0.003241193120738844
3240 9.136308275125717e-09
3241 1.1012425783863644e-21
3242 2.7172418445514566e-09
3243 3.4714930279497536e-17
3244 2.1039891961807849e-07
3245 8.593436616515643e-05
3246 1.1842723584481505e-08
3247 3.175347573855578e-08
3248 0.0011318550843538856
3249 7.359091998229119e-08
3250 2.8178242035140065e-05
3251 5.806019827240639e-12
3252 0.00012481908146569492
3253 1.4686448950703326e-05
3254 0.00021128966176811465
3255 1.3484138178046573e-10
3256 1.1683412307751383e-23
3257 7.225398476534767e-12
3258 4.130276004230401e-21
3259 3.4242411975736595e-18
3260 9.207503589463872e-28
3261 2.9337214170080044e-30
3262 8.178217120599333e-12
3263 1.8263168336838986e-15
3264 1.4528253862068738e-07
3265 2.707419253672701e-10
3266 4.392830383008481e-19
3267 9.259901952456394e-06
3268 8.382809799684654e-06
3269 1.9105841268138242e-05
3270 2.3903314507560835e-05
3271 4.659111421514904e-15
3272 1.2729747299132811e-15
3273 6.45703864333827e-05
3274 2.0802907048647193e-11
3275 2.1618268640873675e-18
3276 3.9486298142239775e-17
3277 5.454268709252063e-07
3278 3.701472838949703e-12
3279 2.7581812117011047e-09
3280 0.00010910692400804657
3281 4.676674873468616e-08
3282 8.858744176788027e-12
3283 2.5591640854541578e-11
3284 2.3743132840057634e-06
3285 3.8655730059217795e-06
3286 6.242720792055632e-12
3287 2.2547435428789214e-20
3288 1.273839268901246e-07
3289 9.494920745321984e-07
3290 8.939626651627308e-11
3291 1.3334068452458924e-09
3292 1.199691017416182e-05
3293 2.5749795764707894e-29
3294 2.8439555518399572e-11
3295 9.035237361015977e-12
3296 2.5892285293291233e-30
3297 3.3385329128743804e-12
3298 2.275333052421846e-28
3299 0.0003408919903154827
3300 1.12859554139174e-11
3301 1.454706691104665e-12
3302 2.7059051683496213e-33
3303 2.1964262807365374e-11
3304 9.522344322479003e-34
3305 1.3173484243172498e-15
3306 0.0020295778969308923
3307 7.862070133818134e-07
3308 6.357163085852663e-39
3309 1.468688619399396e-23
3310 1.0188871126551262e-11
3311 3.1031516538636406e-10
3312 1.4216602228260848e-06
3313 1.1523722500316802e-11
3314 1.6624623679778725e-42
3315 3.655688950278477e-11
3316 4.500747593920089e-09
3317 8.971462190463551e-30
3318 4.160497938180326e-09
3319 1.0040703994573858e-39
3320 1.959999119897127e-12
3321 1.12167614131651e-23
3322 1.4440933448125151e-11
3323 4.336674882139139e-09
3324 1.6530930967327475e-25
3325 0.0029063609943313527
3326 1.5205812908912723e-09
3327 1.8455814545118754e-08
3328 2.7611752851745375e-08
3329 7.020731714102034e-11
3330 7.809123328679667e-09
3331 8.157258757957463e-07
3332 5.270135430692068e-05
3333 1.3032719753191097e-06
3334 1.3548317859213803e-18
3335 5.564947473822292e-05
3336 1.7347529463342427e-16
3337 4.52085420518595e-06
3338 8.695656833141877e-36
3339 7.96884210405059e-09
3340 1.65001182057514e-05
3341 8.029037083182927e-05
3342 1.5224580994658915e-14
3343 4.4960827351960345e-26
3344 1.0747742995753066e-10
3345 9.485181660690634e-05
3346 2.219920916138661e-40
3347 4.760089654734355e-11
3348 8.648028969329084e-35
3349 1.0855979096781174e-11
3350 0.016704395481324127
3351 1.2845236148302075e-07
3352 9.39920966627633e-14
3353 1.7971195312721145e-30
3354 0.00177976699950765
3355 6.45617264029784e-12
3356 8.851222754612105e-05
3357 2.3545934042437856e-11
3358 4.932589553025328e-18
3359 3.0927207788541146e-22
3360 3.4892292731631246e-08
3361 6.807900813738402e-13
3362 2.5409510255950455e-17
3363 3.846933745364601e-10
3364 1.2329814235132143e-05
3365 1.4655107120414295e-13
3366 2.976640425096455e-34
3367 0.00034626813876423524
3368 2.677473144333927e-25
3369 2.6523489802449266e-06
3370 9.266929423240982e-12
3371 8.594284790122436e-05
3372 1.532113289602968e-08
3373 3.897636179625223e-09
3374 0.000558766754436957
3375 3.911326759149838e-24
3376 4.4757157482066134e-07
3377 0.004751809749110306
3378 0.00035766932245881737
3379 3.705078145542178e-26
3380 8.089742706132832e-33
3381 1.1607753805670606e-08
3382 5.233773061241369e-05
3383 4.848299853787536e-07
3384 2.383706097189214e-41
3385 1.935480927541089e-05
3386 2.2648844706934074e-10
3387 5.855971425706016e-19
3388 2.6778123823548387e-11
3389 5.773750818629984e-11
3390 0.0020104652127289607
3391 5.430499479247538e-09
3392 6.3187311319033876e-12
3393 5.130801258816582e-08
3394 0.0005504181085959261
3395 1.5860436028567066e-25
3396 6.566275151767311e-06
3397 2.7790410320171505e-12
3398 1.37113102019423e-14
3399 9.321077050712109e-05
3400 5.259109123131508e-10
3401 1.7642352328682712e-07
3402 2.020552504735829e-08
3403 4.947153210124128e-12
3404 4.778889827757482e-09
3405 2.604691808592988e-07
3406 3.448986857588437e-12
3407 7.165808514737588e-11
3408 1.036673165702232e-34
3409 3.062991860015814e-05
3410 5.705809445227361e-06
3411 1.2477721326198694e-10
3412 5.933056446252857e-07
3413 3.541115555610742e-05
3414 2.3006995898649894e-16
3415 3.892561382428638e-05
3416 2.3259789597660204e-10
3417 1.1636190634733506e-12
3418 1.3752899048882269e-05
3419 2.288865693423331e-09
3420 1.9514940195224555e-07
3421 2.903221069507492e-13
3422 4.267197189749468e-19
3423 0.000649165786718704
3424 1.7884256496952045e-11
3425 6.545095610279224e-11
3426 6.417995605641209e-29
3427 1.080322828355568e-18
3428 2.7281156645922325e-11
3429 5.887149111063743e-25
3430 1.589614006035008e-16
3431 4.4741966545551115e-10
3432 0.0022125610109747372
3433 0.00016804472041367707
3434 0.0004899838542808097
3435 6.9527599930617265e-12
3436 9.906293036783048e-19
3437 4.870055462105567e-12
3438 3.55462293182016e-19
3439 3.0414106496313725e-10
3440 0.0001335221586148362
3441 0.0009861684321432126
3442 0.0010851352838495874
3443 3.520507575412045e-08
3444 1.6187346871960457e-19
3445 5.525938117671556e-10
3446 1.5808019488734076e-14
3447 1.646354758768338e-32
3448 2.1873334504136346e-18
3449 1.5184473439212443e-20
3450 2.5168726534138048e-15
3451 0.012108268932677618
3452 2.0659730843659448e-11
3453 9.970252521579566e-20
3454 5.38828388135878e-19
3455 4.892811651498166e-35
3456 3.0478263719485715e-20
3457 0.0004598867895721198
3458 5.891217876577676e-11
3459 1.973818653923624e-19
3460 8.413368963577433e-12
3461 2.100621021742996e-10
3462 1.6453287871448818e-39
3463 0.0007283216338603501
3464 2.0961640763712578e-15
3465 1.2764079562586405e-35
3466 9.593300512505587e-15
3467 8.103524101575126e-05
3468 6.474835806937413e-05
3469 7.596449006379936e-14
3470 1.4295198111753652e-05
3471 1.5400388344546923e-12
3472 1.6752250689506303e-31
3473 1.471640507904677e-12
3474 1.7851517205146557e-10
3475 0.005533394600500335
3476 3.990625497447549e-10
3477 8.993565487831328e-40
3478 8.655292027078822e-05
3479 1.352617054696708e-11
3480 2.2735994462741893e-05
3481 1.1406540955530118e-25
3482 9.027021146322566e-12
3483 4.3684682169131144e-18
3484 1.4705755003335117e-11
3485 4.428384712461975e-11
3486 0.001580539844725515
3487 7.180142230504874e-06
3488 7.371925798920438e-13
3489 2.679130795071949e-14
3490 0.0002971430494464358
3491 6.111532912234419e-10
3492 1.023352886635544e-05
3493 1.107553141831019e-10
3494 1.0154218752730505e-11
3495 2.102537685071705e-06
3496 7.042690735994397e-08
3497 3.169064817564868e-19
3498 5.464516057880499e-30
3499 4.0530281041748995e-09
3500 0.00021288636071103775
3501 2.786386025419177e-17
3502 6.074331690512667e-11
3503 1.76088195028021e-24
3504 7.969687290302752e-18
3505 0.00069294695697103
3506 0.00026231999384236594
3507 1.1546776707781001e-10
3508 1.4265269198591096e-14
3509 7.855161504210674e-11
3510 6.744234893972329e-17
3511 4.921641958358815e-12
3512 8.644183413640657e-06
3513 0.00015114464519039064
3514 3.722754268852296e-17
3515 1.729482095259277e-10
3516 6.654991846153855e-26
3517 2.6939160090292914e-05
3518 6.188829669342056e-23
3519 3.676315609785558e-12
3520 6.998146236992712e-26
3521 0.0002566335963745183
3522 4.823778626810925e-26
3523 5.133756760100259e-24
3524 2.1909682816831877e-36
3525 0.00800126216122434
3526 9.904532470731377e-06
3527 1.1232732635468816e-38
3528 2.6692139605375764e-38
3529 3.652932851984451e-12
3530 1.159775792446767e-31
3531 7.773937050326313e-11
3532 2.5100894373444577e-11
3533 0.0006716770971413875
