0 2.392051613212145e-07
1 0.00015905761440673344
2 6.091849472493741e-20
3 0.001068626652444222
4 3.802383878811387e-07
5 2.2890594617603855e-08
6 1.8003357979624754e-16
7 1.1000069125459033e-21
8 9.110827225758555e-26
9 6.027869117922253e-39
10 7.542592453117131e-14
11 1.3462443286835564e-17
12 3.367616781978691e-08
13 2.537223236713041e-37
14 4.91978245358884e-09
15 5.232348147364471e-16
16 2.7707438392765084e-18
17 4.793176713163182e-13
18 3.9420153135057396e-21
19 1.4824183829547565e-22
20 5.34126379532381e-16
21 1.8285546270171236e-17
22 0.00012736090991398468
23 3.606279581563131e-16
24 0.012102445603694388
25 0.01736566783583383
26 2.0025379468003205e-33
27 1.3305520220344014e-36
28 1.323993714526574e-11
29 1.2668099270402295e-09
30 2.8445332275517605e-37
31 0.039125457657136986
32 5.9952758150784664e-55
33 2.6887336661542036e-15
34 1.5912975048675994e-09
35 3.9878805331853226e-21
36 3.4840247395204364e-07
37 2.142117250583304e-10
38 6.373146113380569e-05
39 4.601418800300925e-09
40 7.629290177397559e-27
41 8.871107417426739e-36
42 7.098677730555132e-18
43 1.3287431282043982e-10
44 1.7873184400320217e-15
45 2.875722925456448e-07
46 1.8618118975269625e-06
47 7.551080087904706e-07
48 0.027372818721092068
49 1.6471176081825477e-10
50 4.926710798376752e-05
51 1.5023912166598022e-19
52 1.7830304237643249e-13
53 2.1302234792701907e-14
54 2.1656846588614806e-09
55 0.0008158367915027006
56 1.0013087344974584e-11
57 5.694832945099461e-36
58 8.050188454289035e-09
59 9.30074418301485e-05
60 0.0006621975999091132
61 1.9097695048277527e-09
62 5.323611234123117e-07
63 0.00013287691004953227
64 2.505414436985437e-13
65 9.379054348779478e-06
66 1.3787058801707593e-05
67 2.839666266334346e-30
68 3.855732054703756e-15
69 0.0006077915736430549
70 3.365369646494229e-08
71 0.04017244046752288
72 5.6990727940102015e-46
73 9.382124287245362e-54
74 4.0146505315648665e-14
75 8.596565589177225e-10
76 0.03196737821703408
77 1.7114644802133017e-07
78 0.029926592496682246
79 0.00020095013518969622
80 1.91576490528649e-11
81 4.789855907993528e-10
82 2.396796023045334e-11
83 1.0072482327807087e-44
84 9.346766611119036e-10
85 2.6070683735235265e-07
86 1.5770128986103843e-07
87 3.4347817862462675e-09
88 0.02015417214615478
89 6.425585144332567e-08
90 1.168396261843026e-09
91 1.1653527368316347e-09
92 5.66009809520222e-20
93 2.3866867107297327e-07
94 7.040258174925161e-40
95 6.719307562416281e-36
96 3.291360978327038e-22
97 0.015605923545499773
98 4.924505486643981e-05
99 1.9289549180856112e-07
100 1.0871912140215436e-12
101 2.897939726601718e-07
102 0.030506033401747342
103 1.770236458895362e-05
104 2.708690287248877e-08
105 7.89626437869662e-37
106 4.817982286845004e-24
107 2.4140292462147627e-09
108 1.7798586780730242e-10
109 4.353650235089488e-06
110 2.818286696494684e-09
111 1.991205557852998e-45
112 4.593009169350264e-07
113 1.390399453440882e-28
114 2.530444039889391e-05
115 5.779756154689464e-16
116 4.480641828839792e-11
117 2.364596268009068e-17
118 1.028192761516587e-09
119 0.0028523033269084626
120 6.19140092837453e-12
121 1.7005414423340297e-09
122 1.5825098512884033e-12
123 1.1885057318284702e-20
124 1.3726647665663137e-10
125 0.0005098636276013291
126 1.5936263045697987e-10
127 1.1587603902832912e-05
128 5.3456326437753917e-08
129 3.487732953878728e-10
130 0.013835795782372649
131 1.373676733311105e-54
132 5.614747823815741e-11
133 1.7030280114009656e-14
134 1.0649998665063845e-09
135 1.8170188160703352e-47
136 1.0901066164470818e-10
137 5.32961655541321e-26
138 1.6692482458616874e-35
139 9.182718170000662e-10
140 1.0219413695936335e-10
141 1.4474979147201608e-05
142 3.3901150919493653e-06
143 3.435004302250076e-13
144 0.030816326224188083
145 3.1525386820242945e-05
146 5.576245819315604e-09
147 0.013829985953714933
148 1.661859228285166e-27
149 1.7478214712189537e-10
150 0.011677410351203992
151 0.014331034895418353
152 2.994428618705795e-08
153 9.348225170161915e-28
154 1.8417730823647337e-14
155 4.021757172327723e-11
156 0.02203680823475744
157 3.6010075817934617e-06
158 8.086682209752809e-11
159 4.708633842521304e-08
160 3.721271193531641e-09
161 2.754320025793443e-13
162 1.2541159503198424e-45
163 1.4023504675474295e-08
164 4.821185292791241e-14
165 1.7805802018624222e-05
166 6.311673046574273e-10
167 0.0001379970236447161
168 3.96257219523806e-34
169 3.2678202655446987e-10
170 6.333154016731247e-13
171 3.110392989134838e-38
172 1.0764154386329359e-15
173 2.4865081062051627e-13
174 2.5325936299755263e-09
175 2.7383496575755843e-12
176 6.733230848703537e-23
177 0.00015884314614032584
178 1.0330819016858997e-09
179 1.2225188227536032e-23
180 0.0003885274609252402
181 2.2497401881123715e-41
182 1.8934282948457506e-06
183 2.8936778719829436e-14
184 5.470659416339519e-05
185 1.6266945986020954e-08
186 7.317621086711112e-07
187 2.947103670827049e-06
188 1.2718220998834698e-11
189 2.789746916028089e-10
190 4.741521796471115e-07
191 2.072611996685423e-06
192 2.3864931861559258e-05
193 8.142432908443498e-44
194 5.831168042679236e-10
195 1.2174804565370874e-12
196 8.766089441217909e-13
197 2.552010506230723e-19
198 7.886552338697696e-05
199 5.011984823606329e-19
200 0.00010335715598836043
201 3.4321947091370753e-09
202 1.1096782587773229e-07
203 9.187645566059466e-28
204 5.877025398529013e-11
205 3.672332274781061e-15
206 4.667816451939519e-14
207 2.372987913732706e-17
208 7.0102462290265e-05
209 1.1807255686941518e-10
210 1.549074371970298e-29
211 0.0003986379477648079
212 2.3360965623512624e-06
213 7.506155804806035e-27
214 2.0431457933793268e-08
215 3.360072990371614e-15
216 1.8180736153615345e-34
217 4.1370552904287446e-15
218 0.0050331386170998265
219 1.7741350736297814e-09
220 1.4728288503737884e-22
221 2.498271106126438e-15
222 1.5258283289525672e-11
223 8.545105662646312e-10
224 1.0527830232328107e-26
225 1.0892826356016382e-07
226 1.0378443773861074e-08
227 1.4570469896022465e-36
228 3.7611889337141185e-05
229 4.3132824198837205e-16
230 2.9198084941149197e-09
231 2.275982697605792e-09
232 4.8829027695679196e-08
233 7.442766131853679e-06
234 4.0570000406093376e-11
235 9.861366488915971e-43
236 1.4001903446057432e-07
237 7.967375380208201e-37
238 2.5282341996725913e-09
239 1.775804730261064e-27
240 1.141739273059588e-09
241 8.400062971083869e-06
242 3.04013552487952e-28
243 0.0003670527225697052
244 0.010733117017849179
245 3.7577669760533234e-33
246 8.19688459719783e-34
247 2.4307415620133458e-09
248 4.786024241503713e-56
249 0.0014110818104786174
250 1.4562862821571715e-05
251 7.715620324688564e-55
252 1.1809773952623285e-06
253 7.125398356341772e-12
254 1.388519448986722e-31
255 5.374044577442822e-10
256 4.679478816654749e-13
257 6.59628481126049e-49
258 4.792258053529295e-11
259 1.6863278990766804e-33
260 7.821084734374045e-17
261 2.5116323887206227e-11
262 9.3549496430279e-07
263 0.015111409182032283
264 2.708766735649879e-09
265 0.019803464631484052
266 8.642796491470224e-24
267 6.572796360433741e-06
268 6.850200253309049e-07
269 0.0007926146915878963
270 6.371407333657111e-10
271 7.771238331064903e-05
272 4.4995115649447435e-05
273 7.341457264895938e-26
274 0.002262718919340414
275 3.235396879166286e-12
276 0.14562988408169725
277 0.16128447630977144
278 1.0222550100933013e-09
279 1.916657837831114e-37
280 1.132840682282358e-09
281 2.0104136260008948e-05
282 0.06953571324905122
283 4.3063272999265346e-47
284 2.3318971569711222e-09
285 8.858090928073932e-05
286 0.00023966476102998992
287 8.146281798268959e-22
288 9.52440411617874e-43
289 0.0033140863143084195
290 0.0034980220978373484
291 0.0018387940237942217
292 0.3297176453149246
293 1.0376532892430261e-06
294 1.0549129650997933e-40
295 0.007240471137633272
296 0.007731126211877911
297 0.008869223943894236
298 1.3872959377596907e-06
299 0.00038104669515313705
300 1.1083537311596403e-10
301 0.048030226494470175
302 0.0002356948343156462
303 7.006907590143123e-34
304 1.1203349176372186e-05
305 5.177490837967189e-10
306 4.2606780905470745e-05
307 0.018949292605340274
308 4.6471502969515516e-10
309 0.0011714972542924338
310 0.00019470574920519697
311 0.10474349656112558
312 0.0004626213699658168
313 0.00026350691104032336
314 1.6947819755292834e-10
315 1.6329711471330596e-05
316 0.0005216675171872183
317 0.03308307800155737
318 0.21073618163120403
319 1.7193786790128098e-09
320 1.8836278199551578e-10
321 0.0005636788342772011
322 2.5574851766115992e-11
323 0.0008631147291823526
324 0.0009855259336949529
325 0.00026738078642005424
326 0.03381348974118863
327 0.0007922014664364606
328 7.933680081812912e-19
329 0.0004004626384861421
330 0.00045366587524021403
331 0.00044332588663545516
332 0.4613755539659188
333 0.00033080675847864676
334 0.5081933806433931
335 0.07672203738231834
336 0.0005859409935425552
337 0.42536124295130323
338 0.6148429487084377
339 0.0003250728144776249
340 0.5344053107900992
341 2.7013324427445344e-05
342 5.15698985597795e-08
343 0.000608654431255811
344 4.282936409429249e-09
345 0.000425217024727376
346 0.0007716156694498488
347 0.001728202769354989
348 0.6160483995982285
349 0.680204409553697
350 0.25984827030795915
351 4.682809403428925e-09
352 9.890372508348808e-07
353 2.992769903834263e-12
354 0.6556605095656656
355 0.6953893386732826
356 0.00011681114060208753
357 0.647786729850044
358 0.21857229598002875
359 2.1883081978988404e-44
360 5.007117918231334e-27
361 0.2648075302626615
362 0.03981559523048876
363 0.22013503072689342
364 6.451500669934951e-19
365 5.167241354121698e-16
366 7.923202388292498e-28
367 3.118388733990617e-06
368 0.06690039212729507
369 0.6323425450476421
370 1.6538929634935654e-05
371 2.3284284919407353e-06
372 2.5788110641850063e-05
373 0.00010434375872183735
374 2.3102931815685903e-11
375 0.5703548862621055
376 0.05526243553641106
377 4.74870316082872e-13
378 6.835316033139358e-07
379 0.5667151496491466
380 0.4743688740076687
381 3.4199487240798697e-07
382 1.2864472325095533e-17
383 0.09345591116727715
384 0.6279287725615416
385 4.866977657295516e-28
386 0.4840564313943823
387 4.6480588662957907e-11
388 0.0342279198678215
389 9.369672795540277e-17
390 0.5984000482847823
391 0.0013628320349106848
392 0.07072391392895042
393 0.0008608839292425604
394 0.3267781299075006
395 0.0508853631612337
396 0.36146077301987584
397 1.2615925170534328e-20
398 0.00044260245842241673
399 0.057402276041649006
400 0.04114557162058098
401 0.00031704567812507065
402 5.018620054352936e-27
403 0.08433182375955839
404 0.7559659141734265
405 0.054258276978757264
406 0.7786019668223
407 0.0010743677269894102
408 1.0228795326212865e-08
409 4.96435144498815e-06
410 0.036951053290157146
411 9.385200257547686e-10
412 3.7368849901352e-42
413 0.3780532320781893
414 1.4413650221357926e-29
415 2.4755282800189616e-34
416 0.33260414295265645
417 0.672033205582837
418 1.1063556419136046e-10
419 0.7452618694011929
420 0.16314818682585297
421 0.06134507352020731
422 0.00022248076300886572
423 1.9939623093740066e-26
424 0.447321743475781
425 5.224455078498832e-44
426 0.13202735583175335
427 0.5311042589304729
428 0.5071030256479078
429 1.0656248768083642e-28
430 0.25065947441746617
431 1.4384397088346532e-28
432 4.282049609618153e-06
433 0.021655558463536735
434 5.5379546825899976e-05
435 0.0009473448869631387
436 0.4502286521104325
437 0.22404028691961428
438 0.2839783722447957
439 0.0001930607066081545
440 0.465911571279502
441 0.037736226180808734
442 0.00023495268699840833
443 2.461662640395867e-11
444 7.457647685093456e-29
445 0.0003371068925964957
446 6.541594882801862e-05
447 0.7160610302888977
448 1.595865757210984e-24
449 0.00038710221609736283
450 0.02996002352094899
451 2.947595898053108e-27
452 3.5941774448812227e-12
453 1.9945891959903066e-11
454 1.2002546041272844e-48
455 8.701677316454406e-06
456 1.4064043525424279e-09
457 2.674317900666318e-11
458 0.7099788217046579
459 0.0026822292389056036
460 4.918220753905382e-09
461 0.03786348580527761
462 1.5144636768861278e-27
463 0.00010878246759563271
464 0.7406475199192201
465 4.11859817094315e-07
466 7.75086399736722e-05
467 0.0003863319842868323
468 0.00242390670502798
469 1.0333904284415962e-36
470 0.0001253766163040458
471 0.04206870357205361
472 0.7911334708760006
473 0.012378719959724144
474 1.3655998855912868e-47
475 9.100415818361881e-10
476 0.046705474168241765
477 0.044840764336291465
478 2.103003372404171e-10
479 0.04003800637867869
480 0.4230380003121685
481 0.367150307997713
482 0.1140378450423389
483 8.107863782640817e-10
484 0.5689828562894328
485 0.2977929644109145
486 0.08735005579030172
487 0.3736902811023464
488 1.7310755013226165e-21
489 5.826319973756368e-09
490 1.6082996929267896e-09
491 2.4577255941619596e-09
492 2.989962016658216e-05
493 0.02415974671383207
494 0.0979981491042476
495 8.612356390363503e-07
496 0.08090145976073622
497 2.760756136020966e-09
498 2.1772719153347188e-05
499 0.6520940896490142
500 0.024255013065281245
501 0.000873404639457153
502 4.5443923856994334e-10
503 0.39367033472864926
504 0.36626622552804944
505 0.3444250542414535
506 0.09337201337905233
507 2.5163197782244764e-05
508 6.310994509744078e-11
509 3.8695942015873825e-12
510 7.648350138008366e-44
511 0.3284811785292795
512 0.1599853563819582
513 0.0005323325784382694
514 6.085008109251054e-07
515 0.002431494926433801
516 0.11009938062280637
517 2.795990134869022e-14
518 0.0055650653404670245
519 3.3476444856865054e-11
520 1.7325985719364666e-11
521 1.2455709090497544e-15
522 3.387488587608177e-22
523 0.40244664398989877
524 0.001453013316525626
525 7.100672274182006e-10
526 4.497670143696445e-09
527 0.10467334580259313
528 3.5471788769975346e-25
529 0.2754320265086868
530 8.91086588446854e-12
531 5.813354683434983e-08
532 2.99679596266889e-17
533 0.10824767779498425
534 9.288549439943432e-10
535 0.16217092322726065
536 0.00186892059104315
537 4.485077525285236e-12
538 8.25672116474221e-12
539 2.166512715743042e-12
540 3.3165116028967867e-33
541 4.317576218907943e-50
542 0.21962455923776103
543 0.14266177837028732
544 0.2232880502374828
545 0.36059288704453746
546 0.07961592962301942
547 3.797119445710037e-05
548 0.002996449566757656
549 0.0028739790047588704
550 0.006114267750684901
551 1.5674131517262835e-19
552 6.210499799243917e-36
553 0.08839638643434697
554 0.00025595855588160835
555 2.723793973868237e-07
556 0.002980873079670361
557 0.0008129999844098329
558 0.0015421515577171798
559 0.15668397822456007
560 0.18642029684016098
561 0.00343561378775777
562 0.0002563851920546696
563 3.618313384310986e-20
564 1.792249880577771e-17
565 1.2312995194743776e-09
566 4.049790266495981e-17
567 4.622731851932815e-09
568 1.1052580641784217e-33
569 0.0008690217366980135
570 0.00258283007893207
571 3.163567357452005e-26
572 0.21830753079793286
573 0.038598188339054706
574 6.122150874595076e-35
575 0.050338386490777695
576 6.444782560828971e-12
577 4.5187204931514e-09
578 4.31350734558585e-05
579 0.08936225751137902
580 2.2114930477114417e-12
581 7.058027331184064e-10
582 1.2680422133955055e-11
583 0.3504927297994847
584 0.07750802409560381
585 8.510340356324619e-13
586 0.0041971872209402945
587 9.949703398933843e-37
588 7.183631314508265e-08
589 5.8417403305937664e-21
590 0.010534781218318336
591 4.656213105926451e-05
592 0.11516434255875593
593 0.002868430273933816
594 0.0002790955521971587
595 0.000870074971820084
596 1.2104987500415533e-52
597 9.58159514468963e-26
598 7.526110937877256e-12
599 1.257526847605356e-47
600 0.013674678037606833
601 1.2360577668818462e-06
602 8.715172380826154e-12
603 1.1439480545312761e-16
604 0.06464729470655027
605 0.00024360064539413672
606 0.0031476601128147606
607 9.5928054392275e-17
608 0.0003342512099865231
609 6.169213251696073e-13
610 1.3029815371621802e-12
611 9.632937416901804e-09
612 0.2869947869410984
613 1.2206575167681085e-07
614 2.3694722149784904e-13
615 0.0040015431546413065
616 0.06538849718677328
617 0.0007780634265738718
618 0.14311323954861463
619 2.1610539609874255e-05
620 0.03226289338956694
621 2.0988647222476308e-32
622 0.11585594630924419
623 0.002585083952777594
624 1.253693968003051e-13
625 0.006398179084715316
626 0.009597780524139206
627 0.026165620489921892
628 0.32780084559676587
629 8.726844754600073e-13
630 9.416250420596926e-05
631 1.42833164894671e-12
632 1.517001124845298e-08
633 0.0011817653917819931
634 2.8349038052331638e-33
635 6.1460323471808153e-33
636 0.24475473811695553
637 5.37306686207529e-41
638 3.285503986167224e-08
639 1.9693548048403345e-21
640 0.0036572551884916744
641 0.0022371193845358663
642 0.31646078430497276
643 0.09376966495600399
644 0.05257087045552276
645 4.554031860532251e-22
646 0.012200611833374883
647 0.010632907119717582
648 0.2686165111019259
649 1.3985148496123541e-21
650 1.1516130926373038e-05
651 0.31225404614738117
652 0.01933659384323398
653 1.4019358650042833e-25
654 9.468643933365924e-35
655 9.182724877522561e-36
656 0.3181174427730115
657 5.990796703439611e-10
658 1.288986247008758e-26
659 5.451925242918932e-18
660 1.0967071444056422e-05
661 1.6599232015235388e-35
662 2.1036700945229282e-05
663 0.17833624898558142
664 8.07272226447376e-12
665 7.488045596780406e-13
666 4.560037105350641e-08
667 2.7459675126151994e-07
668 3.034528256857839e-06
669 4.224724736185666e-05
670 0.0007184435625975057
671 1.090396886188296e-07
672 7.505797584771449e-10
673 2.1315907611603514e-38
674 0.041495731889620614
675 0.4237888971732854
676 0.0004912033047660678
677 0.35662902991753925
678 0.3987260505624056
679 0.0001351849158662609
680 0.0003244325834977358
681 9.741190718783198e-05
682 8.071806776245879e-40
683 3.2805428143412954e-08
684 1.3300312511557053e-09
685 9.481807259886384e-22
686 1.1360423935878454e-08
687 0.0074038999574232685
688 4.993317097973645e-13
689 1.5984605533331456e-07
690 0.00013712866881127048
691 0.27571366432331024
692 4.745380448882109e-14
693 3.3485504150036945e-16
694 7.485332093386956e-33
695 0.017109239831283006
696 0.0014815563292937324
697 2.060911311270595e-32
698 0.004009522563642712
699 1.7800968136257849e-06
700 0.07717709476396738
701 4.2919488047230416e-07
702 2.59232814397996e-05
703 0.010724163739959998
704 2.4678200588548828e-08
705 0.01832092245031816
706 1.5816702399592454e-09
707 5.182890946380085e-10
708 6.697332015729276e-25
709 1.4466682173507357e-33
710 2.243490352143387e-16
711 6.351737360722913e-10
712 0.6934740779392732
713 0.07098030960322223
714 1.2150595643586997e-23
715 2.223327058166354e-31
716 8.587082192139305e-05
717 2.7813581607550406e-12
718 4.33333922619977e-09
719 0.0031999033915062446
720 0.008019581240660255
721 0.0001857151945266101
722 0.0054392021415403625
723 0.013491233530788698
724 4.949267857191208e-06
725 8.071398117278069e-32
726 0.0144434134479169
727 3.320773120353385e-08
728 1.1946187042120607e-29
729 0.7111699330250075
730 2.958728584708934e-07
731 1.9855844987285388e-22
732 0.37417020750364155
733 1.8458177024164538e-34
734 5.968167818281594e-34
735 1.9523810562037093e-23
736 0.5037810315808605
737 0.13773724477337312
738 1.7646923296192694e-30
739 2.623269729628626e-32
740 9.856378986671237e-08
741 4.425896954054837e-31
742 3.52638380767628e-18
743 0.010206849251422864
744 9.023104695490989e-08
745 3.604197350101091e-24
746 0.00016615346281085495
747 5.7764502447118025e-06
748 4.880756226072092e-21
749 0.2204110394705011
750 0.02748267504582931
751 2.4509131348891187e-08
752 0.1415207380735535
753 0.06490009251775351
754 3.107876945554907e-20
755 9.828466919858096e-05
756 0.005153530684530078
757 1.2949816626148162e-10
758 3.416492189434752e-33
759 0.0947917048603577
760 0.2567095380396157
761 0.7740041706259827
762 4.6573850349302067e-23
763 0.0005623508929826425
764 4.838687523748249e-08
765 0.0007590523608878604
766 0.04401024476635425
767 9.14568408275993e-34
768 4.969459409579114e-32
769 0.02029467704729969
770 5.138164952022516e-18
771 0.07128539738096547
772 0.0050237010908951996
773 0.0309784846219236
774 2.123442016798719e-19
775 1.3150313921332109e-09
776 0.09243833107964199
777 0.010289579075492638
778 0.0795695095368147
779 0.00023303193587201722
780 0.06787849641907001
781 0.000652971625291646
782 2.5935515268639095e-26
783 9.027280800572144e-07
784 7.5427615605577145e-25
785 0.00704319157163622
786 2.2396178409310083e-41
787 9.299183751714844e-28
788 0.00450223326137072
789 0.0019177498162554416
790 0.4003139566720598
791 0.0029234451159850855
792 1.4472813325297048e-22
793 0.007041663662424109
794 5.108796834210762e-20
795 0.004418704267371557
796 0.3729260505057824
797 9.159996714438656e-15
798 3.150133722250731e-10
799 0.534588822605494
800 0.015489089425588722
801 0.015445124380744057
802 3.2220342538689602e-31
803 2.932443296592413e-07
804 4.061036077206916e-28
805 2.21574756832641e-25
806 6.410546467793824e-16
807 2.2734603505297544e-14
808 0.6863534502938123
809 0.0001241409445177243
810 0.10788529171017609
811 7.256808223692666e-11
812 2.5666202268886783e-12
813 1.8340300367621148e-10
814 1.6836749580238242e-06
815 2.604984136063493e-29
816 0.005196708724515229
817 1.3574458583047692e-37
818 2.1093039355205724e-07
819 9.024914690878527e-08
820 0.0001836215127555231
821 1.4446248878576e-08
822 7.284411548587238e-07
823 7.389197664669816e-32
824 0.002606284284864292
825 0.009889330884151127
826 2.34111261098443e-19
827 2.6548180332919305e-25
828 1.7269078491911643e-09
829 5.781228068995497e-09
830 0.03634603122361119
831 4.537841724232656e-08
832 0.14072503296874694
833 0.002575954134734438
834 1.0076277646796876e-06
835 0.00193944149955752
836 6.633964293794916e-20
837 0.29973538781724174
838 3.9607583998908157e-07
839 2.1058588880658654e-07
840 0.010494518956105783
841 0.00305724062535796
842 0.3121589095497059
843 1.995766531551874e-06
844 0.003620669904630719
845 9.702603915622836e-07
846 0.030822941018337758
847 0.2656155552955736
848 3.667815888009383e-34
849 8.827639656805314e-27
850 0.09017916889049521
851 6.348620819471744e-06
852 0.004868027127710522
853 3.129334382336439e-06
854 8.585541185519072e-31
855 4.733053578365537e-16
856 0.045772525105357204
857 4.063509841943663e-40
858 1.0036487265499938e-34
859 5.424379493026658e-07
860 1.7534922585893215e-20
861 1.3250780416602136e-09
862 5.0383625747669855e-05
863 0.014946052096000155
864 0.0025103676361797446
865 0.00952234343919017
866 4.559630328433088e-22
867 0.0019989210064261594
868 0.11644838071726978
869 6.874249773765493e-16
870 7.282446584726376e-17
871 5.83905406608746e-05
872 4.8182735777471744e-15
873 0.0005878252389575256
874 1.35001375497073e-07
875 1.8097608208910898e-25
876 6.532945696726002e-08
877 0.0030853717136727805
878 0.022829465164633682
879 0.003505470481687808
880 0.028666481250724667
881 2.4400160601917494e-06
882 9.460371938051929e-06
883 2.0521790016764699e-13
884 0.001395436175379247
885 5.75008410212008e-06
886 0.009678617073484174
887 1.405789050162597e-10
888 1.468516656797281e-28
889 2.5989698059642576e-14
890 0.005271464713864864
891 1.598505351427237e-18
892 0.28843463920079626
893 0.011317744608758831
894 1.2905980817863742e-14
895 1.5093622806001412e-18
896 6.253362981860632e-14
897 0.016569978605163797
898 1.1837104116857771e-17
899 0.11446306565901858
900 9.453937536054732e-20
901 2.2356379817595312e-20
902 0.0057049292946583065
903 0.20076720023263478
904 3.229249816630313e-21
905 0.05594246682653774
906 0.09878405337602719
907 2.483808459295771e-51
908 1.077432338392685e-05
909 0.028680689794686496
910 0.0005761482495431884
911 0.016210271402969087
912 4.552600912066648e-24
913 2.8389523486645568e-28
914 1.7719526770031253e-07
915 0.2995989220331018
916 2.1860026635685953e-10
917 2.079590242813834e-15
918 5.56591551004511e-18
919 2.898086278662049e-30
920 0.027234711662332618
921 0.0001084495681645878
922 0.013555154302956049
923 3.4957371221948473e-06
924 0.0031459824453229407
925 2.8529598383411295e-32
926 2.2499450710447394e-25
927 2.5389464303464064e-16
928 0.0001283655068976271
929 2.6254083261925884e-05
930 0.2684851592294813
931 0.0002241624773470647
932 3.540855785246523e-14
933 0.0007895747683476925
934 0.7294998264090619
935 0.0060724897177344955
936 3.2686072767453866e-09
937 0.042096404828925474
938 6.093429613096559e-29
939 3.7475893581158773e-22
940 0.0007548853521366072
941 0.00038200894750941065
942 0.6111258009541566
943 1.3286408984058225e-09
944 0.17796252362032694
945 2.2737684016115966e-10
946 0.007617533862812661
947 2.0588299608644372e-05
948 1.827811756737387e-09
949 6.961982903177382e-10
950 4.4257473991695854e-10
951 0.007650748556758723
952 1.7300044763170392e-06
953 0.7632631598648814
954 1.3189534737817187e-10
955 3.2459859065307845e-07
956 3.2705304084877678e-06
957 0.17330836194063545
958 0.290426730455434
959 8.61702633219901e-09
960 0.02350660018220649
961 3.9022000702044185e-07
962 0.33201608474258526
963 0.27198117281772805
964 7.79634901472208e-33
965 2.2737462711483093e-06
966 0.00510952624385875
967 5.363797417622203e-19
968 5.120547890492839e-22
969 0.41954416568111885
970 0.2593774069489763
971 3.653263180869526e-19
972 0.0019243690370083267
973 3.220847900142194e-08
974 0.00808602923138501
975 7.729144003721031e-07
976 0.005206015333515732
977 6.04794658991531e-07
978 0.011237310701437214
979 0.032748263582806254
980 4.638913441935014e-19
981 2.0213552357241397e-08
982 2.700850379149343e-05
983 1.8386875964186536e-25
984 0.01586073869606277
985 0.0027167031537025936
986 0.0013555394131588565
987 6.587491236419585e-06
988 4.98321279316044e-21
989 0.6052081649708946
990 1.2515384449491969e-20
991 7.870020795630792e-06
992 0.2792452212349911
993 0.058843054200909975
994 6.097747400769129e-23
995 0.00964958550229596
996 5.92780022300505e-08
997 9.847320731986915e-16
998 0.011700024982608737
999 0.028246567141303365
1000 0.7392321826960107
1001 1.1721075043431118e-05
1002 2.3481143312881954e-06
1003 0.26095352802602506
1004 0.47789940249882235
1005 1.607672293184057e-13
1006 0.0035355497628793355
1007 1.1313237293613343e-21
1008 1.0186664521462757e-12
1009 0.00788448752114064
1010 0.00046177549074222625
1011 9.511011950365815e-15
1012 8.109295846299554e-24
1013 0.0005052259383672981
1014 3.3680805712107524e-15
1015 0.001652402982873906
1016 3.963995091674403e-23
1017 0.0003127828937184148
1018 0.00015235161742870515
1019 0.0012424753091793673
1020 0.33513368292029816
1021 1.9508770994622353e-05
1022 6.941379357281172e-12
1023 0.000537136884956717
1024 1.4453113686078167e-05
1025 4.067796417052823e-12
1026 0.0010326402396406715
1027 6.120715193945735e-05
1028 1.0528356033910355e-07
1029 0.4847679855195193
1030 1.2973474461481315e-05
1031 0.662070311053146
1032 0.010916036133912656
1033 0.008798774701460566
1034 1.8373664911274004e-05
1035 4.7285644146400836e-05
1036 0.3976157860440861
1037 3.0728012950341374e-09
1038 0.18554133866332936
1039 0.00678917260087077
1040 0.021679834351829505
1041 0.10095017014937459
1042 0.0007054614012652306
1043 0.06706179572264358
1044 5.683119160804881e-31
1045 4.2545901749314475e-15
1046 9.208048137197226e-14
1047 0.7729378533407038
1048 0.0009975106418802534
1049 0.018070121055577332
1050 1.598028525851606e-11
1051 1.0454027290920193e-13
1052 3.119267614771425e-07
1053 3.9634015672707736e-07
1054 1.87712632962611e-07
1055 0.0011363801240345756
1056 0.027627722844796684
1057 0.009330985944142431
1058 0.004968120244439649
1059 0.004709787605419988
1060 0.016517833854793742
1061 0.03762313187757706
1062 3.714222971783058e-11
1063 0.03419439417904793
1064 3.136592230441254e-21
1065 0.01471516989893203
1066 1.0604853978279678e-31
1067 0.0059788993349733505
1068 4.114317167155023e-09
1069 0.053966444330117526
1070 2.175465803149319e-07
1071 0.026227657590798672
1072 1.1478855627241668e-07
1073 2.4901983565209083e-08
1074 0.058632736185141324
1075 1.073194877675718e-12
1076 0.01657790490190556
1077 2.0258461575688887e-10
1078 4.937904380841821e-17
1079 0.012065102608611853
1080 0.019039337150188438
1081 7.017560817121165e-06
1082 6.536531918289437e-13
1083 0.10851535346107388
1084 0.009075220387458558
1085 0.006671222773371273
1086 0.0009610857991191045
1087 8.230937984675977e-19
1088 0.6731565546670718
1089 2.8907167981460413e-08
1090 0.0013716566124370923
1091 5.92481843701153e-06
1092 0.06336252329771024
1093 0.007175036799174619
1094 0.0013464648509446814
1095 0.018756967718106175
1096 8.917843962944457e-08
1097 0.054181039798418665
1098 0.01718507644496405
1099 8.303743894609818e-08
1100 3.7641307478146125e-18
1101 0.017041640435354402
1102 0.015844801358157825
1103 0.2575612276614169
1104 0.0013642811172228872
1105 2.5243969837353924e-19
1106 2.878329614617393e-13
1107 0.007034122419629822
1108 0.12522738880360051
1109 2.3181486584899596e-15
1110 0.009348966973695996
1111 1.356638052184105e-11
1112 0.0007207974857688362
1113 0.01124534964060447
1114 9.51592763438021e-06
1115 3.184221913606403e-12
1116 4.320277105510671e-06
1117 1.2883669790072753e-09
1118 7.972879782650157e-30
1119 0.5561280991272228
1120 5.7350997498985016e-11
1121 0.005895595776929147
1122 0.020110628892064056
1123 9.183164332616792e-09
1124 0.022382868047651553
1125 0.0037458872269811997
1126 0.0017454758364152478
1127 0.009123530696277679
1128 3.8507893945379836e-27
1129 2.320079730957356e-14
1130 0.004509754546594991
1131 4.813744642245172e-12
1132 0.7868688647200069
1133 0.0006250729939830352
1134 1.870738056318995e-29
1135 9.400637075963221e-07
1136 2.283497444138148e-05
1137 1.5747819095490714e-06
1138 0.014543377723686227
1139 1.5850881348098141e-06
1140 3.6437935228129355e-10
1141 2.2873955994583214e-24
1142 1.7355060144948346e-26
1143 5.785036124126688e-06
1144 3.391908996839553e-12
1145 4.856583960065837e-10
1146 0.013705912202377444
1147 0.0014635411374943539
1148 0.014392359340166729
1149 0.002005252917540752
1150 0.8060278660564302
1151 2.6082873052456503e-05
1152 0.0179527563667117
1153 0.3459935741390702
1154 9.41480806073483e-13
1155 0.00021644163120695294
1156 0.3618756999157769
1157 0.007945873657778178
1158 0.12089273387195364
1159 0.0008902043659743816
1160 1.9073725736509377e-17
1161 0.011328731736556767
1162 2.4263869659523056e-10
1163 0.018193370039125967
1164 5.845062073569257e-06
1165 0.008018137760311331
1166 0.016832746604729176
1167 6.90104292895397e-11
1168 0.07293210231483625
1169 0.01074500350981433
1170 0.01706004469595578
1171 2.640589531686955e-07
1172 0.003924777163773923
1173 2.690807921538244e-06
1174 1.6580915808303307e-09
1175 0.8051869564869761
1176 2.7296433054558367e-06
1177 3.0012722090006208e-12
1178 0.0018067635474796305
1179 0.0816978749710407
1180 2.6399466852388007e-10
1181 0.000848469259012617
1182 0.00021060641137116362
1183 0.16794958090614512
1184 0.030647709938409463
1185 0.009149592394237576
1186 0.09693281444705806
1187 0.1783243179412459
1188 0.1431835860250047
1189 6.896808441541218e-06
1190 2.4796704183408718e-08
1191 9.198164179610107e-05
1192 3.138303006170239e-07
1193 0.012080087136759407
1194 0.0032383193330954353
1195 9.1526276640531e-08
1196 0.016788471187130595
1197 1.3496220259241415e-11
1198 0.010048445284230522
1199 8.387817891093886e-09
1200 0.00039767744147701015
1201 2.8516400238402105e-06
1202 0.12149436691426284
1203 1.2306789728244982e-15
1204 6.908348576288059e-09
1205 0.36145805767866673
1206 1.972542200700635e-11
1207 0.00011292673310357301
1208 0.0034580638696865913
1209 2.385683318778436e-17
1210 4.503211698919805e-06
1211 0.5649582382990105
1212 0.04631495275148047
1213 0.38224867263665074
1214 2.7138328673258253e-24
1215 0.02605641465893052
1216 0.0022263102770403347
1217 1.7463174442459504e-24
1218 0.0014640998019464734
1219 0.011764251161600466
1220 0.5523413844545776
1221 1.085097331678223e-06
1222 7.190329000416607e-09
1223 1.230374203461527e-06
1224 2.5205234483839497e-11
1225 3.5551268956448427e-06
1226 0.003032464582383116
1227 1.4604734336225188e-09
1228 0.01498844160199216
1229 3.8882269576036435e-15
1230 0.1622928205625581
1231 0.04322651025944586
1232 0.17179026004706974
1233 7.528570154703965e-09
1234 1.732970029477343e-05
1235 0.002719365710081284
1236 1.0230722773974786e-22
1237 0.02666635294191551
1238 9.628867478996623e-07
1239 0.001499332297207783
1240 2.965578009828039e-22
1241 9.316135736073983e-11
1242 2.830449309412164e-09
1243 5.684855538953801e-06
1244 4.040514605006806e-06
1245 0.05187465223738854
1246 0.078937189770492
1247 1.8567853502815583e-05
1248 0.04370249521952829
1249 0.5777836093245567
1250 0.014507771723437129
1251 1.3304818709263448e-06
1252 0.10406904214449127
1253 0.0005163171852625648
1254 0.019446250971587205
1255 0.22292121884509125
1256 3.3362582610557334e-10
1257 1.214817750749642e-10
1258 2.2759902274407077e-13
1259 3.878248255634301e-08
1260 1.5868831274882853e-18
1261 2.615931676116597e-10
1262 0.20278184259451468
1263 0.002242968540518879
1264 0.6008394350256205
1265 1.8948074127638793e-10
1266 0.26294749541451795
1267 0.007725000031668197
1268 7.093257785944211e-07
1269 2.169737336391181e-11
1270 0.012984905512207767
1271 0.0003250240355520246
1272 1.789756170185582e-06
1273 5.0800345313696935e-21
1274 0.02419378758268274
1275 0.0011598091811802988
1276 1.594737664852662e-06
1277 0.047543968810376924
1278 0.007570969166444317
1279 0.014626814944274886
1280 0.0013156177771027752
1281 0.003277887341399166
1282 0.0267933559806506
1283 1.543683431646124e-14
1284 6.153620396203036e-10
1285 0.014463114478177913
1286 2.994361469706747e-13
1287 8.152876204054684e-06
1288 8.845640246238505e-07
1289 0.016471109065820003
1290 0.02398851000640765
1291 0.004709585709630273
1292 0.0189072901436758
1293 0.025080560894235104
1294 1.8630104899126226e-05
1295 3.374958160895953e-06
1296 0.016371312887294466
1297 2.7795050194118044e-20
1298 0.1503599745770546
1299 0.7317511295719265
1300 3.3423448347026e-06
1301 0.08899436915518982
1302 0.059315143110610084
1303 0.10788130460175445
1304 0.0009864590884064543
1305 1.7142475348263415e-16
1306 6.952420267060822e-21
1307 8.895211522154132e-06
1308 4.915548401056007e-07
1309 0.005312099909236318
1310 0.15398169394816044
1311 0.004654945071657714
1312 0.03679648849823798
1313 0.1818023993591758
1314 0.007612971184959883
1315 1.3669162749506047e-06
1316 0.0003768283163107181
1317 0.0003753624304092911
1318 0.820180717381107
1319 2.5968419133975826e-08
1320 4.636557764080717e-06
1321 0.00028820523378489084
1322 0.0013298046506804177
1323 7.162620521059948e-09
1324 0.0011727353506791472
1325 0.6758296310975164
1326 1.503649679155507e-32
1327 0.18950537084754046
1328 0.2636362146093997
1329 2.2253880950200472e-07
1330 0.2899054329131125
1331 1.814663103016814e-10
1332 2.9138759320361107e-07
1333 7.093051344477642e-07
1334 1.4123938052299958e-06
1335 1.022846982771129e-05
1336 6.417627007144647e-08
1337 6.335710782812133e-08
1338 6.3174508055833676e-09
1339 0.002877624792844603
1340 0.19649866073040628
1341 0.3263149028219515
1342 0.4629633067792421
1343 6.502760857848007e-06
1344 0.00034692811875476187
1345 0.6667039015970578
1346 0.5955845791909544
1347 0.16231186321134347
1348 6.507760711783473e-09
1349 1.661998862075255e-07
1350 0.12295880398281078
1351 2.503336679493976e-06
1352 0.22177783015986688
1353 4.552898484601962e-06
1354 2.848895494329438e-06
1355 1.905061689160042e-13
1356 3.1630762445153126e-07
1357 0.24001779492820616
1358 0.04674926543024529
1359 0.14873360020295082
1360 1.5763215505040426e-10
1361 7.199368875090917e-05
1362 1.3714207486605255e-05
1363 8.071973372641536e-06
1364 3.746749012708504e-11
1365 2.994725316115518e-06
1366 0.4686218232381195
1367 0.00827032186709081
1368 1.4836616219264853e-16
1369 0.0007757955773171799
1370 0.028059267950295504
1371 1.8444111393839802e-05
1372 1.5457311605357976e-05
1373 8.282803399253248e-06
1374 2.8014450014588886e-05
1375 1.8154395926402845e-05
1376 1.8305055453552814e-06
1377 2.5650104459563006e-12
1378 0.02370560445169448
1379 2.1876918022815065e-12
1380 0.22529849922508188
1381 1.6271920163798446e-05
1382 0.12124493758380968
1383 1.1790066724743215e-05
1384 8.426768519042463e-15
1385 0.23929958208213387
1386 0.22636727738546727
1387 0.0006782173432105449
1388 0.3648284367941468
1389 0.010911038270282107
1390 0.0011293433576932948
1391 0.00034276667947521035
1392 0.00301962547451278
1393 0.00019762942699185035
1394 2.6187234396336145e-06
1395 2.2430059760577495e-17
1396 0.0005421707761973983
1397 0.06306031266312676
1398 0.4126013106041378
1399 0.7275588907114859
1400 0.28058297106411695
1401 0.18685062876254277
1402 0.00011344421139124569
1403 1.284028502379995e-10
1404 0.0003899755786981474
1405 6.548240876002426e-06
1406 2.7239681740220606e-06
1407 0.003955800039562403
1408 0.024934162431580992
1409 0.0013867309723086302
1410 3.163914303859783e-07
1411 1.606822922801941e-08
1412 0.022323348150599102
1413 1.4249420909845738e-08
1414 0.07992466055640797
1415 6.585324816025893e-13
1416 3.3975744203332625e-08
1417 6.783814233953899e-12
1418 1.548342705804392e-07
1419 6.122594952839708e-11
1420 1.9446436962484327e-06
1421 0.01962260478846547
1422 1.1364115898666515e-06
1423 0.22048471538262893
1424 0.005874079062325426
1425 0.0002762095752983341
1426 8.810794882990778e-20
1427 0.007066710056723202
1428 8.80915084696394e-09
1429 0.0033222867264227343
1430 0.631408011184136
1431 5.427642251307162e-06
1432 1.5045274135813e-06
1433 0.008807213886717654
1434 0.005035174053158274
1435 2.7301887578417914e-06
1436 0.00013076178051990768
1437 0.03348951022114202
1438 0.06459355288285946
1439 0.06457493341591851
1440 2.683578612632318e-07
1441 0.00027849666156325
1442 9.312438298607112e-08
1443 4.014529336811148e-06
1444 1.6194352978259906e-09
1445 2.171462983390131e-05
1446 0.026670407654262505
1447 8.438892488787579e-07
1448 9.35117931037522e-10
1449 8.686951802125482e-06
1450 1.6791150429854674e-06
1451 0.04315674591107186
1452 1.019559612560997e-06
1453 0.0069022314318539935
1454 4.943686899953168e-06
1455 2.5139128465130422e-11
1456 0.03018079959811354
1457 0.0006804241354633864
1458 0.03666683638583256
1459 0.0011633110058446646
1460 2.6086852235050324e-06
1461 0.021568645816222205
1462 0.03212641528619364
1463 0.22645236828628718
1464 0.1888559067516951
1465 8.611691759201944e-05
1466 9.914718507229831e-11
1467 7.217101468514834e-06
1468 2.6519270724450095e-19
1469 3.999449902107183e-08
1470 0.00016669547402531175
1471 2.3773130387786996e-15
1472 0.0162056749069955
1473 6.5045577900347825e-06
1474 0.00010813840383438335
1475 0.0008467675696559493
1476 1.0369039763107365e-08
1477 1.4401440853748114e-07
1478 6.945295060547069e-07
1479 0.020569519020588893
1480 1.8754147675813241e-10
1481 4.8680641983331575e-06
1482 0.011625946058151908
1483 2.844896940649787e-09
1484 8.250378350162749e-10
1485 0.007721107331165354
1486 2.9779592040914808e-12
1487 2.686158980025218e-08
1488 0.03745297432502252
1489 0.03764098444521365
1490 8.759701942851201e-21
1491 0.0007871036226168291
1492 0.003098080135313783
1493 0.04716077667494213
1494 0.00883969520613934
1495 6.036195893516463e-07
1496 0.035306583015764954
1497 0.0006122731182865507
1498 7.126779796969149e-12
1499 0.00040632065151228395
1500 2.9481348808780585e-08
1501 0.04359226246899136
1502 2.090999705908039e-09
1503 2.919663283366711e-14
1504 0.01801682548043756
1505 1.6335132166015687e-09
1506 0.16238175534245547
1507 9.001996048726028e-07
1508 3.3931969864450406e-05
1509 1.104065260023002e-06
1510 0.031894595174498094
1511 0.03511066521536384
1512 0.0014744274631449397
1513 0.003668752369696446
1514 9.655471955688374e-09
1515 0.024586050763656737
1516 2.5005541114000876e-11
1517 5.802097471391762e-06
1518 8.841073491136412e-06
1519 0.004508397776754992
1520 3.107099610132355e-05
1521 4.44533942060977e-06
1522 4.5688697878640595e-11
1523 0.0049993513893729375
1524 1.9999098329502973e-05
1525 1.2696980800655079e-05
1526 3.773097261073186e-07
1527 0.003433102252367074
1528 1.7894298759426312e-11
1529 4.669473389250873e-20
1530 6.891956018403344e-06
1531 1.8626197397377948e-07
1532 1.781921685453224e-13
1533 0.016622009225656372
1534 1.2399977262145642e-05
1535 6.552365015660159e-10
1536 2.5960281736166496e-14
1537 4.5007109117940824e-17
1538 0.008173384478140417
1539 0.004075815498018507
1540 0.1265939697265523
1541 6.646286992384372e-09
1542 0.04731243553656317
1543 0.20917993658748188
1544 6.249354530240033e-11
1545 0.001533710666408058
1546 0.2571312163548143
1547 1.0612845383868051e-09
1548 4.616652861190529e-06
1549 0.03384479336335946
1550 6.4718655317579135e-06
1551 1.6347865218709312e-23
1552 2.5205729803138556e-05
1553 9.647202815031925e-13
1554 0.00011629869435656648
1555 3.129779004311984e-11
1556 0.006056289702039448
1557 6.387343182861268e-14
1558 1.6013874043316034e-22
1559 1.0555966565975752e-06
1560 0.2080449597152916
1561 1.1322413805553132e-09
1562 4.1534788420228576e-08
1563 1.986933900859776e-10
1564 5.372175199819276e-10
1565 7.111185119771616e-09
1566 1.9878970575871593e-06
1567 9.625260703219703e-09
1568 3.6499055817335746e-23
1569 0.00036576095619488745
1570 3.829485174355986e-10
1571 4.331782007944375e-06
1572 0.0021433318652077666
1573 1.5260870630893266e-18
1574 1.674743375692968e-07
1575 6.690397717543392e-06
1576 0.02222803038927208
1577 1.8479363003749023e-10
1578 3.84931190972298e-14
1579 2.0889864346774528e-11
1580 8.416522344262483e-10
1581 9.377795040592502e-10
1582 0.027703164672181795
1583 1.1955587716474297e-09
1584 7.999175191764505e-12
1585 0.008186863501235923
1586 3.544588902024576e-05
1587 0.007445821166815783
1588 5.764909187333969e-09
1589 0.015909412985024133
1590 0.0017018206150265114
1591 1.0716100658130825e-10
1592 1.2981297563064537e-11
1593 0.00013856148282344788
1594 3.985542939406662e-05
1595 5.945028745220403e-11
1596 2.292369358978844e-13
1597 4.4192069439175024e-08
1598 5.395049886785685e-07
1599 0.04410024900954492
1600 0.0015244698948763142
1601 3.0163363091680154e-07
1602 3.915420234789572e-05
1603 3.8151608323936136e-20
1604 2.1243465050773157e-10
1605 5.335240326801314e-07
1606 3.4853365615533635e-07
1607 0.0005528239014448183
1608 7.507838242843853e-06
1609 0.4419957246323037
1610 0.017272308160674738
1611 4.763384844448874e-10
1612 3.3765334625520814e-05
1613 1.0386755838475547e-08
1614 2.6925978796257614e-10
1615 7.835412749522629e-07
1616 0.00046391026760574924
1617 8.403232699656686e-06
1618 1.4162014393657932e-07
1619 0.00011610477904069802
1620 0.6195280360782659
1621 7.254230350771115e-11
1622 4.497891011851102e-10
1623 5.94066458415118e-06
1624 0.004950408764219362
1625 1.805640047511662e-11
1626 0.01110388569361225
1627 3.6698098905970626e-11
1628 5.161890148752738e-08
1629 1.8606833403520986e-06
1630 1.0966989070513881e-08
1631 5.7148819827101915e-15
1632 0.0015111102625121966
1633 3.307459980384392e-05
1634 4.659660234800537e-07
1635 0.00010978144705741738
1636 2.2603774577728828e-05
1637 2.5851101806095343e-07
1638 1.4694422392322796e-05
1639 0.00024104071461545458
1640 1.4494796789432004e-10
1641 1.144629619172603e-10
1642 1.3976813967237718e-09
1643 5.48790867677727e-06
1644 1.2086434356089105e-06
1645 9.325388520962772e-12
1646 9.192389785357504e-07
1647 1.486384081999819e-11
1648 0.630040274734779
1649 5.832221215528798e-08
1650 3.1671826179765492e-06
1651 0.005012223684299836
1652 6.868751636177356e-06
1653 1.1833674363657634e-15
1654 4.375494321331009e-19
1655 3.7540477405151052e-06
1656 5.3137476564394897e-17
1657 1.8707076884828363e-10
1658 0.03841548520795342
1659 0.01465013803961811
1660 0.0001334606865227088
1661 4.1578660928805474e-05
1662 1.7135042812064696e-05
1663 7.28666550091172e-05
1664 5.782403688047606e-13
1665 1.155300730305666e-10
1666 0.05996188953011139
1667 2.2757698842144976e-10
1668 2.182587328735354e-10
1669 1.6419999182050181e-10
1670 1.1999667811532393e-05
1671 1.4797178995072895e-10
1672 9.181747360199533e-07
1673 3.151945097927102e-05
1674 1.6442623915576708e-10
1675 0.09524851572275085
1676 0.00433508092357692
1677 1.2018708436631214e-21
1678 2.075945425622444e-10
1679 2.1185422880312388e-10
1680 1.393557204932628e-10
1681 0.5944121608821837
1682 2.7545656899826035e-11
1683 1.548994847470894e-06
1684 1.7474574385714479e-10
1685 2.0291812889119266e-09
1686 3.059475800329541e-08
1687 5.904503132485382e-09
1688 8.720940861238958e-11
1689 1.0944182899907237e-10
1690 5.0062572043768625e-11
1691 3.2747117018005123e-09
1692 1.163656342960081e-08
1693 6.317491329420335e-11
1694 3.498393501647679e-11
1695 1.6454186015255583e-10
1696 0.005734302822227559
1697 0.04206050833194499
1698 1.9796507637395652e-07
1699 0.00033308837557667804
1700 0.0001959207707432638
1701 0.02311488155140122
1702 0.0004946252889204028
1703 1.3826930675117282e-06
1704 3.597617198984626e-10
1705 6.765909701273127e-05
1706 0.008421711304198031
1707 0.010518609703877392
1708 0.5218978143687861
1709 5.269715428601349e-14
1710 0.132713581927722
1711 4.550636147535501e-07
1712 6.07749135661209e-26
1713 0.0005180698295485177
1714 2.7939799615825335e-11
1715 5.195184077317033e-06
1716 0.42714357856703317
1717 4.94243171384635e-08
1718 1.223212976056323e-10
1719 0.0006044316617391564
1720 1.1315749422949735e-14
1721 2.126005053863357e-06
1722 0.08674785760164902
1723 6.713613650076265e-08
1724 1.3491836284779346e-06
1725 1.5119758119672588e-05
1726 0.3256885634989677
1727 2.0380675176769994e-05
1728 3.1342515983012887e-15
1729 0.002255092637027797
1730 2.6923281823473436e-07
1731 0.0034535997960268424
1732 3.663499035149749e-15
1733 1.9946967728368197e-06
1734 0.0030004662671520394
1735 2.460363850465059e-07
1736 6.3645408153882555e-06
1737 0.13431658577865635
1738 2.499429493176323e-06
1739 0.14949275562924674
1740 0.11729956356672108
1741 8.817554952264398e-09
1742 0.21282578881376615
1743 0.002894206067726694
1744 0.006432310198621126
1745 0.5540134054121929
1746 6.700376913513264e-07
1747 7.621728939652026e-09
1748 2.0652491111135843e-06
1749 3.2475810855731723e-06
1750 0.0005950415409862159
1751 0.23162448941369038
1752 0.025718735298171154
1753 0.017654196919998196
1754 3.065202538619157e-08
1755 0.684266317078717
1756 0.001269950484679207
1757 0.04725246850233421
1758 0.003870417128577797
1759 4.97057846130881e-18
1760 0.18953551253319176
1761 1.7975671880433894e-06
1762 3.3043980808892055e-09
1763 0.0015241983780726776
1764 0.7851765354380813
1765 0.09553121744791807
1766 2.6002720553538815e-08
1767 0.02818209460893173
1768 0.15313765482294894
1769 8.076648232687938e-19
1770 9.573199465239079e-30
1771 7.474844848721845e-08
1772 4.759493559234054e-06
1773 5.0811208535459266e-17
1774 1.8167115862746756e-06
1775 0.8346534086102095
1776 1.1968591741752891e-14
1777 3.3080063729490926e-09
1778 1.1607529661204076e-05
1779 6.353825777545034e-06
1780 0.17708687485332536
1781 0.0001741648513709773
1782 6.662096381198127e-05
1783 1.9042602531962588e-08
1784 0.09446711139893059
1785 3.666532803901867e-06
1786 0.0004955298321450755
1787 4.3932591016742383e-07
1788 0.009951292438464071
1789 0.5475734189232588
1790 2.4333437266260844e-05
1791 4.302602521425388e-05
1792 9.018146839818251e-07
1793 1.2600164557333736e-10
1794 0.0070606382644461535
1795 0.8224381756161185
1796 8.967734440243077e-05
1797 6.1287812008404855e-15
1798 1.0384818682005509e-17
1799 7.277779394979739e-07
1800 3.002197655080318e-08
1801 0.01038606182743783
1802 0.23854578434536644
1803 2.5270273521376504e-08
1804 0.008241843262505653
1805 9.095247350932873e-09
1806 0.22814781364153694
1807 2.0740448275096978e-08
1808 0.0001135688250175189
1809 8.678395710731754e-09
1810 3.0143365832843468e-28
1811 0.7565767205442981
1812 1.8073773842233504e-30
1813 0.19748036839767777
1814 4.326669173553999e-09
1815 0.7491703823218466
1816 0.20434012594332668
1817 0.013570068446440337
1818 2.986617159001526e-07
1819 1.7581404394815182e-10
1820 6.957496109533588e-06
1821 0.002382620999486968
1822 0.08916190075800208
1823 0.0017499565889359696
1824 0.00024175896318104933
1825 0.37512124315872564
1826 9.124520622443212e-07
1827 0.31418416109829894
1828 1.4418086658816617e-05
1829 0.17902159606550747
1830 5.905386818674005e-05
1831 2.8282064450717814e-09
1832 1.7343263893063621e-09
1833 0.4163293255597951
1834 0.036304790125750296
1835 0.19910036505392123
1836 3.0944914265846503e-06
1837 1.0162516000014677e-36
1838 0.03541259621094245
1839 1.0813188097034349e-13
1840 0.030886446457604744
1841 2.818955805791877e-08
1842 0.0906579411936388
1843 0.0018065369552105583
1844 8.809073248808577e-07
1845 0.14912136011374216
1846 1.0483513174601757e-08
1847 0.6287492364156675
1848 9.296666854838045e-05
1849 0.42820912840145436
1850 0.06573487523846482
1851 2.3522410454447e-10
1852 0.41651455560889417
1853 2.821906536547087e-11
1854 2.078893578744957e-05
1855 3.5388012148609564e-08
1856 1.4437636564197799e-09
1857 0.0001961218617711722
1858 2.8192981982930326e-06
1859 0.02491389884282774
1860 0.0041400556408723605
1861 3.559602885364111e-14
1862 2.5500970213468228e-06
1863 0.005000146727415198
1864 0.0006681840546278095
1865 1.2823169638317545e-08
1866 0.005450862221938566
1867 3.4914613803923005e-08
1868 9.656810200561588e-08
1869 3.6673776365514896e-07
1870 2.3852943921497887e-06
1871 0.025267936563461497
1872 0.40252439566966136
1873 0.17930984701649438
1874 0.25921588994352557
1875 1.5227871798634979e-12
1876 0.03746258127907882
1877 0.0016173292928542524
1878 0.049697907769074665
1879 0.011412049787921189
1880 0.006268328354223607
1881 9.899382403520399e-07
1882 1.1067186788108557e-06
1883 3.0994757527657175e-07
1884 0.057469814735571646
1885 0.48529948378642035
1886 1.4758835733572803e-06
1887 0.34634807228734377
1888 0.0023725240783212137
1889 3.109664752220208e-06
1890 0.0007405363715636866
1891 2.597461831240238e-06
1892 0.00010359665914621712
1893 6.62332380665144e-11
1894 1.6698015658330953e-17
1895 0.017319978390848745
1896 0.001035344029652652
1897 1.250760536143551e-08
1898 0.04407082677221773
1899 2.331221768753478e-06
1900 5.454667182680586e-06
1901 4.9798962910570135e-08
1902 1.9685143741017678e-06
1903 8.45153129001039e-08
1904 1.0788240651408212e-06
1905 7.547325556305272e-09
1906 1.1804096700626523e-07
1907 0.3690352459788865
1908 0.025013852255924826
1909 3.4288698024153846e-08
1910 0.5508559913035381
1911 5.167374550321582e-06
1912 0.031040520195771457
1913 0.020795166528230307
1914 0.0003372316288897125
1915 1.2728037596044713e-07
1916 1.812020173190459e-06
1917 0.0427078705908703
1918 4.1604264103037523e-22
1919 7.870148317709369e-09
1920 6.202054445383902e-14
1921 0.012832057306480137
1922 0.010355025604831198
1923 0.34396401208087674
1924 0.268629305581812
1925 2.6604174767137776e-06
1926 0.00013300302956788975
1927 4.10214016629839e-05
1928 1.0751857995847466e-06
1929 1.3115091726336471e-31
1930 0.0027410076828831634
1931 3.1609108990071493e-07
1932 8.380100012456492e-06
1933 3.180332720154366e-06
1934 3.01406962870075e-06
1935 5.917355271793913e-18
1936 5.090827071622175e-07
1937 3.128838372815961e-07
1938 0.19006054542365938
1939 0.03642110306178875
1940 0.0033723350105264505
1941 0.01778451129167566
1942 0.001292228251142718
1943 3.659492827544613e-08
1944 0.2920663892896405
1945 0.03369402643048425
1946 2.0971068296444407e-05
1947 0.01797752054742962
1948 0.005086728501986063
1949 0.018878052288608147
1950 0.13338956172786148
1951 9.379631999674958e-05
1952 0.026894075040423637
1953 9.778203899538592e-09
1954 2.1337805359408788e-08
1955 2.459314918028222e-07
1956 7.262843157570857e-05
1957 0.00036486794239208126
1958 0.11503259391354556
1959 4.262276772923412e-22
1960 8.772982630212509e-06
1961 0.06143075852807495
1962 7.5644099526060525e-06
1963 0.0022086175477719597
1964 0.000270089809249116
1965 1.7338804119913538e-06
1966 6.327757045824437e-08
1967 0.186920431812183
1968 1.3658559959184763e-07
1969 0.5792650042093456
1970 0.00029986052833331725
1971 0.06484644265673394
1972 0.16477018405201968
1973 0.023768715214851993
1974 5.634500754508032e-08
1975 9.456158318875305e-05
1976 0.02030578636343575
1977 3.974455810705766e-06
1978 4.691129028645101e-05
1979 3.877945277442024e-09
1980 1.9880333032004987e-06
1981 9.64096567863689e-07
1982 0.00129896355222592
1983 4.597687091400062e-43
1984 8.696203845434868e-09
1985 0.22236421867363093
1986 0.6248097342407635
1987 1.5700906827870557e-08
1988 0.4893840474459909
1989 1.170100754454561e-07
1990 0.5654507486151181
1991 0.02082082202214949
1992 3.820344397665308e-08
1993 0.013386016607323557
1994 0.1160453568310058
1995 0.0010636828548341245
1996 0.00048494132619018653
1997 0.3430775711471582
1998 3.4479560002930807e-07
1999 7.570714424362392e-08
2000 1.7506028761367112e-07
2001 0.5133828775832571
2002 1.0779426525980829e-07
2003 0.4345599210276778
2004 9.126920017916374e-05
2005 0.7415114460618026
2006 0.00461883331171497
2007 3.756715184707283e-09
2008 1.4226363416188386e-07
2009 0.013092318682172206
2010 1.6636214116124574e-06
2011 0.00030268038332610626
2012 5.928817362643212e-10
2013 2.6239529279146915e-08
2014 3.443275731700012e-10
2015 2.6058462646526836e-06
2016 3.0471682385206168e-09
2017 1.6992263890387555e-33
2018 0.0010306953037844961
2019 0.8170478287026371
2020 4.1937032382878694e-07
2021 0.25267923733192477
2022 0.0012622654004690531
2023 0.12047005775884473
2024 0.006911990678594324
2025 0.0033744266952597905
2026 1.1262098529897012e-15
2027 0.3952751454490249
2028 1.5965061212349206e-07
2029 4.889571367169446e-07
2030 0.0011893758721599563
2031 4.355431269892366e-08
2032 2.0267609455635956e-05
2033 0.0024990112100353734
2034 0.07892059853860439
2035 1.013814417226847e-08
2036 2.2654855358599668e-05
2037 0.31993135847735027
2038 1.976471573440943e-05
2039 5.453638498332183e-05
2040 0.00030195642621635765
2041 1.919172357487606e-11
2042 4.811631651889616e-05
2043 2.346548545663789e-06
2044 0.00019275314450275846
2045 0.45251765636539865
2046 0.0001548053837023363
2047 1.4837590746920211e-06
2048 0.0033952923592052873
2049 0.0001199603989998186
2050 3.437830969159494e-06
2051 2.0553577105325046e-20
2052 3.1964083168706047e-06
2053 5.132088530224552e-05
2054 0.8347135362629161
2055 0.17341616581729932
2056 3.354826741065469e-07
2057 8.931256455068154e-08
2058 8.035198519919961e-09
2059 8.314883768070695e-07
2060 7.43358327361643e-05
2061 1.2388358719718168e-07
2062 9.921417616199588e-08
2063 6.49186638497886e-05
2064 0.11092636334533945
2065 2.7267124237716804e-06
2066 0.4805287795321753
2067 0.00011096497305075625
2068 0.006619963642877854
2069 0.010508732885179558
2070 0.007450702186429438
2071 0.06622481248271879
2072 5.023356497188715e-07
2073 0.00012572275618296945
2074 3.15089380756995e-08
2075 0.008735061376945255
2076 0.13005156781953625
2077 0.0009863820764489666
2078 1.7110285499025022e-11
2079 1.0238967643669215e-06
2080 9.082757689204311e-07
2081 5.711018066493376e-06
2082 1.4711339434992652e-19
2083 0.7893881846019769
2084 7.675231646468584e-15
2085 0.0002214127129760184
2086 0.0005524292606228721
2087 0.46880465083007783
2088 0.033500266827298966
2089 2.3398852741930595e-06
2090 0.002908446853757296
2091 7.149917436776857e-05
2092 3.601027135663388e-07
2093 2.5100591259297264e-06
2094 0.0002715518678731946
2095 9.273078200436077e-08
2096 1.0458636779819923e-06
2097 0.00024559146128331935
2098 0.00029482688259438266
2099 0.0031857498354620757
2100 6.870312465247598e-07
2101 0.0216758070826557
2102 1.112601409897488e-07
2103 1.942687035794897e-09
2104 0.0003972810935075453
2105 1.3100255950571108e-08
2106 0.04925000696621008
2107 0.246211354745885
2108 0.08979758730046207
2109 5.836827742847634e-05
2110 0.00230364259103528
2111 0.15281700317443203
2112 2.8900775837314642e-39
2113 5.941739617032548e-05
2114 0.3493513707761195
2115 0.6896668367948935
2116 0.00526074544818253
2117 0.4192298230496346
2118 3.1148796540112483e-12
2119 1.809011100583847e-17
2120 0.0005549804353657486
2121 0.0009867909511595643
2122 0.000508328757773727
2123 3.192510179433826e-07
2124 1.3566072859554928e-20
2125 0.16523160365074385
2126 0.006645015744560565
2127 0.001094583378685843
2128 0.00018404816207570902
2129 0.00018323898301080555
2130 0.04805885754721098
2131 9.158356477327264e-06
2132 0.2421480690296227
2133 1.628568869140297e-10
2134 0.023706779941042734
2135 5.354412147705421e-25
2136 1.2991737340842427e-08
2137 4.369344420104713e-11
2138 0.00693261203400883
2139 0.5011921294814299
2140 1.707244224857117e-05
2141 0.0013596438149202116
2142 0.011488153444903674
2143 4.755394516667798e-13
2144 0.011634213794603906
2145 2.5754838269274206e-07
2146 0.00019832145610810026
2147 1.5079314404197735e-50
2148 1.4942983699101748e-08
2149 1.458061599099231e-09
2150 2.1467086807747194e-07
2151 1.8580620851754523e-07
2152 0.2798810899747506
2153 0.011940596711176048
2154 7.169251213315964e-05
2155 9.737397275516026e-07
2156 0.00014653163988295439
2157 0.2619951934726872
2158 0.3402966500049437
2159 0.0027231114802295565
2160 2.1607615664837624e-07
2161 0.04872660599180107
2162 3.168691762616741e-10
2163 1.2982381544224933e-09
2164 4.917565930516531e-07
2165 1.6052420961643722e-05
2166 1.0425827920096485e-07
2167 0.11139805730525221
2168 0.06736291528325397
2169 0.3567451121688712
2170 0.0012131074084449746
2171 2.553355748160181e-08
2172 0.05918702796101951
2173 0.005500374192450703
2174 0.0008832708454863515
2175 0.0001853351552313911
2176 0.08831047781815102
2177 0.0023124735513667945
2178 4.1109154901106656e-07
2179 0.07506411747966944
2180 0.0006657972449586525
2181 0.5286269859026301
2182 0.5551637123102846
2183 2.415855659693276e-06
2184 2.299572991834336e-12
2185 3.221993629629366e-07
2186 5.829493449031374e-07
2187 0.00011895561910238464
2188 0.01371712273725273
2189 0.3412744283579666
2190 0.12086563382437565
2191 0.00021280013060530836
2192 0.003738508736263326
2193 0.21509367109651667
2194 0.005730754142134757
2195 2.1156513915869966e-16
2196 7.266491293206918e-12
2197 9.168888187154804e-19
2198 1.1699632886398868e-07
2199 6.313979204960987e-07
2200 3.00126791872239e-07
2201 0.00953471661076038
2202 0.08830919719772996
2203 0.0009959727032097206
2204 0.0029236453645068547
2205 0.002692317323705334
2206 2.3969805336147708e-05
2207 5.739098930991696e-14
2208 6.220144389578597e-07
2209 6.835048814485325e-15
2210 0.39500451586899055
2211 4.4520349993893145e-07
2212 6.570477696445285e-07
2213 0.007645147580150777
2214 0.00021563604114037765
2215 0.06690689130769856
2216 0.2490319926946734
2217 1.5296363435009652e-10
2218 1.6765866816063357e-29
2219 0.0013877276791659508
2220 7.265223401307095e-09
2221 0.008917475426393309
2222 0.16097703519756518
2223 1.6794397353134164e-10
2224 0.04418947770791713
2225 0.018088781310646482
2226 0.015644881402699935
2227 1.686491530421933e-29
2228 0.017163397607706164
2229 0.4104546021647321
2230 6.4236919488018285e-06
2231 0.1513398096330725
2232 0.2394976121891593
2233 0.02939035205268187
2234 5.547557837596871e-07
2235 0.0014010010112728794
2236 9.299299935087404e-08
2237 1.2613831850967829e-40
2238 0.06232438988412687
2239 3.4058564854840894e-07
2240 0.053974014490077785
2241 0.01483245646132111
2242 0.024775812684975744
2243 0.06276947992307902
2244 0.024262410423630226
2245 0.03559175220446066
2246 0.040989774609427515
2247 2.691792612182639e-13
2248 5.657877413163158e-16
2249 0.0008239859149738293
2250 1.6206202628785042e-05
2251 0.00018967632807316995
2252 0.0006351424526903693
2253 9.189682525340202e-05
2254 0.034715960329999296
2255 0.028410966325962562
2256 0.05802134228955618
2257 1.731426550203755e-07
2258 0.06164859973514716
2259 3.933783190764735e-34
2260 4.5013949619671476e-05
2261 0.02332601795102688
2262 0.00042538990486738987
2263 0.07567714606352496
2264 6.930120023818407e-08
2265 0.0012086189167523306
2266 4.278860379702936e-07
2267 9.781533576068839e-05
2268 0.27799999214125
2269 0.15109098503356144
2270 0.0012301875973490873
2271 4.897785161785064e-07
2272 0.0030775688307221904
2273 5.10900778588887e-07
2274 0.11703492754248575
2275 2.484191444086118e-07
2276 0.00028556766641482835
2277 0.0007344734798823322
2278 1.9969379242671683e-07
2279 3.1605759483430177e-07
2280 0.18640443114364544
2281 3.326565794167084e-10
2282 2.8036817623035664e-15
2283 5.926801243885815e-10
2284 0.0001390753115372462
2285 1.439070493845005e-06
2286 0.03978877854853707
2287 0.09355533527998997
2288 2.6319200729083337e-12
2289 1.4727792833847192e-12
2290 0.23405534810010292
2291 4.83353499871281e-07
2292 0.07028402357585549
2293 0.15182782585992247
2294 1.272277756663937e-16
2295 0.0037395067917825008
2296 1.0591653015851569e-11
2297 1.027651121955193e-09
2298 0.033969489735298695
2299 0.0014547782292079813
2300 2.179751303426423e-11
2301 0.3538667920813589
2302 8.599694743154564e-16
2303 0.0013391044801262576
2304 0.8135380412242399
2305 0.16207628806529323
2306 9.632064369184313e-17
2307 3.1612865288666015e-06
2308 0.1643849201869391
2309 0.6205956613020597
2310 0.08847204993483378
2311 4.1272942033071076e-07
2312 6.166208057217083e-17
2313 0.40082679068140886
2314 0.034135791502302136
2315 0.010548491144260111
2316 0.00015758099783177713
2317 0.0007557996380086149
2318 0.020752401397183033
2319 0.020222576101912058
2320 3.7517639550871883e-07
2321 2.8968690503829744e-20
2322 4.795019146221759e-11
2323 2.3889532870199057e-07
2324 0.17174024626461074
2325 2.094888029375526e-12
2326 2.396472709182954e-07
2327 9.945613753372622e-07
2328 7.217546164653634e-07
2329 1.1578107687725683e-05
2330 0.002235458611953837
2331 2.4412888957640414e-11
2332 0.5193059149965681
2333 1.1090772930472105e-07
2334 0.000280120476942658
2335 0.4310066402451977
2336 0.16722347804983426
2337 1.2038069175711377e-07
2338 0.012154751087019973
2339 0.7888201700176277
2340 6.050174340679119e-08
2341 1.570514175167253e-25
2342 0.0018247663719518227
2343 0.0003953716127850772
2344 2.0634480411654664e-09
2345 5.091667114630963e-06
2346 0.02862425821599495
2347 2.7206661611165117e-16
2348 0.0003103664693345853
2349 5.9757417424045865e-09
2350 2.739034113169358e-07
2351 4.5150845255035247e-35
2352 9.638958366265633e-16
2353 1.928902131210047e-10
2354 0.054506067724742244
2355 0.0056803968528457045
2356 0.07578826807938017
2357 1.4367234559671416e-08
2358 1.2824843657777027e-07
2359 0.3178933552297732
2360 0.022158768552589463
2361 3.6402928393159217e-10
2362 2.100966942722577e-21
2363 7.861320354283137e-15
2364 5.6881575210927954e-05
2365 0.0031825335121015365
2366 0.0003793016835027785
2367 0.011845350102090924
2368 0.09565094577068786
2369 3.8058990403393816e-16
2370 5.642592724127296e-08
2371 1.942661234484752e-10
2372 2.1285431166433506e-11
2373 0.02079473239732046
2374 0.012664184609783939
2375 0.00014250532078343897
2376 3.5438678986533917e-15
2377 0.0031219796582288746
2378 0.003870102275677488
2379 0.00042986123443713623
2380 0.019485662918290566
2381 0.12356966849022914
2382 0.03838622441390922
2383 1.1840485429201237e-16
2384 9.686598645143242e-15
2385 9.70137678972312e-16
2386 1.0656674527061217e-07
2387 0.005077253655501847
2388 0.006414481659823243
2389 0.0009444448674579122
2390 0.01140488726962898
2391 2.361503864469008e-08
2392 0.5582971912239163
2393 6.150197612461051e-09
2394 0.0030219978640046107
2395 1.9162837752975974e-21
2396 0.006161518573806363
2397 9.264249514741237e-06
2398 0.002902979159070738
2399 3.860964334120254e-22
2400 0.0557092838613059
2401 3.643800193262699e-12
2402 0.1154171213089239
2403 1.3466298816916422e-15
2404 0.04560113137187243
2405 2.5051489260933883e-14
2406 0.43989296135977246
2407 0.0017040154020497575
2408 0.43447183930968314
2409 0.07490426050034038
2410 0.005832650987409799
2411 0.06038749461309116
2412 0.5218717326188614
2413 5.250337441164066e-08
2414 0.013205768453291347
2415 0.08333995548909146
2416 0.007102595819144841
2417 1.71590034191006e-12
2418 0.0001410996409498079
2419 1.12669227883975e-13
2420 9.260733408120906e-05
2421 1.0914364491085028e-16
2422 0.005160697086333974
2423 0.006202824692161699
2424 0.5788396170744606
2425 0.5365331268728293
2426 9.750171157226839e-16
2427 1.9364055383119e-11
2428 6.852332096973748e-05
2429 1.468885137389762e-23
2430 0.007079045827077929
2431 3.212404092623092e-20
2432 0.007623182970361286
2433 8.225453787560485e-22
2434 0.5882791651988419
2435 2.771242532808395e-44
2436 4.253114471466501e-16
2437 1.525980985167607e-07
2438 0.004470687833774758
2439 0.00010288454257958314
2440 0.0055408454170956965
2441 0.008807276019956083
2442 6.618107128489114e-08
2443 1.7365173240326345e-43
2444 2.7155241151877376e-21
2445 3.064275118721933e-05
2446 0.17612887184498882
2447 0.01853500633232429
2448 0.554778835734744
2449 1.303573855883348e-07
2450 2.781230516216296e-11
2451 0.47567183199741003
2452 0.47870302271019544
2453 1.7395465711566533e-26
2454 2.11076333651662e-13
2455 0.07575586572647579
2456 7.520019259652897e-08
2457 8.849573564290434e-13
2458 3.4345872199630974e-21
2459 7.728897450515827e-09
2460 2.977883719593596e-08
2461 0.5036151290533908
2462 7.825688573893522e-06
2463 7.704525001916488e-07
2464 1.3439658243474633e-14
2465 0.006924978118485306
2466 8.521240539403639e-28
2467 2.25560528100782e-24
2468 3.8209278508655096e-05
2469 0.22783581664630326
2470 3.545480216107137e-12
2471 1.1389857170783957e-23
2472 8.47039090219687e-06
2473 0.0013940184526784168
2474 0.00465314157951576
2475 2.4828577860752382e-30
2476 6.049651998581193e-08
2477 1.4139203408726778e-11
2478 0.026817267612843122
2479 0.033329272281366666
2480 0.09487211033832652
2481 4.122201628040203e-23
2482 1.7233951624375218e-13
2483 0.1493947917482602
2484 2.373366931127832e-25
2485 1.0961703955944222e-45
2486 0.03214023981800474
2487 1.801748944677149e-13
2488 2.6568315589785e-10
2489 8.42937163465768e-05
2490 0.020323140864864413
2491 1.6406040570032588e-08
2492 0.05001119069941963
2493 1.6784983083601372e-09
2494 0.000975939036475627
2495 0.03716688555676689
2496 1.896127362713917e-09
2497 0.048178061397315404
2498 0.007066101948518903
2499 0.002325100157018473
2500 1.742538237596544e-16
2501 7.07579650473262e-23
2502 0.09419809924445466
2503 2.394763297592762e-29
2504 4.477197090090226e-16
2505 4.561861919250877e-24
2506 2.0884095235745643e-25
2507 3.957606647375924e-29
2508 1.0236565860637192e-22
2509 0.13466088391216766
2510 1.2753469506645785e-07
2511 0.052108262644539646
2512 3.420440830373905e-29
2513 5.11362939335384e-42
2514 3.394139747400452e-16
2515 9.86410623181469e-25
2516 0.11735999165818214
2517 7.329030032977748e-13
2518 0.00361205633150238
2519 1.5543941185148551e-22
2520 3.4305213870373516e-13
2521 6.2606728617237965e-25
2522 0.00018993334752287618
2523 2.7455245902077404e-09
2524 7.213764932601543e-08
2525 7.286577103316706e-23
2526 4.0385396507448955e-09
2527 1.3177084938599268e-08
2528 0.0031136591764392373
2529 5.724088600305426e-26
2530 4.754972897105757e-19
2531 1.6934300680266469e-15
2532 9.105604664503443e-06
2533 1.31573026675495e-08
2534 1.925239780519606e-45
2535 3.183834515406569e-08
2536 0.0007911304358165594
2537 3.492772335899299e-14
2538 0.0024194077213025964
2539 5.6561928679813276e-05
2540 0.002353868670366161
2541 0.007933589423842216
2542 0.001747757259467111
2543 0.002311788232654193
2544 0.1234666832531911
2545 1.0072756661858162e-07
2546 7.567522545676595e-05
2547 0.0013862424117948332
2548 6.397555316988002e-05
2549 0.00240245055003225
2550 0.4747599110732848
2551 3.6332370108972804e-05
2552 1.3421005761611338e-14
2553 0.047686449027113165
2554 2.1711835131490375e-14
2555 1.1530507796647764e-11
2556 1.2323747059737386e-28
2557 0.04702208714197632
2558 2.342940518667052e-08
2559 4.667176424361115e-19
2560 9.588253076718346e-21
2561 3.0698317653489547e-22
2562 0.0012447594828807168
2563 0.0009219094457654368
2564 0.1414443079809074
2565 1.893414792007145e-44
2566 4.718314888555529e-29
2567 0.5308188624334884
2568 9.480484617328987e-30
2569 0.022413239737647778
2570 0.032505568079166956
2571 1.097052641108924e-09
2572 0.0019861498329759946
2573 0.0048445620585104215
2574 2.1537386566445505e-08
2575 3.254826855448118e-08
2576 1.1837717986494966e-08
2577 0.000382083838924515
2578 1.8050780518121775e-18
2579 0.00072336746515144
2580 0.00025805809108013966
2581 0.0005608211417836152
2582 0.0005217729814112281
2583 0.4712355977892442
2584 0.3290320494361847
2585 2.2118039589362322e-14
2586 0.0012282651811897738
2587 4.807353096336562e-08
2588 4.068725913203913e-23
2589 0.01468480647823047
2590 4.76659771459019e-31
2591 0.003880596643602457
2592 1.91435535260249e-08
2593 0.1301227318040345
2594 0.007806924576785685
2595 0.13806665200700016
2596 3.0428484495029122e-05
2597 9.56216224560359e-08
2598 0.001556287555005283
2599 0.056207547084040965
2600 1.4980931200301734e-08
2601 0.03370981593440241
2602 0.001683967997589967
2603 0.07024110778962034
2604 1.2947223978887142e-22
2605 9.396206150049857e-24
2606 2.602358033309346e-08
2607 0.0030368779374386648
2608 1.5193610956261e-17
2609 0.012126268946668663
2610 1.1589310754863931e-27
2611 0.013370171034918835
2612 2.0404860014195762e-51
2613 0.002055733433153829
2614 1.7115296647858897e-12
2615 1.583878393378339e-15
2616 0.39045624653690736
2617 0.018713252310812428
2618 0.4454141621568337
2619 4.7883074164911786e-27
2620 4.516392931488024e-36
2621 1.3577111159271308e-44
2622 0.005285097638934018
2623 2.5601032814134014e-24
2624 0.009995478813748961
2625 8.790333015283544e-13
2626 0.3409446822833251
2627 0.0002960885331943084
2628 8.212012006857438e-25
2629 0.3679198947447013
2630 7.352472852207318e-11
2631 0.11316912728557871
2632 6.178823119497127e-30
2633 0.016787346794489313
2634 7.341220252816451e-05
2635 0.000785856117668461
2636 4.761609886085322e-28
2637 0.2880893788081721
2638 0.002595371734333904
2639 1.9075935868543366e-30
2640 0.08518837783572025
2641 2.4612142446765577e-06
2642 8.173390237466059e-11
2643 0.002755430871078381
2644 1.4163585903896054e-28
2645 1.7331960400599865e-05
2646 0.005415754885777563
2647 0.13069787977631042
2648 1.040927360136978e-37
2649 0.0034167373371957995
2650 3.141308892043956e-39
2651 8.597422638051725e-06
2652 0.15543483769900932
2653 0.004366286371650059
2654 7.415780010835581e-06
2655 1.4161842290967803e-05
2656 0.24333864100696584
2657 1.039183794395009e-07
2658 9.88579733438939e-13
2659 0.0008679494252012898
2660 0.0591550705997165
2661 0.3187941296412356
2662 0.08350110357144665
2663 0.00012309785422062025
2664 1.4939289763422437e-26
2665 7.90777643821612e-08
2666 0.1793217749131003
2667 2.54453837169019e-57
2668 0.010100189140551667
2669 0.47251843533064714
2670 0.000318112192596182
2671 0.06674384211521721
2672 0.0002955825017311946
2673 0.16771091312769026
2674 0.10103817028780396
2675 0.16991693198132787
2676 0.2903919745017074
2677 0.060267272303588734
2678 0.11723065458716846
2679 0.005811840457305121
2680 0.14052411542936935
2681 0.06468450918279212
2682 3.280124462413193e-05
2683 0.10391179923362553
2684 1.4902543823551327e-49
2685 1.0510994838228282e-05
2686 4.392655046565975e-13
2687 1.0709685290469637e-10
2688 8.063414428645274e-19
2689 0.0003438144113215467
2690 1.7966605528145302e-05
2691 0.05293530958568638
2692 0.010360127435499722
2693 0.20002038911898568
2694 1.6701817004582094e-20
2695 0.007693781013197583
2696 0.09534193876601273
2697 0.19979942981620671
2698 0.17316674299704432
2699 0.0015705716642261127
2700 7.181859038099712e-14
2701 0.13087750977080506
2702 0.0005472694271102716
2703 0.0319399913234775
2704 9.920767810688494e-06
2705 8.298076142242529e-10
2706 1.720014832048414e-27
2707 7.695005667335965e-27
2708 0.016661383044024335
2709 0.27493777013873516
2710 0.1281940687122866
2711 3.9524469428887245e-05
2712 0.07114076234259176
2713 0.03537187145713169
2714 0.09258388936049407
2715 9.806228350887054e-14
2716 2.261980558795057e-23
2717 4.391878718572196e-13
2718 0.14144684560533544
2719 7.786130041077948e-21
2720 4.2548878632518135e-05
2721 0.0014922911222567958
2722 2.59230644410997e-10
2723 0.1217635800820492
2724 1.87045651480019e-13
2725 1.851399602765717e-12
2726 0.05613928978033484
2727 3.2074967309179396e-05
2728 7.72476826562171e-11
2729 4.675179665124647e-12
2730 8.50341331751048e-06
2731 0.09206354564019872
2732 4.84511864809974e-09
2733 0.31714336962635614
2734 4.9794059339191544e-26
2735 2.2650185043367625e-12
2736 0.1947474036899423
2737 0.005426211295361552
2738 0.4845798746790464
2739 8.213277959017654e-18
2740 1.5007081574965145e-09
2741 2.3298156026745434e-08
2742 1.950215394936996e-05
2743 2.338450854287029e-13
2744 0.0004585628938182109
2745 0.00015820394697974865
2746 1.0067508047500754e-05
2747 0.0001268277618320861
2748 0.1405234512247189
2749 0.17707254608361325
2750 2.1434268162992974e-27
2751 0.22268575711861646
2752 2.9172634061726416e-18
2753 2.636414640755539e-08
2754 0.00539638298263815
2755 0.0888590951271907
2756 0.012024653484644899
2757 9.002444941412945e-06
2758 0.0006027855207056263
2759 0.04945536726435509
2760 5.675997494843518e-17
2761 0.008342227046966084
2762 0.03290451727492637
2763 6.338583916429151e-13
2764 3.972233423589613e-12
2765 0.16817408910767012
2766 0.11234701198785432
2767 0.0006648834876490913
2768 0.16095478646521072
2769 0.00046994476838730504
2770 0.16769551071546407
2771 8.317455619480682e-20
2772 0.00014177304268679628
2773 2.914895550249346e-05
2774 3.468882623688222e-19
2775 6.820887993092547e-05
2776 0.544359901996062
2777 0.4282182374141333
2778 0.7077897221529711
2779 7.731602039422771e-06
2780 0.3147787753925125
2781 5.000610770238458e-13
2782 0.0395230889938015
2783 0.6422979093580853
2784 1.088453074542594e-07
2785 3.746280701602554e-05
2786 0.5995500902691571
2787 0.20357355914220832
2788 0.21475717244341838
2789 0.7219585171827353
2790 1.1458544383716258e-18
2791 0.22162757684192905
2792 0.6838372543149183
2793 2.4426818533282413e-05
2794 4.8448873619239965e-09
2795 0.13684829740571358
2796 0.10311829932025225
2797 0.008161564958560958
2798 0.1153846570080341
2799 0.06189316206685344
2800 0.06416904305404363
2801 3.3053217885324966e-05
2802 9.232213601212466e-09
2803 0.14136198663765467
2804 0.0003473258190357863
2805 0.00012152570121186552
2806 0.17254241420756422
2807 0.15667631195940443
2808 0.0007568717938664577
2809 0.14353112133195162
2810 0.24884619918751216
2811 0.027896729095618213
2812 1.024525553761115e-10
2813 6.572811509307637e-06
2814 2.7069898946857046e-06
2815 2.578386426331699e-08
2816 2.7490339876204225e-08
2817 1.8988395452251784e-05
2818 6.015387977825605e-10
2819 1.4731138771073712e-08
2820 6.585540231728586e-05
2821 2.26419118402538e-19
2822 2.121290788818542e-05
2823 0.07558145338140898
2824 0.07697107666050299
2825 1.993152014038836e-06
2826 0.4135188526173366
2827 0.19163236065355405
2828 2.2049970477299115e-17
2829 0.5457041047027753
2830 0.022569842408495678
2831 0.7654586706938347
2832 0.6700834760654093
2833 3.734087867202795e-05
2834 0.29177250248011494
2835 3.0075877601848224e-18
2836 0.8120527151734235
2837 3.0054570860198308e-09
2838 0.00014853267211845908
2839 0.7987887124566183
2840 4.82096243510958e-08
2841 0.727590544451474
2842 0.049812978362793456
2843 0.09145620588763975
2844 0.6124046091005678
2845 7.18350505971223e-10
2846 5.018626450509739e-24
2847 0.07379101440522354
2848 6.774710541230492e-09
2849 9.298951086728751e-09
2850 0.0035708516101064635
2851 0.0009296720919075119
2852 2.469912160835922e-23
2853 6.0436814042105597e-05
2854 5.6821144420291925e-05
2855 0.00305741851295369
2856 0.4756788233917331
2857 1.6188113468911458e-28
2858 0.0670598527243879
2859 1.2643991219906214e-05
2860 0.11042831861350522
2861 0.00022437526870288345
2862 1.8944141544442602e-08
2863 0.22147847082013147
2864 0.0022485188319256934
2865 7.446332714384273e-18
2866 0.17519128558487918
2867 3.9148509827446204e-12
2868 3.6719464648242935e-05
2869 8.541147519589362e-06
2870 6.525179989074115e-08
2871 2.561023064846998e-10
2872 0.13277554098204047
2873 0.0003016867536247815
2874 1.282498699773723e-07
2875 2.6594196446639976e-08
2876 1.1805474885287517e-10
2877 5.176960696077326e-05
2878 1.159959242601491e-05
2879 2.6710575490837156e-24
2880 0.032227432853163276
2881 0.0036485635744276106
2882 4.7338738752922754e-05
2883 2.3452723239696005e-05
2884 0.04291593898360852
2885 3.48858250330003e-17
2886 0.04450010819357688
2887 9.526406062655524e-26
2888 5.009239103224262e-05
2889 8.931392605080079e-12
2890 0.08818661381520908
2891 3.211499852328704e-08
2892 2.6952201793012776e-05
2893 4.6521413390237216e-18
2894 1.918895160807495e-08
2895 4.1596791349489944e-05
2896 1.2398715274144596e-07
2897 0.057040327686610603
2898 4.2978482137043804e-05
2899 0.10358789754679472
2900 0.00019047567576713513
2901 9.687497829882932e-10
2902 0.00011720758727090135
2903 0.047119171461302164
2904 2.0793137797324064e-19
2905 0.05770985600259293
2906 6.0998618836369884e-09
2907 6.178408801895569e-08
2908 0.027952621416060124
2909 0.11093746441576505
2910 0.09281691478899236
2911 0.08044380541609601
2912 0.0004296438662344928
2913 0.0018670812710319556
2914 0.05739019930841665
2915 4.264826582095186e-09
2916 1.2634540135580876e-05
2917 4.7922400961968e-05
2918 0.0976609008638414
2919 0.00010264348087428489
2920 0.00015249214419759687
2921 6.829848854829163e-25
2922 1.4608250256840357e-07
2923 0.10136593443763259
2924 1.0729176676009958e-07
2925 0.08616534668360781
2926 1.9920872194867443e-07
2927 0.10185485106089935
2928 7.055631769167595e-09
2929 1.537657814237088e-17
2930 0.485724584177091
2931 0.45627384513491587
2932 0.2467395645205521
2933 0.7371286453906566
2934 0.0618142710118054
2935 0.05747951394146587
2936 0.6367218863625378
2937 0.23995855448985703
2938 8.167755668822308e-09
2939 0.06481769086780169
2940 1.9983697731365253e-05
2941 0.8324702580994623
2942 0.023554735601924694
2943 0.6652798532484778
2944 0.10044036353649444
2945 0.06726626820527966
2946 0.6907702388386991
2947 4.935255310635401e-05
2948 0.514305453621987
2949 0.06811039499099535
2950 2.4159334935246054e-18
2951 2.5131109083336225e-39
2952 0.06900416440757311
2953 0.06183531555725842
2954 7.29890090313499e-09
2955 3.2236102230317653e-06
2956 1.9409965208365218e-18
2957 3.4994576534736916e-08
2958 3.0764117218415635e-08
2959 1.1328216720995821e-09
2960 0.020742294702926867
2961 0.414507514654707
2962 0.06896451821408192
2963 0.2823869121083915
2964 0.058298920565870195
2965 2.6609145291408967e-08
2966 0.19213348985454204
2967 0.33838753215998524
2968 3.6460605811729575e-08
2969 0.00015998167926286122
2970 4.7069534187578015e-05
2971 3.0263559483503354e-08
2972 2.3043147282724616e-08
2973 3.86068276446521e-08
2974 0.0994017692452708
2975 8.069470768354455e-06
2976 6.993564160889378e-20
2977 0.2394815394962984
2978 3.873589980784568e-05
2979 0.04840415534103161
2980 5.944779573840502e-10
2981 6.909412138661267e-07
2982 0.07023440896161003
2983 7.57913801172607e-07
2984 3.050126103901967e-08
2985 3.945681289064883e-08
2986 0.03870864207478658
2987 7.015741617469166e-05
2988 7.598589174286587e-05
2989 3.1615743367386826e-05
2990 0.025056003603512435
2991 0.11191518613637949
2992 0.10463344526713154
2993 0.05242778081887688
2994 7.989499647716684e-08
2995 2.6501180596644802e-09
2996 3.234265204633453e-05
2997 1.126101078335075e-18
2998 1.999371418171412e-07
2999 0.11303061745914234
3000 2.5118937973493076e-42
3001 1.9884162392069486e-05
3002 0.013733709301911414
3003 4.232786497890187e-05
3004 0.0018843685659949815
3005 0.003227391700981927
3006 1.1770363574408267e-05
3007 0.00013229277110996868
3008 4.3675946623026266e-32
3009 1.2249272533793448e-07
3010 0.00019944539992044498
3011 2.0626694101484615e-10
3012 0.00010418613088178715
3013 5.019619726738886e-05
3014 6.473637469651535e-05
3015 3.487337226960747e-05
3016 6.46476434573541e-05
3017 8.448682540045261e-08
3018 0.3823602351444624
3019 9.370154570827823e-08
3020 6.6507838897813135e-09
3021 3.8059130252537186e-05
3022 5.2558322730105797e-05
3023 2.750490131592503e-05
3024 0.001971905986711369
3025 1.1519116567547e-05
3026 0.0008252355142183171
3027 0.00029934064734875017
3028 0.0001300049418738056
3029 0.0018067457899066217
3030 5.2124844793367635e-37
3031 1.4897643745054873e-05
3032 0.00015405937325633674
3033 0.0011621366295326513
3034 0.0010093655440399454
3035 6.150829417723753e-06
3036 0.0005540368254168702
3037 0.019767657423663952
3038 0.004036792496883239
3039 5.563226741751599e-05
3040 1.76864270913362e-07
3041 0.002865544417731784
3042 0.00010292764401616642
3043 0.00011968529530023411
3044 0.29504437108020776
3045 0.014470824381395509
3046 0.00021507206307168404
3047 0.0003508840060911489
3048 2.044688444794362e-08
3049 3.160620853528294e-29
3050 2.9268382306731914e-09
3051 7.551941148282435e-13
3052 7.503127193163511e-08
3053 2.006146374688242e-36
3054 0.0004847166534349134
3055 3.3961334547636503e-05
3056 0.2623198492239538
3057 2.213184370892035e-27
3058 0.24250710509531215
3059 0.00014912340189428795
3060 0.3057575129393814
3061 7.967004624135063e-05
3062 0.023777892461672476
3063 6.343257543489722e-12
3064 7.33659006833201e-05
3065 0.0218357358988538
3066 4.2198881713364956e-05
3067 8.816364091143886e-11
3068 2.0243359074362006e-05
3069 0.00031424196837046546
3070 1.794180577090436e-05
3071 2.3669024733077684e-05
3072 4.947699978336578e-06
3073 2.266814773996982e-06
3074 1.5664524682983952e-06
3075 0.014104252306854905
3076 6.073409066271718e-07
3077 0.017446243381326207
3078 4.726163175479936e-37
3079 2.4708802872159e-12
3080 1.7228694204491686e-40
3081 1.176751406914822e-09
3082 5.663425862487171e-05
3083 6.106069564269423e-08
3084 3.144551338170062e-07
3085 3.175380890889544e-08
3086 2.4172606246095814e-16
3087 2.2582647408202275e-08
3088 5.775707677582775e-15
3089 8.966655669170684e-09
3090 1.6760347961006646e-05
3091 2.684632488080634e-23
3092 0.00011986322122367617
3093 2.267573930101864e-09
3094 7.427337958390813e-10
3095 7.555424014314384e-34
3096 1.3991500856279547e-16
3097 0.022082170556960254
3098 6.7815154853359756e-09
3099 0.02832004186703421
3100 0.0390391411491141
3101 7.012973865217347e-06
3102 9.19673373778655e-12
3103 7.674794321665989e-11
3104 2.6068925258123975e-07
3105 1.1231432999371402e-48
3106 5.957007372848096e-09
3107 8.78527913862591e-11
3108 4.70538472656038e-09
3109 4.898224918187375e-10
3110 6.534973892263576e-36
3111 2.992076421733581e-10
3112 0.00013856471152525368
3113 0.0003768935719259698
3114 0.0004187039359959088
3115 2.389428738552648e-37
3116 5.133914740098136e-38
3117 0.02757862288303603
3118 2.1775264332827284e-07
3119 0.04115675885593676
3120 3.6302763290038304e-05
3121 0.03425033699696301
3122 0.002288029573354671
3123 2.2999057438214222e-07
3124 7.648812934212343e-18
3125 0.0001236572664164314
3126 1.6484978494809812e-26
3127 0.005780007686120576
3128 1.8134265184842694e-07
3129 0.0002415512191179113
3130 2.040395974930781e-29
3131 0.004538373628326782
3132 0.006518840605638936
3133 1.0000714684331836e-08
3134 1.5503230289877108e-08
3135 2.2312432700972488e-10
3136 1.3521843047778824e-08
3137 4.034375468611251e-09
3138 1.9564410853361075e-05
3139 2.560849440434176e-10
3140 2.0301794023755815e-28
3141 3.195584295172035e-08
3142 2.003083848308183e-05
3143 0.00010212071519179108
3144 0.009146431094125117
3145 0.013838323979516466
3146 6.921241349111634e-21
3147 0.000822462174743087
3148 2.926129097749057e-14
3149 1.1231193920502858e-07
3150 4.483511922745237e-14
3151 2.4721877934709514e-09
3152 1.4082827619339388e-30
3153 0.00925560087245722
3154 3.7329189845050695e-36
3155 4.37275354295306e-74
3156 3.085647748076773e-05
3157 3.733485066761076e-13
3158 2.3779797857033974e-10
3159 3.6976845075745797e-08
3160 2.5447727463731784e-08
3161 1.3254693164422883e-06
3162 3.245735903176172e-13
3163 1.051264370890789e-11
3164 2.8762615328416156e-43
3165 9.580564827270567e-11
3166 1.8982363719053962e-19
3167 6.21393637945551e-08
3168 0.0006122024657224077
3169 1.0342101205607946e-07
3170 2.1429596054243835e-08
3171 0.005766113978160967
3172 3.576720215465416e-35
3173 3.9244183806104764e-14
3174 3.914355173049577e-16
3175 5.828771028192449e-22
3176 0.005343346833679457
3177 1.0190695831131478e-17
3178 5.190268768993144e-09
3179 2.925263048221221e-09
3180 0.002219825882169122
3181 0.001913750495455472
3182 0.00038514393790118733
3183 0.00018036247715326603
3184 1.889907534943247e-07
3185 1.4600729560357102e-11
3186 1.2062582349358756e-46
3187 6.518468335154368e-10
3188 7.545691307650826e-11
3189 5.826198110697294e-10
3190 3.128723802386445e-35
3191 9.992781753156293e-11
3192 1.48014070229018e-10
3193 1.138213704073834e-06
3194 1.486563029442927e-07
3195 1.0261396425483454e-06
3196 3.6557040551565705e-09
3197 1.489031166893054e-05
3198 1.1978319369303283e-09
3199 1.0608631440299877e-34
3200 3.1057493621310975e-31
3201 6.17485945544308e-32
3202 0.0013276957332703308
3203 3.8168058804336435e-17
3204 4.448179419814136e-05
3205 0.00010639130362162977
3206 5.997460731364493e-12
3207 1.006530654634709e-11
3208 3.5673008114595595e-36
3209 5.272227636573485e-25
3210 1.8880134984106136e-37
3211 0.00044557123185406006
3212 1.966979554416501e-12
3213 3.392922331237785e-06
3214 1.5398029679351327e-34
3215 3.1383893756062072e-40
3216 1.6422764456004126e-10
3217 1.7585034105402556e-05
3218 0.02383477231304573
3219 5.597200053226134e-15
3220 1.7727230770045353e-09
3221 3.710317601407759e-06
3222 2.759047829391715e-32
3223 8.121352509764859e-05
3224 1.1632783216060593e-35
3225 3.8932645793502834e-05
3226 1.337356474270826e-09
3227 1.9989542840192698e-35
3228 7.06665163521522e-10
3229 2.3269378656138967e-10
3230 1.153848715337078e-09
3231 3.720025185419615e-09
3232 7.812216188395412e-24
3233 3.276453085392e-05
3234 5.702937152310598e-07
3235 5.802567126144796e-10
3236 1.4277227726508285e-10
3237 1.9109265576993638e-10
3238 6.146960404590517e-16
3239 0.046071708408430834
3240 1.6410513492656767e-09
3241 1.515655018833879e-26
3242 2.6502391125428565e-14
3243 2.139675217879393e-21
3244 5.1920747015951204e-05
3245 0.001967041049469879
3246 4.265105036731813e-06
3247 5.6239849961365396e-08
3248 0.015156305588836351
3249 1.726423944170827e-05
3250 0.0035975795667563576
3251 2.451862082728682e-09
3252 0.010942355242237429
3253 2.159678826812065e-08
3254 0.016056013048444197
3255 1.987995645323712e-15
3256 2.6579706712877384e-30
3257 9.012911538295534e-10
3258 5.4082619975900665e-30
3259 4.8417247740541196e-23
3260 3.5144683937275184e-36
3261 9.727887388873538e-41
3262 9.049072571051197e-12
3263 1.4644575451981347e-18
3264 3.511391788812299e-12
3265 1.6749746433685488e-08
3266 4.166636739482645e-25
3267 6.070819939147368e-09
3268 3.760945429688891e-06
3269 0.0025172460400421843
3270 0.0006063344625558884
3271 2.87967803004221e-11
3272 4.737380634797958e-12
3273 0.007356064325541439
3274 4.913141263893888e-13
3275 1.3407049550951713e-23
3276 6.204734702002215e-24
3277 2.391883430766168e-10
3278 4.3137349796817136e-18
3279 6.495580632649003e-14
3280 0.010851285795295948
3281 1.6074756162206732e-05
3282 2.361291977019064e-09
3283 1.7711978009854002e-10
3284 1.1427737422221301e-10
3285 1.2084529896414214e-10
3286 6.272261786163769e-09
3287 1.7211079458986102e-26
3288 1.4056237174135006e-12
3289 0.00022690624746240948
3290 2.18581439981495e-09
3291 6.953896524918586e-07
3292 0.0016471099966154524
3293 1.0360219661085839e-37
3294 7.591511258584491e-10
3295 1.2326306394239716e-09
3296 1.1474802020023333e-38
3297 1.8879487959101388e-14
3298 2.733021183457758e-38
3299 0.022884014720820616
3300 2.3688141057692242e-17
3301 2.970646161788481e-14
3302 2.0883498787636535e-42
3303 1.8223068767305015e-11
3304 3.776287307201583e-43
3305 9.16965918830966e-20
3306 0.027957985800867523
3307 0.0002188464258327057
3308 3.310019807719171e-49
3309 4.503658343435359e-30
3310 1.0488559832706448e-09
3311 2.0423481066955918e-10
3312 1.1175404306309647e-05
3313 1.9504034993140224e-12
3314 6.320488314592374e-54
3315 2.802393742844755e-16
3316 2.163670716254479e-14
3317 9.692970813704304e-40
3318 2.0885887359349313e-13
3319 6.708161886139077e-45
3320 2.409941719651627e-18
3321 6.857873339501926e-33
3322 9.333289232608394e-17
3323 2.2677922421745187e-14
3324 7.110464814075896e-33
3325 0.049472184182639295
3326 8.935676625620988e-07
3327 1.6854609074319622e-13
3328 8.568196002498534e-09
3329 1.5219644410524248e-07
3330 1.2212531614220765e-08
3331 1.3834618810682198e-07
3332 0.001370315429116779
3333 1.3136760703635862e-09
3334 5.7769108554733206e-24
3335 8.585969466635889e-08
3336 8.649711839705325e-21
3337 0.0009375279135526144
3338 1.3183019193209991e-45
3339 7.894008013366029e-14
3340 2.793000731023692e-08
3341 2.6372464696356733e-05
3342 5.16246124539456e-17
3343 4.896014207916978e-34
3344 3.495252672228982e-09
3345 0.009366042983054202
3346 4.498314221139579e-51
3347 5.0044368180675775e-09
3348 1.9550982725293686e-44
3349 3.1713541630641616e-13
3350 0.0011967713318648046
3351 1.6773490460868844e-12
3352 7.324205964596906e-14
3353 6.040220535031647e-40
3354 2.06965046688451e-05
3355 3.6184227350881033e-09
3356 0.004160072846520665
3357 5.117073109137758e-10
3358 1.066228911627072e-22
3359 2.258849630371034e-31
3360 9.037407494774437e-13
3361 6.656507707353796e-10
3362 1.0400777996691656e-21
3363 8.338368382210275e-11
3364 1.4763248067563293e-08
3365 7.5380853833307e-11
3366 9.321160211445601e-44
3367 4.936227559783121e-07
3368 1.7299558030863927e-32
3369 8.692776737073048e-06
3370 1.236140111763005e-08
3371 0.0008015282287364085
3372 1.363288810971838e-13
3373 3.514869772711786e-14
3374 5.310454454270807e-06
3375 5.010595934273736e-31
3376 0.00011818656829555322
3377 0.0008942316009711964
3378 0.019503640116888227
3379 2.1032194281115113e-30
3380 6.391807568616932e-42
3381 1.1528865375267682e-13
3382 0.006545953858538253
3383 3.764773256221146e-08
3384 5.0977586571685756e-52
3385 2.1397408011214766e-08
3386 3.788394031488266e-15
3387 9.749209131587822e-25
3388 1.4170226109188418e-11
3389 4.507296261430138e-09
3390 1.061663442685868e-05
3391 1.1613811834777974e-08
3392 1.371967044197598e-18
3393 1.1923502044432872e-08
3394 0.030986522703895722
3395 5.1798880510425285e-33
3396 4.901158196588423e-09
3397 2.3119112196616553e-12
3398 2.987954195388112e-17
3399 0.00976762530869202
3400 3.681653663725784e-09
3401 4.793492411043095e-12
3402 7.734450078530776e-06
3403 1.163433374068298e-18
3404 4.797900973257781e-10
3405 0.00017227669801701755
3406 1.6377084258798312e-10
3407 1.0193247806357889e-10
3408 3.914867667230597e-44
3409 3.96039383008529e-08
3410 0.0010507491509408374
3411 2.1549356624885965e-16
3412 5.1874982222017256e-06
3413 0.0010418847045923782
3414 1.6581831285256686e-20
3415 0.00032335561577118713
3416 1.2413982629340118e-08
3417 9.33872093477113e-10
3418 0.0020564085080028087
3419 5.809281055371465e-09
3420 3.696752152601733e-05
3421 1.2390456314468085e-09
3422 2.730030813179657e-24
3423 0.009962551475524299
3424 1.9206816758815023e-10
3425 5.750124640192132e-09
3426 7.612133027606267e-39
3427 2.9499630152961117e-24
3428 2.136701043314927e-11
3429 5.65570500963788e-32
3430 1.5594209641052994e-20
3431 1.3835178030942067e-10
3432 0.03565951313205744
3433 0.014005329747114471
3434 0.024925106892248174
3435 2.459543105105171e-09
3436 2.0965701892658816e-26
3437 7.616280887461688e-09
3438 5.961703855637035e-27
3439 6.001993107351398e-15
3440 0.012248361029041734
3441 4.846179330010211e-06
3442 0.021022022088166885
3443 5.596734298386473e-09
3444 3.0942455712281796e-27
3445 3.900220817421018e-07
3446 7.233901678097119e-22
3447 1.2969111585577402e-42
3448 5.348452399206216e-26
3449 2.456714072941628e-28
3450 7.778948647801601e-12
3451 0.0012280611357237561
3452 3.3907168759052266e-13
3453 1.6385123405398126e-27
3454 2.1099373914779035e-24
3455 8.077719297810105e-45
3456 4.955705436803896e-28
3457 0.007997801044686725
3458 2.938935656099831e-11
3459 1.1441776544685375e-25
3460 3.943382033744694e-12
3461 1.5066080364959342e-08
3462 8.369665685534892e-50
3463 0.032177176406564804
3464 2.4402415345234765e-18
3465 1.455783842431815e-49
3466 3.000680771339273e-11
3467 2.424360330066818e-07
3468 0.002665281542919827
3469 3.482792573105305e-21
3470 0.00014587571535720626
3471 1.0377550219060372e-09
3472 9.197160438381209e-41
3473 2.6452057061739347e-09
3474 1.4506797840795427e-07
3475 0.0004494844552953466
3476 3.216443347500851e-07
3477 4.480164221890976e-50
3478 0.009358148002488331
3479 2.998249420580024e-09
3480 1.103336893190493e-05
3481 1.183046771590192e-34
3482 7.517629864724167e-09
3483 1.1247948146182719e-25
3484 1.6205025391241302e-08
3485 2.2089974352559123e-16
3486 0.028964248090796674
3487 3.271912799282666e-10
3488 2.2929173841682245e-15
3489 2.904334291254651e-22
3490 0.042642670927631084
3491 1.485918817806337e-14
3492 0.0017918875126293542
3493 2.3008592211003852e-09
3494 5.0690585702091094e-11
3495 0.0004195720611017353
3496 2.3574484285574243e-05
3497 8.475374876483057e-25
3498 1.4584488890242534e-38
3499 1.7103994923002514e-06
3500 0.016811839234952497
3501 6.387349339029906e-22
3502 3.7694570589274136e-09
3503 9.8043230748638e-36
3504 4.406232924364564e-27
3505 4.949249765997152e-06
3506 0.00527305119547354
3507 4.9246441160779204e-11
3508 3.766253021744511e-11
3509 2.0390960239992553e-11
3510 9.141996160089755e-24
3511 6.5518428934457625e-09
3512 0.0013578604539429447
3513 0.013525896823927032
3514 1.1742876516004197e-21
3515 2.1355270105211922e-16
3516 4.7306067703001775e-33
3517 0.00025813313911627174
3518 4.0396693198743533e-32
3519 5.626690708250518e-14
3520 2.1935234509513818e-33
3521 7.776370702250321e-07
3522 4.7470132493217404e-35
3523 8.241360941090658e-31
3524 2.3239232258511943e-46
3525 0.0005413363511455023
3526 0.001677659834076458
3527 7.03002115859995e-49
3528 1.6700371177623262e-48
3529 5.50730179693311e-09
3530 1.1435054279021441e-41
3531 5.095613954978552e-09
3532 1.5292011749011596e-11
3533 2.700652096802942e-06
